# callgrind format
version: 1
creator: callgrind-3.18.1
pid: 412140
cmd:  ./first
part: 1


desc: I1 cache: 
desc: D1 cache: 
desc: LL cache: 

desc: Timerange: Basic block 0 - 8598926739
desc: Trigger: Program termination

positions: line
events: Ir
summary: 50984113094


ob=(2) ???
fl=(51) ???
fn=(160) 0x0000000004002080
0 2
cob=(1) /usr/lib/x86_64-linux-gnu/ld-linux-x86-64.so.2
cfi=(52) ./elf/./elf/dl-error-skeleton.c
cfn=(162) _dl_catch_error
calls=1 225 
0 2782

fn=(572) 0x00000000001091a0
0 764422
cob=(3) /usr/lib/x86_64-linux-gnu/libc.so.6
cfi=(165) ./stdio-common/./stdio-common/isoc99_scanf.c
cfn=(574) __isoc99_scanf
calls=382211 25 
0 389937908

fn=(656) 0x00000000048743e0
0 313182
cob=(3)
cfi=(180) ./string/../sysdeps/x86_64/multiarch/memmove-vec-unaligned-erms.S
cfn=(658) __mempcpy_avx_unaligned_erms
calls=156591 294 
0 2464989

fn=(706) 0x0000000000109180
0 16318
cob=(3)
cfi=(188) ./debug/./debug/printf_chk.c
cfn=(708) __printf_chk
calls=8159 25 
0 10734672

fn=(450) 0x0000000004874650
0 38
cob=(1)
cfi=(10) ./elf/./elf/dl-tunables.c
cfn=(24) __tunable_get_val
calls=19 405 
0 391
cob=(1)
cfi=(141) ./elf/../sysdeps/x86_64/dl-trampoline.h
cfn=(456) _dl_runtime_resolve_xsave
calls=1 67 
0 813
0 5

fn=(500) 0x00000000048745f0
0 2
cob=(3)
cfi=(148) ./string/../sysdeps/x86_64/multiarch/strrchr-avx2.S
cfn=(502) __strrchr_avx2
calls=1 46 
0 34

fn=(596) 0x0000000004874380
0 4
cob=(3)
cfi=(158) ./malloc/./malloc/malloc.c
cfn=(598) malloc
calls=2 3287 
0 370

fn=(682) 0x0000000000109100
0 38890
cob=(3)
cfi=(158)
cfn=(684) free
calls=19445 3352 
0 1958833

fn=(568) 0x0000000004874670
0 4
cob=(3)
cfi=(164) ./string/../sysdeps/x86_64/multiarch/memset-vec-unaligned-erms.S
cfn=(570) __memset_avx2_unaligned_erms
calls=2 181 
0 8050

fn=(634) 0x0000000004874620
0 344730
cob=(3)
cfi=(180)
cfn=(636) __memcpy_avx_unaligned_erms
calls=172365 307 
0 2109977

fn=(164) 0x0000000004002050
0 6
cob=(1)
cfi=(52)
cfn=(166) _dl_catch_exception
calls=3 175 
0 9596

fn=(638) 0x00000000001091b0
0 967858
cob=(3)
cfi=(181) ./libio/./libio/getc.c
cfn=(640) getc
calls=483929 34 
0 9206735

fn=(712) 0x00000000048744d0
0 65272
cob=(3)
cfi=(190) ./string/../sysdeps/x86_64/multiarch/strchr-avx2.S
cfn=(714) __strchrnul_avx2
calls=32636 51 
0 620084

fn=(516) 0x0000000000109000
0 7

fn=(622) 0x0000000000109160
0 548494
cob=(3)
cfi=(158)
cfn=(598)
calls=274247 3287 
0 48573913

fn=(626) 0x0000000000109170
0 344730
cob=(3)
cfi=(178) ./debug/./debug/strcpy_chk.c
cfn=(628) __strcpy_chk
calls=172365 27 
0 8315117

fn=(630) 0x0000000004874490
0 576408
cob=(3)
cfi=(179) ./string/../sysdeps/x86_64/multiarch/strlen-avx2.S
cfn=(632) __strlen_avx2
calls=288204 50 
0 4035083

fn=(478) 0x000000000483f000
0 6
cob=(4) /usr/libexec/valgrind/vgpreload_core-amd64-linux.so
cfi=(145) ???
cfn=(482) 0x0000000000001170
calls=1 0 
0 12
0 1
cob=(4)
cfi=(145)
cfn=(490) 0x00000000000012f0
calls=1 0 
0 5
0 2

fn=(642) 0x0000000000109120
0 215360
cob=(3)
cfi=(182) ./libio/./libio/ioputs.c
cfn=(644) puts
calls=107680 33 
0 16534519

fn=(526) 0x00000000048746d0
0 2
cob=(1)
cfi=(49) ./elf/./elf/dl-audit.c
cfn=(530) _dl_audit_preinit
calls=1 117 
0 5
cob=(1)
cfi=(141)
cfn=(456)
calls=1 67 
0 824
0 5

fn=(542) 0x0000000000109140
0 4
cob=(3)
cfi=(158)
cfn=(544) calloc
calls=2 3624 
0 10101

fn=(660) 0x0000000000109150
0 1443071330
cob=(3)
cfi=(184) ./string/../sysdeps/x86_64/multiarch/strcmp-avx2.S
cfn=(662) __strcmp_avx2
calls=721535665 83 
0 16564460478

ob=(3)
fl=(83) ./string/../sysdeps/x86_64/multiarch/strnlen.c
fn=(294) strnlen
31 2
fi=(84) ./string/../sysdeps/x86_64/multiarch/ifunc-avx2.h
+2 10
-1 4
+2 6
+2 4
+4 6
+3 8
fe=(83)
-12 2

fl=(137) ./ctype/./ctype/ctype-info.c
fn=(442) __ctype_init
29 1
+2 7
+2 4
+2 4
+1 1

fl=(98) ./string/../sysdeps/x86_64/multiarch/memmove.c
fn=(328) memmove
29 2
fi=(93) ./string/../sysdeps/x86_64/multiarch/ifunc-memmove.h
+24 6
-1 4
+4 6
+14 4
+2 4
+8 4
+8 4
+2 10
fe=(98)

fl=(112) ./wcsmbs/../sysdeps/x86_64/multiarch/wmemset.c
fn=(362) wmemset
31 2
fi=(113) ./wcsmbs/../sysdeps/x86_64/multiarch/ifunc-wmemset.h
+2 10
+1 6
+2 4
+8 6
+3 8
fe=(112)
-16 2

fl=(117) ./string/../sysdeps/x86_64/multiarch/strcasecmp_l.c
fn=(378) strcasecmp_l
31 1
fi=(193) ./string/../sysdeps/x86_64/multiarch/ifunc-strcasecmp.h
+1 5
fe=(117)
-1 1

fl=(191) ./stdio-common/./stdio-common/_itoa.c
fn=(716) _itoa_word
163 32636
+3 65272
+2 32636
+9 654250
+9 32636

fl=(159) ./malloc/./malloc/arena.c
fn=(548) ptmalloc_init.part.0
313 1
fi=(158)
3162 3
fe=(159)
313 5
+5 1
fi=(158)
3162 2
cfi=(160) ./stdlib/../sysdeps/unix/sysv/linux/getrandom.c
cfn=(550) getrandom
calls=1 28 
* 9
* 2
fe=(159)
343 2
+4 3
fi=(158)
1966 4
+3 1
-3 1
+3 2
-3 2
+3 126
-3 126
+3 252
-3 252
fe=(159)
352 3
fi=(158)
1977 1
+1 1
+2 1
fe=(159)
352 1
cob=(2)
cfi=(51)
cfn=(450)
calls=1 0 
* 23
+1 4
cob=(2)
cfi=(51)
cfn=(450)
calls=1 0 
* 22
+1 4
cob=(2)
cfi=(51)
cfn=(450)
calls=1 0 
* 23
+1 4
cob=(2)
cfi=(51)
cfn=(450)
calls=1 0 
* 23
+1 4
cob=(2)
cfi=(51)
cfn=(450)
calls=1 0 
* 22
+1 4
cob=(2)
cfi=(51)
cfn=(450)
calls=1 0 
* 23
+1 4
cob=(2)
cfi=(51)
cfn=(450)
calls=1 0 
* 23
+2 4
cob=(2)
cfi=(51)
cfn=(450)
calls=1 0 
* 23
+1 4
cob=(2)
cfi=(51)
cfn=(450)
calls=1 0 
* 23
+1 4
cob=(2)
cfi=(51)
cfn=(450)
calls=1 0 
* 23
+3 4
cob=(2)
cfi=(51)
cfn=(450)
calls=1 0 
* 23
+1 4
cob=(2)
cfi=(51)
cfn=(450)
calls=1 0 
* 23
+1 2
+63 7

fl=(92) ./string/../sysdeps/x86_64/multiarch/memcpy.c
fn=(314) memcpy@@GLIBC_2.14
29 1
fi=(93)
+24 3
-1 2
+4 3
+14 2
+2 2
+8 2
+8 2
+2 5
fe=(92)

fl=(104) ./string/../sysdeps/x86_64/multiarch/strncmp.c
fn=(344) strncmp
66 1
-25 4
+1 3
+2 2
+5 3
+3 3
+14 1

fl=(163) ./misc/../sysdeps/unix/sysv/linux/brk.c
fn=(566) brk
35 538
+1 2152
+1 1076
+6 63
+1 63
-5 950
+1 950

fl=(175) ./stdlib/../stdlib/strtol_l.c
fn=(614) ____strtol_l_internal
225 812190
+54 270730
-54 1082920
+19 270730
-19 812190
+14 270730
-14 270730
+26 541460
+31 1082920
+9 1624380
+2 541460
+5 541460
-1 270730
+6 541460
+4 541460
+10 541460
+10 1082920
-82 541460
377 270730
+56 1082920
309 270730
449 270730
+10 812190
-10 270730
+10 270730
+12 541460
-5 711865
+5 711865
+1 2135595
-41 1423730
+2 2306000
+2 2135595
+28 2135595
+3 1423730
+11 541460
+5 812190
+1 270730
+5 541460
324 541460
491 812190
-2 541460
+17 1353650
+18 2165840

fl=(114) ./string/../sysdeps/x86_64/multiarch/memrchr.c
fn=(366) memrchr
29 1
fi=(84)
+4 5
-1 2
+2 3
+2 2
+4 3
+3 4
fe=(114)
-14 1

fl=(152) ./stdlib/./stdlib/cxa_atexit.c
fn=(512) __cxa_atexit
69 9
-28 2
+2 6
+1 2
cfn=(514) __new_exitfn
calls=1 +38 
* 32
+2 2
+10 1
+2 1
-5 3
+3 1
-1 1
+4 2
+1 1
-1 2
+12 6

fn=(514)
82 1
+6 2
-6 4
+11 4
-10 2
+12 4
-2 1
+10 1
-10 3
+45 1
+5 1
-4 1
+4 4
-18 1
-1 1
+1 1

fl=(165)
fn=(574)
25 4968743
+4 382211
+1 764422
-1 764422
+1 382211
-1 382211
+1 382211
-1 382211
+1 382211
-1 382211
+1 382211
cfi=(166) ./stdio-common/./stdio-common/vfscanf-internal.c
cfn=(576) __vfscanf_internal
calls=382211 278 
* 378471578
+4 1911055

fl=(126) ./string/../sysdeps/x86_64/multiarch/mempcpy.c
fn=(402) mempcpy
33 1
fi=(93)
+20 3
-1 2
+4 3
+14 2
+2 2
+8 2
+8 2
+2 5
fe=(126)

fl=(190)
fn=(714)
51 32636
+2 32636
+1 32636
+1 32636
+1 32636
+1 32636
+3 32636
+1 32636
+4 32636
+1 32636
+1 32636
+1 32636
+1 32636
+1 32636
+1 32636
+1 32636
+6 32636
+1 65272

fl=(86) ./string/../sysdeps/x86_64/multiarch/strcmp.c
fn=(300) strcmp
65 2
-24 4
+1 2
-1 4
+1 4
+2 4
+5 6
+3 6
+13 2

fl=(115) ./string/../sysdeps/x86_64/multiarch/strchrnul.c
fn=(370) strchrnul
31 1
fi=(84)
+2 5
-1 2
+2 3
+2 2
+4 3
+3 4
fe=(115)
-12 1

fl=(147) ./misc/./misc/init-misc.c
fn=(498) __init_misc
30 1
+1 2
-1 4
+1 3
+2 3
cob=(2)
cfi=(51)
cfn=(500)
calls=1 -33 
* 36
+4 5
+1 3
+2 4

fl=(170) ./libio/./libio/filedoalloc.c
fn=(588) _IO_file_doallocate
78 18
+6 8
fi=(183) ./libio/./libio/libioP.h
940 6
+2 4
+1 4
fe=(170)
84 6
cfi=(169) ./libio/./libio/fileops.c
cfn=(590) _IO_file_stat
calls=2 1146 
* 36
* 4
+2 8
+11 8
+4 4
cob=(2)
cfi=(51)
cfn=(596)
calls=2 0 
* 374
* 2
+1 4
+2 8
cfi=(168) ./libio/./libio/genops.c
cfn=(602) _IO_setb
calls=2 329 
* 48
+1 2
+1 16

fl=(169)
fn=(648) _IO_file_overflow@@GLIBC_2.2.5
731 1495
+1 1196
+7 1493
+37 298
-2 598
+3 40
+3 60
+1 60
+1 40
+4 20
+1 80
-45 2
+12 2
+9 3
+5 3
+2 2
-3 2
+3 1
+1 1
-6 1
+1 1
+5 4
+16 279
-12 279
+1 279
+11 558
-12 279
cfn=(650) _IO_do_write@@GLIBC_2.2.5
calls=279 423 
* 30585
+3 60
+2 40
-2 60
cfn=(650)
calls=20 423 
* 2200
* 40
-34 2
cfi=(168)
cfn=(586) _IO_doallocbuf
calls=1 343 
* 306
+1 1
+9 1
-9 5

fn=(590)
1146 2
+1 4
cfi=(171) ./io/../sysdeps/unix/sysv/linux/fstat64.c
cfn=(592) fstat
calls=2 29 
* 30

fn=(646) _IO_file_xsputn@@GLIBC_2.2.5
1197 823965
+7 164793
-7 494379
+6 642854
+9 313268
-2 626536
+17 469902
+1 156591
+3 469773
+2 156591
+2 156591
+2 313182
-2 156591
+1 156591
+1 156591
-2 156591
cob=(2)
cfi=(51)
cfn=(656)
calls=156591 0 
* 2778171
* 156591
+4 313182
+28 1483137
-36 43
+12 43
fi=(183)
940 129
+2 86
+1 86
fe=(169)
1243 236
fi=(183)
940 708
+2 472
+1 472
fe=(169)
1243 837
cfn=(648)
calls=279 731 
* 37336
* 558
+6 558
+1 1953
+2 558
+11 837
+1 1116
cfi=(168)
cfn=(652) _IO_default_xsputn
calls=279 371 
* 20662
+2 837

fn=(584) _IO_file_underflow@@GLIBC_2.2.5
461 1450
+4 4350
-4 11600
+7 2900
+6 4350
+3 2900
+12 2898
+9 2900
fi=(183)
940 1450
+2 1450
-2 1450
fe=(169)
505 2900
cfi=(168)
cfn=(604) _IO_switch_to_get_mode
calls=1450 164 
* 36250
+6 1450
+5 1450
-5 1450
fi=(183)
942 2900
fe=(169)
511 1450
fi=(183)
942 1450
fe=(169)
511 4350
fi=(183)
943 2900
fe=(169)
516 5800
cfn=(606) _IO_file_read
calls=1450 1130 
* 20300
+2 2900
+16 1450
-9 1450
+9 2900
+2 2900
+1 11600
-57 3
+5 2
cfi=(168)
cfn=(586)
calls=1 343 
* 306
+4 4

fn=(606)
1130 1450
+1 1450
+2 1450
-1 1450
+1 2900
cfi=(173) ./io/../sysdeps/unix/sysv/linux/read.c
cfn=(608) read
calls=1450 25 
* 11600

fn=(650)
423 299
+2 897
+1 1
-3 298
fi=(183)
940 298
fe=(169)
423 596
fi=(183)
940 298
fe=(169)
423 298
fi=(183)
940 596
fe=(169)
423 1490
+20 298
-10 596
+7 1192
fi=(183)
942 596
+1 596
fe=(169)
448 1192
cfn=(696) _IO_file_write@@GLIBC_2.2.5
calls=298 1173 
* 13708
* 298
+1 1490
+2 298
+4 596
-3 596
-1 596
+4 894
-2 298
-28 1192
+1 2384
+28 894

fn=(696)
1173 2086
+2 1788
+5 298
cfi=(187) ./io/../sysdeps/unix/sysv/linux/write.c
cfn=(698) write
calls=298 25 
* 2682
+1 596
+5 298
+1 298
-12 596
+4 894
+1 596
+10 894
+3 1788
-4 894

fl=(108) ./string/../sysdeps/x86_64/multiarch/strcat.c
fn=(352) strcat
29 1
fi=(101) ./string/../sysdeps/x86_64/multiarch/ifunc-strcpy.h
+7 2
+1 1
-1 2
+1 2
+2 2
+4 3
+3 3
fe=(108)
-17 1

fl=(146) ./csu/./csu/init-first.c
fn=(496) _init_first
46 4
+5 2
+4 5
+8 1
-2 1
+10 1
-9 1
+1 1
+9 2
-1 1
cfi=(147)
cfn=(498)
calls=1 -41 
* 61

fl=(136) ./elf/./elf/libc_early_init.c
fn=(440) __libc_early_init
33 7
+2 1
cfi=(137)
cfn=(442)
calls=1 -6 
* 17
+3 1
fi=(139) ./elf/../sysdeps/nptl/pthread_early_init.h
-5 2
fe=(136)
+8 1
-3 1
fi=(139)
-5 1
cfi=(138) ./resource/../sysdeps/unix/sysv/linux/getrlimit64.c
cfn=(444) getrlimit
calls=1 +5 
* 10
* 3
+1 6
+11 1
fi=(194) ./elf/../nptl/nptl-stack.h
+13 3
fi=(139)
-13 1
fi=(194)
+13 2
fi=(139)
-4 1
fi=(194)
+4 2
fi=(139)
-6 1
fi=(194)
+6 1
fi=(139)
-12 1
+6 6
+1 1
+4 1
cfi=(140) ./nptl/./nptl/pthread_mutex_conf.c
cfn=(448) __pthread_tunables_init
calls=1 -7 
* 884
fe=(136)
-10 3
+2 2
-2 1
cfi=(143) ./nptl/../sysdeps/unix/sysv/linux/x86/elision-conf.c
cfn=(462) __lll_elision_init
calls=1 +49 
* 147

fl=(81) ./string/../sysdeps/x86/cacheinfo.c
fn=(290) __x86_cacheinfo
86 1
fi=(82) ./string/../sysdeps/x86/cacheinfo.h
-25 1
+3 3
+2 1
+1 1
-1 2
+7 3
+2 1
+1 1
-1 2
+5 2
+2 2
+1 2
+1 2
+2 2
fe=(81)
* 2

fl=(187)
fn=(698)
25 298
+1 2086
+1 298

fl=(148)
fn=(502)
46 1
+1 1
+1 1
+2 1
+1 1
+3 1
+1 1
+1 1
+33 1
+1 1
+1 1
+1 1
+1 1
+1 1
+1 1
+1 1
+1 1
+1 1
+3 1
+1 1
+9 1
+1 1
+98 1
+1 1
+8 1
+1 1
+1 1
+1 1
+1 1
+2 1
+1 1
+1 1
+1 2

fl=(156) ./setjmp/./setjmp/sigjmp.c
fn=(538) __sigjmp_save
28 3
+2 2
-1 1
+5 3

fl=(109) ./string/../sysdeps/x86_64/multiarch/strncase_l.c
fn=(356) strncasecmp_l
31 1
fi=(193)
+1 5
fe=(109)
-1 1

fl=(189) ./stdio-common/./stdio-common/vfprintf-internal.c
fn=(710) __vfprintf_internal
1180 97908
+30 40795
+8 24477
+4 40795
+11 16318
+11 8159
fi=(195) ./stdio-common/./stdio-common/printf-parse.h
111 16318
fe=(189)
1244 40795
fi=(195)
111 8159
cob=(2)
cfi=(51)
cfn=(712)
calls=8159 0 
* 171339
fe=(189)
1259 8159
fi=(195)
111 8159
fe=(189)
1259 24477
239 8159
fi=(196) ./stdio-common/../libio/libioP.h
940 8159
fe=(189)
1263 8159
fi=(196)
942 8159
-2 8159
fe=(189)
1263 8159
fi=(196)
940 16318
+2 16318
+1 16318
fe=(189)
239 32636
cfi=(169)
cfn=(646)
calls=8159 1197 
* 163180
* 16318
127 73431
1263 16318
+4 24477
+4 65272
1532 8159
1214 8159
+34 8159
-8 8159
1532 24477
+23 8159
-39 8159
+39 8159
-39 8159
+39 16318
1313 367155
+39 24477
-51 24477
-1 24477
-1 24477
-1 24477
+5 24477
1501 24477
fi=(195)
88 24477
fe=(189)
1352 24477
-46 24477
-4 24477
+50 24477
1501 24477
1295 24477
-1 24477
-1 24477
-1 24477
-1 24477
+16 48954
1608 16318
+1 16318
+3 97908
-4 73431
1218 16318
+41 32636
cfi=(167) ./nptl/./nptl/libc-cleanup.c
cfn=(578) __libc_cleanup_push_defer
calls=8159 24 
* 81590
+1 106067
-1 16318
1609 16318
cfi=(167)
cfn=(616) __libc_cleanup_pop_restore
calls=8159 39 
* 65272
+2 8159
-47 8159
-47 179498
-1 212134
cfi=(191)
cfn=(716)
calls=16318 163 
* 817430
* 505858
192 32636
+47 16318
fi=(196)
942 48954
+1 32636
fe=(189)
239 65272
cfi=(169)
cfn=(646)
calls=16318 1197 
* 1074265
* 32636
127 269247
1517 48954
-54 16318
+53 32636
+73 24477
fi=(195)
111 24477
fe=(189)
1583 24477
fi=(195)
111 48954
cob=(2)
cfi=(51)
cfn=(712)
calls=24477 0 
* 514017
fe=(189)
239 24477
fi=(196)
942 24477
fe=(189)
1593 24477
fi=(195)
111 24477
fi=(196)
942 24477
fe=(189)
1593 24477
fi=(196)
942 24477
+1 48954
fe=(189)
239 97908
cfi=(169)
cfn=(646)
calls=24477 1197 
* 1617422
* 48954
127 318201
1593 48954
+2 57113
-79 326360
192 32636
1392 32636
1516 130544
+1 16318
cob=(2)
cfi=(51)
cfn=(630)
calls=8159 0 
* 130771
* 16318
-1 163180
239 8159
fi=(196)
942 24477
+1 16318
fe=(189)
239 32636
cfi=(169)
cfn=(646)
calls=8159 1197 
* 518630
* 16318
127 48954
1516 32636

fl=(192) ./misc/../sysdeps/unix/sysv/linux/mmap64.c
fn=(724) mmap
47 950
+3 950
+8 1900
+2 475

fl=(161) ./malloc/./malloc/morecore.c
fn=(562) __glibc_morecore
25 538
+1 1076
-1 538
+4 538
cfi=(162) ./misc/./misc/sbrk.c
cfn=(564) sbrk
calls=538 +8 
* 19716
+1 1076
+4 126
-7 475
+7 950

fl=(143)
fn=(462)
96 2
+5 1
-5 1
+5 1
-5 3
+5 3
cob=(2)
cfi=(51)
cfn=(450)
calls=1 0 
* 22
+2 4
cob=(2)
cfi=(51)
cfn=(450)
calls=1 0 
* 22
+2 4
cob=(2)
cfi=(51)
cfn=(450)
calls=1 0 
* 22
+2 4
cob=(2)
cfi=(51)
cfn=(450)
calls=1 0 
* 22
+2 4
cob=(2)
cfi=(51)
cfn=(450)
calls=1 0 
* 22
+4 3
+1 1
+1 6

fl=(140)
fn=(448)
50 2
+1 2
-1 4
+1 3
cob=(2)
cfi=(51)
cfn=(450)
calls=1 -51 
* 840
+2 4
cob=(2)
cfi=(51)
cfn=(450)
calls=1 -53 
* 23
+2 6

fl=(182)
fn=(644)
33 861440
+2 107680
cob=(2)
cfi=(51)
cfn=(630)
calls=107680 -35 
* 1722880
+1 107680
-1 107680
+1 1292160
+3 107680
-3 107680
+3 107680
-3 107680
+3 215360
-1 215358
+1 1
+1 1
fi=(183)
940 3
+2 2
+1 2
fe=(182)
40 107679
fi=(183)
940 323037
+2 215358
+1 215358
fe=(182)
40 323040
cfi=(169)
cfn=(646)
calls=107680 1197 
* 6839900
* 215360
+1 753700
+1 430640
fi=(183)
883 215320
fe=(182)
42 80
fi=(183)
883 40
+1 1076800
fe=(182)
46 753760
-5 40
cfi=(168)
cfn=(720) __overflow
calls=20 199 
* 3400
* 40

fl=(167)
fn=(578)
24 390370
+3 780740
+3 1561480
+1 390370
+2 390370
+1 390370

fn=(616)
39 390370
+3 780740
+2 780740
+1 780740
+2 390370

fl=(105) ./string/../sysdeps/x86_64/multiarch/strcasecmp.c
fn=(346) strcasecmp
31 1
fi=(193)
+1 5
fe=(105)
-1 1

fl=(153) ./csu/../sysdeps/nptl/libc_start_call_main.h
fn=(532) (below main)
29 4
+15 1
-15 5
+15 1
cfi=(154) ./setjmp/../sysdeps/x86_64/bsd-_setjmp.S
cfn=(534) _setjmp
calls=1 -16 
* 34
* 1
+2 2
+5 2
+1 2
+3 2
+3 6
cob=(5) /home/colinux/Bakery/first
cfi=(157) /home/colinux/Bakery/first.c
cfn=(540) main
calls=1 657 
* 50983975387

fl=(180)
fn=(636)
307 172365
+1 172365
+6 172365
+1 172365
+42 172365
+1 172365
+2 106909
+1 106909
+2 72
+4 72
+16 72
+1 72
+1 72
+1 72
+1 72
+7 65456
+1 65456
+1 65456
+1 65456
+2 65456
+17 106837
+1 106837
+1 106837
+1 106837
+1 106837

fn=(658)
294 156591
+1 156591
+1 156591
+1 156591
+17 156591
+1 156591
+42 156591
+1 156591
+2 155214
+1 155214
+2 41658
+4 41658
+1 33326
+1 33326
+1 33326
+1 33326
+1 1118
+1 1118
+2 1118
+2 1118
-2 32208
+2 32208
+6 8332
+1 8332
+1 8332
+1 8332
+1 8332
+7 1377
+1 1377
+1 1377
+1 1377
+2 1377
+17 113556
+1 113556
+1 113556
+1 113556
+1 113556

fl=(87) ./wcsmbs/../sysdeps/x86_64/multiarch/wcsnlen.c
fn=(302) wcsnlen
29 1
fi=(88) ./wcsmbs/../sysdeps/x86_64/multiarch/ifunc-wcslen.h
+5 4
-1 2
+2 3
+2 2
+4 3
+3 3
fe=(87)
-15 1

fl=(99) ./wcsmbs/../sysdeps/x86_64/multiarch/wcscmp.c
fn=(332) wcscmp
30 1
fi=(95) ./wcsmbs/../sysdeps/x86_64/multiarch/ifunc-avx2.h
+3 5
-1 2
+2 3
+2 2
+4 3
+3 4
fe=(99)
-13 1

fl=(168)
fn=(586)
343 2
+1 4
-1 6
+3 8
+1 2
fi=(183)
940 6
+2 4
+1 4
fe=(168)
347 4
cfi=(170)
cfn=(588)
calls=2 78 
* 560
* 4
+3 8

fn=(602)
329 18
+1 8
+5 4
-3 2
+3 8
+3 8

fn=(604)
164 7250
+1 4350
+3 4350
+4 2900
+1 2900
+7 1450
-4 1450
+4 1450
-2 2900
+3 1450
+1 5800

fn=(582) _IO_default_uflow
361 2900
fi=(183)
940 2900
fe=(168)
361 1450
fi=(183)
940 1450
fe=(168)
361 2900
+1 1450
fi=(183)
942 2900
+1 2900
fe=(168)
362 2900
cfi=(169)
cfn=(584)
calls=1450 +99 
* 143863
+1 2900
+2 5800
+1 5800

fn=(652)
371 279
+3 558
-3 2232
fi=(183)
940 279
fe=(168)
371 279
fi=(183)
940 279
fe=(168)
371 279
fi=(183)
940 279
fe=(168)
371 558
+18 558
+8 279
+2 558
-20 1116
+2 837
+3 558
+20 279
-29 279
+29 1953
-11 2350
+1 62
-1 62
+1 18
-1 18
+1 12
-1 12
+1 12
-1 12
+1 10
-1 10
+1 4
-1 4
+1 1352
-1 645
+1 440
-1 660
+1 1328
-1 2212

fn=(580) __uflow
299 7250
+1 4350
+5 4350
+3 1450
173 1450
308 2900
+2 2900
+6 2900
+7 1450
fi=(183)
940 4350
+2 2900
+1 2900
fe=(168)
323 1450
+1 1450
-1 1450
+1 2900
-1 1450
cfn=(582)
calls=1450 +38 
* 180113
-23 2900
+21 4350

fn=(610) _IO_sputbackc
635 6529390
+3 3917634
+1 2611756
+9 1305878
+3 5223512
-10 2611756
+1 1305878
+5 1305878

fn=(720)
199 60
+2 60
+2 20
fi=(183)
940 60
+2 40
+1 40
fe=(168)
203 20
+1 40
-1 20
cfi=(169)
cfn=(648)
calls=20 731 
* 3040

fl=(138)
fn=(444)
38 2
+1 7
+1 1

fl=(160)
fn=(550)
28 1
+1 7
+1 1

fl=(128) ./string/../sysdeps/x86_64/multiarch/rawmemchr.c
fn=(408) rawmemchr
31 1
fi=(124) ./string/../sysdeps/x86_64/multiarch/ifunc-evex.h
+4 5
-1 2
+2 3
+5 2
-3 2
+9 3
+3 4
fe=(128)
-19 1

fl=(154)
fn=(534)
28 1
+2 1
+2 1
cfi=(155) ./setjmp/../sysdeps/x86_64/setjmp.S
cfn=(536) __sigsetjmp
calls=1 -2 
* 31

fl=(118) ./string/../sysdeps/x86_64/multiarch/strlen.c
fn=(380) strlen
29 1
fi=(84)
+4 5
-1 2
+2 3
+2 2
+4 3
+3 4
fe=(118)
-14 1

fl=(100) ./string/../sysdeps/x86_64/multiarch/stpncpy.c
fn=(336) stpncpy
31 1
fi=(101)
+5 2
+1 1
-1 2
+1 2
+2 2
+4 3
+3 3
fe=(100)
-15 1

fl=(179)
fn=(632)
50 288204
+13 288204
+1 288204
+1 288204
+3 288204
+2 288204
+1 288204
+3 288136
+1 288136
+8 288136
+1 288136
+1 288136
+5 576272
+26 13
+13 13
+1 13
+1 13
+6 26
+97 13
+6 13
+1 13
+1 13
509 68
+1 68
+1 68
+3 68
+15 68
+1 68
+1 55
+7 110

fl=(166)
fn=(576)
278 4968743
+10 1911055
+1 382211
fi=(176) ./stdio-common/../include/scratch_buffer.h
78 382211
fe=(166)
289 382211
fi=(176)
77 764422
fe=(166)
339 382211
fi=(176)
77 382211
fe=(166)
339 1528844
+6 1146634
+3 1528844
+4 764422
+13 382211
-6 382211
+8 764422
-8 382211
+8 382211
+5 382211
-5 382211
+5 2293266
cfi=(167)
cfn=(578)
calls=382211 24 
* 3822110
* 1146633
+9 382211
-4 382211
+4 1146633
570 382211
284 382211
-1 382211
+10 382211
-11 382211
570 764422
2429 1528844
328 764422
+4 382211
-5 382211
-1 382211
-1 382211
-12 382211
2180 382211
2429 382211
2180 1911055
418 1847334
+24 1847334
+1 1847334
+3 1353640
-65 3694668
3015 1911055
222 1305878
+1 1305878
-1 652939
488 652939
222 652939
488 1305878
222 652939
488 1305878
345 764420
+27 4204321
482 652939
+22 2611756
+25 652939
-4 2611756
+7 6529390
+80 1305878
+5 652939
-1 1305878
+1 1305878
+1 1146633
+3 1958817
+1 5223512
+6 7452870
+3 2484112
-3 1242056
+3 4968580
-3 178
+3 712
-3 2484468
+4 4570573
+1 3264695
+4 1305878
-4 1305878
cfi=(168)
cfn=(610)
calls=652939 +2 
* 12405841
+4 5223512
-9 356
cfi=(168)
cfn=(580)
calls=178 299 
* 29149
* 356
3025 4968743
cfi=(167)
cfn=(616)
calls=382211 39 
* 3057688
fi=(176)
85 1146633
fe=(166)
3029 764422
+17 764422
+6 4586532
442 270728
+6 541456
618 6
1398 2707300
+5 812190
+9 1624380
1733 541460
+9 270730
fi=(176)
113 1082920
fe=(166)
1742 541460
fi=(176)
113 812190
fe=(166)
1740 5083380
260 1423730
1797 711865
260 1423730
+3 2135595
1799 2847460
+2 6406085
-68 1423380
+68 175
-68 350
+2 1965190
+2 1353650
+67 541460
206 270730
1811 541460
214 541460
1812 541460
+28 1624380
cfi=(168)
cfn=(610)
calls=270730 635 
* 5143870
260 812190
+3 812190
1844 541460
1669 270730
206 270730
1862 541460
1669 541460
1861 812190
+1 270730
cfi=(174) ./stdlib/../stdlib/strtol.c
cfn=(612) __strtol_internal
calls=270730 97 
* 37078945
* 270730
+6 812190
+3 1353650
+6 270730
-4 541460
+4 541460
+23 541460
1390 270730
-1 270730
+2 270730
1742 1353650
+59 350
cfi=(168)
cfn=(580)
calls=175 299 
* 28350
* 525
1435 1082920
+3 1082920
637 382209
1017 1911045
+2 1911045
+2 3057672
+10 764418
-10 382209
+10 1146627
+71 382209
-81 2675463
+81 382209
-81 1146627
1144 33226881
1031 8305444
1144 4152722
1031 8307486
1144 1021
1031 2042
1144 3771534
-45 8307486
+3 4153743
-1 8307486
+1 8307486
-1 8307486
+43 4084
cfi=(168)
cfn=(580)
calls=1021 299 
* 165402
* 5105
2943 764418
+40 1146627
+2 764418
+8 764418
-10 382209
+8 764418
1813 166226
+1 166226
+65 541460
+17 2707300
2048 1911045
1033 1146627
cfi=(168)
cfn=(610)
calls=382209 635 
* 7261971
+1 382209
1881 541460
+1 812190
1019 5350926

fl=(127) ./string/../sysdeps/x86_64/multiarch/strncase.c
fn=(406) strncasecmp
31 1
fi=(193)
+1 5
fe=(127)
-1 1

fl=(102) ./wcsmbs/../sysdeps/x86_64/multiarch/wmemchr.c
fn=(340) wmemchr
31 2
fi=(103) ./wcsmbs/../sysdeps/x86_64/multiarch/ifunc-evex.h
+4 10
-1 4
+2 6
+5 4
-3 4
+9 6
+3 8
fe=(102)
-19 2

fl=(172) ./io/../sysdeps/unix/sysv/linux/fstatat64.c
fn=(594) fstatat
153 4
-55 4
+70 6
+1 2

fl=(171)
fn=(592)
29 4
+1 4
+5 6
cfi=(172)
cfn=(594)
calls=2 153 
* 16

fl=(91) ./wcsmbs/../sysdeps/x86_64/multiarch/wcslen.c
fn=(310) wcslen
29 1
fi=(88)
+5 4
-1 2
+2 3
+2 2
+4 3
+3 3
fe=(91)
-15 1

fl=(106) ./string/../sysdeps/x86_64/multiarch/strcspn.c
fn=(348) strcspn
29 1
fi=(197) ./string/../sysdeps/x86_64/multiarch/ifunc-sse4_2.h
+1 5
fe=(106)
-1 1

fl=(125) ./string/../sysdeps/x86_64/multiarch/strspn.c
fn=(400) strspn
29 1
fi=(197)
+1 5
fe=(125)
-1 1

fl=(151) ./csu/../csu/libc-start.c
fn=(510) __libc_start_main@@GLIBC_2.34
242 12
343 3
+1 3
cfi=(152)
cfn=(512)
calls=1 69 
* 71
+25 6
+6 2
-3 2
+10 2
cob=(2)
cfi=(51)
cfn=(526)
calls=1 0 
* 836
+2 2
+8 4
cfi=(153)
cfn=(532)
calls=1 29 
* 50983975447
128 2
+6 3
+1 6
cob=(2)
cfi=(51)
cfn=(516)
calls=1 0 
* 7
* 1
+3 1
+1 2
+3 2
+1 2
-1 1
+2 7
+1 4
cob=(5)
cfi=(150) ???
cfn=(520) 0x0000000000001600
calls=1 0 
* 12
-1 4

fl=(178)
fn=(628)
27 517095
+1 172365
-1 689460
+1 172365
cob=(2)
cfi=(51)
cfn=(630)
calls=172365 -28 
* 2757840
+1 344730
+4 172365
-1 344730
+1 172365
-1 172365
+1 172365
-1 172365
cob=(2)
cfi=(51)
cfn=(634)
calls=172365 -32 
* 2454707

fl=(119) ./string/../sysdeps/x86_64/multiarch/strncpy.c
fn=(384) strncpy
29 1
fi=(101)
+7 2
+1 1
-1 2
+1 2
+2 2
+4 3
+3 3
fe=(119)
-17 1

fl=(184)
fn=(662)
83 721535665
+23 721535665
+1 721535665
+2 721535665
+1 721535665
+1 721535665
+1 721535665
+1 721535665
+2 554709599
+1 554709599
+1 554709599
+1 554709599
+1 554709599
+1 554709599
+1 554709599
+1 554709599
+18 554709599
+1 554709599
+1 554709599
+3 1109419198
656 10129254
+2 10129254
+1 10129254
+1 10129254
+1 10129254
+9 10129254
+1 10129254
+3 10129254
+1 10129254
+3 3678501
+4 7357002
+36 158184828
+1 158184828
+4 158184828
+11 158184828
+1 158184828
+1 158184828
+2 316369656
+10 166826066
+1 166826066
+2 73957422
+1 73957422
+1 73957422
+1 73957422
+1 73957422
+1 73957422
+1 73957422
+15 92868644
+1 92868644
+1 15420474
+1 15420474
+1 15420474
+1 15420474
+1 15420474
+1 15420474
+1 15420474
+2 4188690
+2 4188690
+13 4188690
+1 4188690
-1 77448170
+1 77448170
+1 77601421
+1 77601421
+1 77601421
+1 77601421
+1 77601421
+1 77601421
+2 77601421
+1 77601421
+1 77601421
+2 10464965
+1 10464965
+10 10464965
+1 10464965
-1 4035439
+1 4035439
+1 10464965
+1 10464965
+1 10464965
+1 10464965
+1 10464965
+1 10464965
+2 10464965
+1 10464965
+1 10464965
+2 4605798
+19 4605798
+1 4605798
+2 4605798
+1 4605798
-4 4035439
+1 4035439
+2 4035439
+1 4035439
+1 4962736
+1 9925472

fl=(85) ./string/../sysdeps/x86_64/multiarch/strpbrk.c
fn=(298) strpbrk
29 1
fi=(197)
+1 5
fe=(85)
-1 1

fl=(164)
fn=(570)
181 2
+1 6
+5 2
+1 2
+1 2
+1 2
+69 2
+1 2
+88 2
+1 2
+1 2
+1 8018
+1 2
+1 4

fl=(107) ./wcsmbs/../sysdeps/x86_64/multiarch/wcscpy.c
fn=(350) wcscpy
43 1
-6 5
+6 1

fl=(188)
fn=(708)
25 89749
+7 8159
-4 16318
+4 16318
-4 8159
+5 8159
-1 8159
+1 8159
-5 8159
+4 8159
+1 8159
-1 8159
+1 8159
cfi=(189)
cfn=(710)
calls=8159 1180 
* 10489902
+4 40795

fl=(158)
fn=(554) tcache_init.part.0
3235 3
+9 8
+1 3
cfn=(556) _int_malloc
calls=1 1343 
* 367
* 1
+1 2
+8 4
+7 2
+2 1
+1 2
-1 1
+1 86
+3 4

fn=(558) sysmalloc
2548 4833
+20 2148
+11 1074
+1 1611
+26 537
+1 1611
+1 537
+9 4292
+6 1611
+3 1611
2941 1074
+1 537
+5 1074
+3 1074
+5 1074
-2 537
+2 537
-1 537
+1 537
-3 537
+3 537
+1 537
-1 1611
+1 537
+2 1074
+6 5907
2687 1074
+9 2148
+13 1611
+8 2685
+8 1074
+21 1900
+6 3325
cfn=(722) sysmalloc_mmap_fallback.constprop.0
calls=475 2508 
* 24705
+2 950
-2 475
+2 475
+4 475
+14 1425
-10 950
+2 1074
+2 1611
+6 2144
+1 61
2946 61
2773 183
+2 952
+92 950
-65 475
+84 950
+10 476
-1 476
+1 1428
+1 476
+11 952
+7 950
+1 1425
+8 475
+2 475
+5 950
+2 1900
cfn=(688) _int_free
calls=475 4421 
* 39254
* 475
+8 475
+5 950
fi=(159)
565 537
fe=(158)
2727 537
cfi=(161)
cfn=(562)
calls=537 25 
* 25005
+1 1074
-1 537
+1 537
2028 62
2729 62
2028 62
2729 62
2028 124
2730 537
+3 1074
+33 124
2610 124
2775 2
+40 3
+22 1
+1 1
-1 1
+1 6
+2 2
+1 3
cfi=(161)
cfn=(562)
calls=1 25 
* 28
+12 2
-12 1
+12 1
2028 4
2897 4
2765 2
-36 950
-16 3

fn=(702) unlink_chunk.constprop.0
1626 563
+2 2815
+3 1126
+1 563
-1 1689
+3 2252
+3 563
+1 563
+1 1126
+24 1126

fn=(544)
3624 4
+10 2
-10 8
+10 16
+8 4
+3 6
+2 6
+32 6
cfn=(556)
calls=2 1343 
* 284
+2 10
fi=(159)
162 6
fe=(158)
3681 4
+3 6
+14 4
+11 2
+5 2
-2 4
-3 2
+12 8
-20 8
+31 2
+2 4
+2 4
fi=(159)
315 1
cfn=(548)
calls=1 -2 
* 1128
* 1
fe=(158)
3657 2
+1 6
+7 2
+97 2
-25 4
+25 8
-25 2
cob=(2)
cfi=(51)
cfn=(568)
calls=2 0 
* 8054
3241 4
cfn=(554)
calls=1 -6 
* 484
* 1

fn=(722)
2508 3325
+4 475
-4 950
+7 950
+1 5
+3 950
+5 475
-1 950
+3 3800
cfi=(192)
cfn=(724)
calls=475 47 
* 4275
* 475
+3 950
+4 950
+7 475
+2 475
+2 3325
2028 1900

fn=(556)
1343 514260
3771 257130
1362 257130
3771 2057040
1362 514260
3904 255785
+2 255785
-2 255785
+2 511570
+2 547
+1 1094
+6 547
-4 547
+1 547
+1 547
+2 1094
+7 2188
-1 1094
+1 1094
3181 547
3927 547
3183 547
3927 547
3181 547
3927 8652
+1 5488
+4 2337
+1 2337
+1 4674
3181 2337
3936 2337
3185 2337
3937 2337
3181 2337
+2 11685
-6 2337
+9 2337
-9 2337
+8 2337
+1 2337
1362 514260
3811 514260
4397 514260
3838 514260
+63 509562
+62 140
+1 12
3847 2682
-6 1341
+9 1341
+1 1341
-1 2682
+1 6705
+5 2682
+1 2682
+7 1341
-1 2682
+1 6705
+5 1341
+1 1341
3183 1341
3870 1341
+5 31805
3181 12722
+2 6361
+2 6361
-2 12722
+2 6361
-8 6361
+8 6361
3869 6361
+1 34463
+2 12722
+2 6361
+1 6361
-1 12722
-21 7047
-10 2349
+2 7722
4399 510476
3903 255238
4399 3318094
3983 255238
+1 255238
-1 510476
-1 510476
+2 510476
-1 4
+1 4
-1 8
-1 8
+2 8
-2 765723
+12 255241
-6 255241
+73 1020964
-67 765724
-6 1
+73 4
-67 1587
4158 805
-91 805
+91 1610
-91 805
-74 805
3181 805
4067 805
3181 1610
4025 1610
3183 1610
3997 3220
+1 805
+2 1610
-3 12072
+1 3018
+2 6036
+1 11469
+2 3823
+1 15292
+2 15292
-10 3823
+12 7646
+1 7646
+2 7646
+11 15292
+31 3817
+1 3817
+4 7634
+29 7360
+2 7360
+1 11040
+1 3680
-1 3680
+57 3680
+2 7360
-2 7360
+2 3680
+7 3680
-9 11040
+9 3680
-7 3680
+1 3680
+1 3680
+6 7360
+2 4
+7 3
3994 279
2005 4023
4413 2314170
2005 547
3944 547
2005 1094
4060 137
+1 137
-1 137
+1 274
+5 137
-21 137
+21 137
+1 548
+99 11037
3994 11037
4183 511254
+2 12
+3 4
-3 4
+3 8
+68 511254
+1 255627
+1 255627
-1 255627
+1 255627
+1 511254
+1 766881
+5 511924
+16 338
+2 676
-4 1284
+8 304
+3 608
+2 31
+1 31
+1 31
-2 124
-27 31
3181 137
+2 137
+2 137
-4 137
+2 548
4071 137
3184 137
+1 137
4071 137
-48 1610
+1 562
+5 6
-1 12
+3 6
-1 6
+1 12
+1 6
+1 12
+6 6
+6 6
-6 42
+2 18
+1 6
2005 18
4269 766062
+3 1021400
-3 766050
+3 1021400
-3 510700
+3 766047
+97 255354
+1 510708
+2 510708
+3 768192
+17 3195
+2 1056
cfn=(700) malloc_consolidate
calls=528 4715 
* 218612
+3 528
-1 1584
+1 528
-1 528
3904 764331
4299 819
+3 546
+2 273
+3 546
-3 273
+3 546
cfn=(702)
calls=273 1626 
* 6006
+3 1092
+15 546
-5 273
+5 546
+1 546
+3 273
+1 273
+1 273
+3 546
+1 273
+1 546
+5 2184
+2 819
+1 273
2005 273
4347 273
2005 546
3193 411
+1 274
+2 548
+1 137
+1 137
4174 137
4380 254289
-2 508578
+2 254289
-1 254289
+6 254289
-5 254289
-3 254289
+3 254289
+2 254289
-2 1017156
2005 254289
4382 254289
2005 508578
4407 2148
cfn=(558)
calls=537 2548 
* 171928
* 537
+1 1074
2005 1611

fn=(688)
4421 159360
+10 19920
-10 59760
+10 39840
+6 99600
+1 39840
+4 79680
+8 99600
-1 39840
+1 39840
+29 19920
-20 19920
-6 19920
+6 39840
+20 79680
+14 22960
+11 45920
+2 34440
2012 34440
4527 11480
+1 11480
+4 34440
+2 34440
+4 22960
+2 45920
+1 11480
+19 41922
4702 219120
3181 8440
+4 8440
-4 8440
+2 33760
+1 8440
+1 8440
4482 8440

fn=(684)
3352 19445
+4 38890
-4 19445
+14 19445
-14 38890
+12 19445
+4 19445
-4 19445
+4 38890
+17 58335
fi=(159)
162 58335
fe=(158)
3391 38890
cfn=(688)
calls=19445 4421 
* 1472708
+3 19445
+1 77780

fn=(598)
3287 1645494
+7 548498
1343 548498
+19 1096996
3306 1096996
+3 548498
+10 771381
+28 1285635
1362 274249
3304 822747
+7 822741
3193 34244
+1 34244
+2 17122
+1 17122
-1 51366
+1 17122
+1 17122
3347 85610
-26 1028508
cfn=(556)
calls=257127 1343 
* 36010201
+1 1285635
fi=(159)
162 514254
fe=(158)

fn=(700)
4715 528
+17 528
-17 2112
+28 528
-28 1584
+15 528
+2 528
+13 1056
+1 1056
-1 9504
+1 9504
+62 15840
+1 4224
-31 7544
+4 7254
+2 3627
+1 7254
+1 7254
+2 7254
-4 145
+1 290
+1 290
+2 290
+5 3772
+2 3772
-2 7544
+3 3772
+9 10352
-56 7544
+4 11316
+1 15088
+8 3772
-3 7544
+3 3772
-3 3772
+4 3772
-4 3772
+5 3772
-5 3772
+5 7544
+2 7544
+1 145
+2 145
-1 145
+2 580
+2 870
cfn=(702)
calls=145 1626 
* 3190
* 580
+3 7544
+4 145
+1 435
+16 145
-16 145
cfn=(702)
calls=145 1626 
* 3190
* 435

fl=(120) ./wcsmbs/../sysdeps/x86_64/multiarch/wmemcmp.c
fn=(388) wmemcmp
29 1
fi=(121) ./wcsmbs/../sysdeps/x86_64/multiarch/ifunc-memcmp.h
+5 2
+1 1
-1 2
+1 2
+1 2
+1 3
+2 2
+4 3
+3 3
fe=(120)
-17 1

fl=(149) ./libio/./libio/vtables.c
fn=(504) check_stdfiles_vtables
83 1
+1 4
+1 3
+1 3
+2 1

fl=(162)
fn=(564)
37 1076
+6 538
-6 538
+3 538
-3 1076
+3 538
+3 538
+20 1
+15 315
-20 1076
+1 2
cfi=(163)
cfn=(566)
calls=1 -24 
* 9
* 2
+4 1
-1 1076
+4 2148
+8 537
cfi=(163)
cfn=(566)
calls=537 -39 
* 5783
* 1074
-14 475
+18 2375

fl=(94) ./wcsmbs/../sysdeps/x86_64/multiarch/wcschr.c
fn=(318) wcschr
31 2
fi=(95)
+2 10
-1 4
+2 6
+2 4
+4 6
+3 8
fe=(94)
-12 2

fl=(181)
fn=(640)
34 2903574
+3 967858
+1 2903346
+5 2419569
-5 76
cfi=(168)
cfn=(580)
calls=76 299 
* 12312

fl=(89) ./string/../sysdeps/x86_64/multiarch/memset.c
fn=(306) memset
29 1
fi=(90) ./string/../sysdeps/x86_64/multiarch/ifunc-memset.h
+21 5
+3 3
+7 2
+9 2
+2 2
+10 2
+8 2
+2 5
fe=(89)

fl=(97) ./string/../sysdeps/x86_64/multiarch/strrchr.c
fn=(324) rindex
28 1
fi=(84)
+5 5
-1 2
+2 3
+2 2
+4 3
+3 4
fe=(97)
-15 1

fl=(110) ./string/../sysdeps/x86_64/multiarch/memcmp.c
fn=(358) bcmp
29 1
fi=(111) ./string/../sysdeps/x86_64/multiarch/ifunc-memcmp.h
+5 2
+1 1
-1 2
+1 2
+1 2
+1 3
+2 2
+4 3
+3 3
fe=(110)
-17 1

fl=(122) ./string/../sysdeps/x86_64/multiarch/stpcpy.c
fn=(392) stpcpy
33 1
fi=(101)
+3 2
+1 1
-1 2
+1 2
+2 2
+4 3
+3 3
fe=(122)
-13 1

fl=(155)
fn=(536)
30 1
+2 1
+9 1
+1 2
+1 1
+4 1
+1 1
+1 1
+1 1
+1 1
+2 2
+2 1
+1 1
+1 1
+2 2
+2 1
+5 1
+1 1
+17 1
cfi=(156)
cfn=(538)
calls=1 -56 
* 9

fl=(96) ./string/../sysdeps/x86_64/multiarch/strchr.c
fn=(322) index
61 1
-20 2
+1 1
-1 2
-1 2
+2 2
+2 2
+4 3
+3 3
+10 1

fl=(116) ./string/../sysdeps/x86_64/multiarch/strcpy.c
fn=(374) strcpy
29 1
fi=(101)
+7 2
+1 1
-1 2
+1 2
+2 2
+4 3
+3 3
fe=(116)
-17 1

fl=(174)
fn=(612)
97 270730
+1 812190
cfi=(175)
cfn=(614)
calls=270730 225 
* 35996025

fl=(123) ./string/../sysdeps/x86_64/multiarch/memchr.c
fn=(396) memchr
29 1
fi=(124)
+6 5
-1 2
+2 3
+5 2
-3 2
+9 3
+3 4
fe=(123)
-21 1

fl=(173)
fn=(608)
25 1450
+1 8700
+1 1450

ob=(1)
fl=(68) ./elf/./elf/dl-cache.c
fn=(230) _dl_cache_libcmp
370 9
+1 9
+32 9
-33 18
+1 20
+2 45
+2 45
-2 90
+20 88
+2 88
-12 36
+2 36
+14 36
+1 36
-29 72
+32 3
-28 2
+8 1
-2 2
+1 2
-1 1
+2 3
+2 1
-3 1
+3 3
+2 2
+9 24

fn=(468) _dl_unload_cache
537 1
+1 4
-1 1
+3 2
cfi=(72) ./misc/../sysdeps/unix/syscall-template.S
cfn=(470) munmap
calls=1 117 
* 6
+1 1
+4 1
+2 2

fn=(222) _dl_load_cache_lookup
416 10
+2 2
+3 3
+74 1
208 1
495 2
+3 3
fi=(70) ./elf/../sysdeps/x86/dl-procinfo.h
39 2
+3 3
cfi=(32) ./string/../sysdeps/x86_64/strcmp.S
cfn=(90) strcmp
calls=1 +66 
* 25
* 4
fe=(68)
212 6
cfi=(10)
cfn=(24)
calls=1 405 
* 21
* 1
+16 2
-16 1
+6 2
+10 1
-7 5
+9 3
+1 1
-37 2
+37 1
+4 2
-5 21
+1 7
-37 14
+37 7
+4 14
+4 24
cfn=(230)
calls=8 370 
* 608
+1 16
359 7
+3 2
228 2
360 6
228 15
+2 5
+20 2
+3 2
+2 4
cfn=(230)
calls=1 370 
* 74
* 2
-7 2
-30 2
+1 1
+95 1
-95 1
-1 8
+96 3
-47 2
+10 2
+1 3
fi=(69) ./elf/../sysdeps/generic/dl-cache.h
125 5
fe=(68)
294 2
+9 2
+3 2
+2 3
+1 2
+5 2
+1 4
+7 2
+21 4
513 2
+12 2
cfi=(22) ./string/../sysdeps/x86_64/multiarch/strlen-vec.S
cfn=(60) strlen
calls=1 41 
* 33
* 12
+1 1
-1 1
+1 1
-1 1
+1 1
cfi=(29) ./string/../sysdeps/x86_64/multiarch/memmove-vec-unaligned-erms.S
cfn=(80) memcpy
calls=1 212 
* 11
* 1
+1 1
cfi=(45) ./string/./string/strdup.c
cfn=(140) strdup
calls=1 40 
* 89
+1 8
-3 2
424 4
cfi=(54) ./elf/./elf/dl-misc.c
cfn=(224) _dl_sysdep_read_whole_file
calls=1 36 
* 91
* 1
+8 5
+1 8
+3 4
+1 1
-1 3
fi=(69)
194 1
+1 5
fe=(68)
444 1
+1 2

fl=(16) ./elf/../sysdeps/x86/cpu-features.c
fn=(40) update_active.constprop.0
43 7
+45 1
-41 1
+28 1
-18 1
+31 1
+4 1
-36 1
-1 1
+37 1
-26 1
-11 1
+1 1
+36 2
+1 1
-17 1
-21 1
+25 1
-4 1
-11 1
+28 1
-1 1
-36 1
+18 1
+19 1
-13 1
-4 1
-11 1
+19 1
+11 1
-3 1
-12 1
+14 1
-29 1
+18 1
+9 1
-18 1
+13 1
-13 1
-9 1
+29 2
+3 1
-14 1
-9 1
+9 1
+4 1
+10 1
-17 1
+7 1
+5 1
+5 1
+1 1
-1 1
+1 2
+2 2
+1 4
+3 1
+1 1
-1 1
+1 1
-1 1
+1 1
-1 1
+1 1
+4 2
+4 2
+2 4
+83 3
+12 2
+1 1
+3 3
+4 1
-4 1
+4 1
+67 3
+4 3
fi=(18) ./elf/../sysdeps/x86/get-isa-level.h
31 1
-3 1
+3 1
-1 2
fe=(16)
296 1
+1 8
-75 3
+1 2
+3 1
-1 1
+9 1
-5 1
+2 1
-2 1
+5 1
fi=(18)
32 3
+4 3
fe=(16)
+83 2
+2 1
+3 2
+10 1
+10 1
-10 1
+10 1
-10 1
+6 1
+4 1
-4 1
-6 1
+6 1
+2 1
-2 1
+2 3
+7 4
fi=(18)
39 3
+1 4
+5 1
-7 1
+7 3
+2 1
+1 2
+1 3
+2 4
+1 2
+1 2
+6 1
-4 1
+4 1
-3 2
fe=(16)
+75 1
-5 2
+4 1

fn=(34) init_cpu_features.constprop.0
399 1
+16 1
-16 6
+3 1
+1 1
+1 1
+11 2
+3 6
593 1
+94 5
+1 1
+3 2
+1 1
+6 1
+3 1
fi=(19) ./elf/../sysdeps/x86/dl-cacheinfo.h
+5 1
+2 1
fe=(16)
-9 1
fi=(19)
+23 2
840 1
+46 1
-46 17
+45 2
+25 2
+21 2
-21 2
+13 3
+8 1
-8 1
+8 1
cfi=(10)
cfn=(24)
calls=1 405 
* 21
* 1
+2 2
+3 4
cfi=(10)
cfn=(24)
calls=1 405 
* 21
* 1
+2 1
+3 2
-3 2
+3 1
-3 1
+3 1
cfi=(10)
cfn=(24)
calls=1 405 
* 21
* 1
+1 5
+16 2
-12 5
cfi=(10)
cfn=(24)
calls=1 405 
* 21
* 1
+1 3
+23 1
-17 5
+3 3
-3 1
cfi=(10)
cfn=(24)
calls=1 405 
* 21
+3 3
-3 2
+3 9
cfi=(10)
cfn=(54) __GI___tunable_set_val
calls=1 157 
* 58
+1 9
cfi=(10)
cfn=(54)
calls=1 157 
* 58
+1 10
cfi=(10)
cfn=(54)
calls=1 157 
* 58
+3 8
cfi=(10)
cfn=(54)
calls=1 157 
* 58
+2 8
cfi=(10)
cfn=(54)
calls=1 157 
* 58
+4 1
fe=(16)
706 1
fi=(19)
967 2
fe=(16)
706 2
fi=(19)
967 4
fe=(16)
706 1
cfi=(10)
cfn=(24)
calls=1 405 
* 19
+4 3
+14 1
-1 2
+1 3
+47 1
-1 1
+1 1
+46 4
cfi=(10)
cfn=(24)
calls=1 405 
* 19
+2 4
cfi=(10)
cfn=(24)
calls=1 405 
* 19
fi=(21) ./elf/../sysdeps/unix/sysv/linux/x86/cpu-features.c
27 6
fe=(16)
829 2
+45 8
fi=(19)
+19 11
fe=(16)
775 3
+27 2
-10 2
+1 2
+2 3
+1 2
+2 3
+1 2
fi=(19)
-75 3
cfn=(46) handle_intel.constprop.0
calls=1 255 
* 437
+1 1
-1 2
+1 1
cfn=(46)
calls=1 255 
* 478
+1 1
-1 1
+1 1
cfn=(46)
calls=1 255 
* 503
+3 1
-3 2
+3 1
cfn=(46)
calls=1 255 
* 459
+2 1
-2 1
+2 1
cfn=(46)
calls=1 255 
* 451
+3 1
-2 1
-1 1
+3 1
cfn=(46)
calls=1 255 
* 428
+2 1
-2 1
+2 1
cfn=(46)
calls=1 255 
* 429
+3 1
-2 1
-1 1
+3 1
cfn=(46)
calls=1 255 
* 469
+2 1
-2 1
+2 1
cfn=(46)
calls=1 255 
* 470
+3 1
-3 1
+3 1
cfn=(46)
calls=1 255 
* 494
+2 1
-2 1
+2 1
cfn=(46)
calls=1 255 
* 495
+2 1
-2 1
+2 1
cfn=(46)
calls=1 255 
* 790
+2 3
-2 1
+2 1
cfn=(52) get_common_cache_info.constprop.0
calls=1 481 
* 215
863 15
fe=(16)
424 6
cfn=(36) get_common_indices.constprop.0
calls=1 -99 
* 71
303 3
+1 2
+1 6
+5 2
+1 6
+5 2
+1 6
429 1
cfn=(40)
calls=1 43 
* 194
+2 1
+2 1
+83 1
-85 2
564 2
+7 2
+2 1
+4 2
+6 2
422 2
-3 1
+14 3
+1 4
+69 1
+10 11
+42 1
+1 1
434 11
+55 3

fn=(36)
325 1
+4 4
+3 3
+5 2
-5 1
+5 1
-5 1
+4 1
+1 1
+1 4
+1 4
+1 3
+1 2
+7 2
+2 5
+5 1
-5 1
+5 1
-5 1
+5 1
-5 2
+5 1
+7 1
-7 4
+7 1
+1 3
+6 1
-6 4
+6 1
fi=(17) ./elf/../sysdeps/unix/sysv/linux/x86/dl-minsigstacksize.h
24 2
+3 2
+1 2
+37 3
+7 1
+2 1
fe=(16)
384 2

fl=(14) ./elf/../sysdeps/unix/sysv/linux/brk.c
fn=(28) brk
35 1
+1 3
+1 2
+6 1
+1 1

fl=(43) ./string/../sysdeps/x86_64/memcmp.S
fn=(124) bcmp
22 1
+5 1
+1 1
+1 1
+1 1
+1 1
+1 1
+1 1
+1 1
+3 1
+1 1
+1 1
+1 1
+1 1
+1 1
+1 1
+1 1
+1 1
+2 1
+1 1
+17 1
+1 1
+17 1
+1 1
+1 1
+1 1
+1 1
+4 1
+47 1
+1 1
+1 1
+1 1
+1 1
+1 1
+1 1
+1 1
+1 1
+1 1
+1 1
+1 1
+1 1

fl=(53) ./setjmp/../sysdeps/x86_64/setjmp.S
fn=(168) __sigsetjmp
30 3
+2 3
+9 3
+1 6
+1 3
+4 3
+1 3
+1 3
+1 3
+1 3
+2 6
+2 3
+1 3
+1 3
+2 6
+2 3
+8 3
+3 3
+1 3
+7 3
+1 3

fl=(75) ./elf/./elf/dl-version.c
fn=(254) _dl_check_all_versions
361 6
+4 5
-2 2
+4 24
cfn=(256) _dl_check_map_versions
calls=4 155 
* 3924
-2 4
+2 12
-1 4
-1 8
+5 7

fn=(256)
155 32
+15 4
-15 8
+15 8
+2 20
+2 4
+1 4
-1 4
+1 4
+2 8
+3 4
-16 2
-8 2
+28 2
-4 2
+4 4
+16 2
36 4
200 2
36 10
+1 5
-1 10
+2 21
cfi=(54)
cfn=(174) _dl_name_match_p
calls=7 +30 
* 958
* 14
208 6
+5 2
-71 4
+71 6
+8 2
-2 2
-2 4
+4 2
-4 12
+4 6
-2 6
-2 12
+4 6
-4 61
56 32
+8 24
+6 24
+16 8
+1 16
+2 8
+5 72
+14 150
+12 201
+4 67
-30 134
224 32
+3 24
+5 6
-11 6
110 8
+3 32
cfi=(32)
cfn=(90)
calls=8 -5 
* 246
* 34
236 8
+14 4
+3 8
+10 42
-7 168
+3 126
-3 8
+3 6
+8 6
+6 3
fi=(28) ./elf/../include/rtld-malloc.h
44 3
fe=(75)
273 3
fi=(28)
44 3
cfi=(27) ./elf/./elf/dl-minimal-malloc.c
cfn=(72) __minimal_calloc
calls=3 +34 
* 108
fe=(75)
272 3
fi=(28)
44 3
fe=(75)
274 6
+13 3
-3 3
+3 12
+2 9
+3 8
+4 6
+7 8
+1 8
-1 24
+1 8
+1 8
-2 8
+2 16
+1 24
+3 24
+5 6
-15 6
+2 6
-2 6
+2 6
-2 6
+2 12
-2 2
+2 2
-2 2
+2 2
-2 2
+2 4
+16 6
+39 36
-29 9
+3 8
+4 42
+6 42
+1 42
+1 42
-1 126
+1 42
-1 42
+1 42
+1 42
+3 126
+4 42
-14 88
+10 6
164 2
+86 2
-94 2
+94 3

fl=(67) ./io/../sysdeps/unix/sysv/linux/stat64.c
fn=(220) stat
28 20
+1 40
cfi=(59) ./io/../sysdeps/unix/sysv/linux/fstatat64.c
cfn=(192) fstatat
calls=10 153 
* 98

fl=(38) ./elf/./elf/dl-hwcaps.c
fn=(108) _dl_important_hwcaps
175 5
+1 1
-1 6
+1 1
-1 1
+1 1
-1 1
+1 1
-1 1
+1 2
cfi=(10)
cfn=(24)
calls=1 405 
* 21
* 1
+2 2
+1 3
+26 2
-26 1
+25 1
cfi=(39) ./elf/../sysdeps/x86_64/dl-hwcaps-subdirs.c
cfn=(110) _dl_hwcaps_subdirs_active
calls=1 29 
* 47
fi=(40) ./elf/./dl-hwcaps.h
54 1
fe=(38)
205 1
-1 1
fi=(40)
56 1
+32 1
+1 1
+1 1
fe=(38)
-35 2
cfi=(41) ./elf/./elf/dl-hwcaps_split.c
cfn=(116) _dl_hwcaps_split_masked
calls=1 -4 
* 13
* 2
fi=(40)
-1 1
+2 2
-2 1
+34 2
+1 2
+1 1
fe=(38)
-32 2
-1 2
+1 2
+1 2
-1 2
-3 4
cfi=(41)
cfn=(116)
calls=2 -4 
* 114
* 2
cfi=(41)
cfn=(116)
calls=1 -4 
* 122
* 6
+48 5
fi=(28)
-47 1
cfi=(27)
cfn=(76) __minimal_malloc
calls=1 -21 
* 25
fe=(38)
+47 1
+2 2
+3 2
fi=(40)
-52 1
fe=(38)
+55 1
-3 1
fi=(40)
-54 2
+3 1
fe=(38)
+58 2
cfi=(41)
cfn=(122) _dl_hwcaps_split
calls=1 -90 
* 12
* 2
fi=(40)
-61 1
+2 2
-2 1
+34 2
+1 2
+1 1
fe=(38)
+40 4
+1 2
-1 6
+2 2
+1 2
-2 6
-3 4
cfi=(41)
cfn=(116)
calls=2 -77 
* 114
* 2
cfi=(41)
cfn=(116)
calls=1 -77 
* 122
* 6
+8 2
+9 1
-15 1
+15 2
-15 1
+15 8
+9 2
+4 7
cfi=(43)
cfn=(124)
calls=1 22 
* 41
+1 2
+1 1
+4 1
+1 2
+1 1
-20 2
+19 1
+1 1
-20 2
-1 4
+70 1
+1 1
+4 1
-5 2
+1 4
+4 2
-4 1
+4 4
+1 1
-1 1
+1 2
+1 2
-2 5
+1 1
-1 1
+1 2
+1 2
-2 5
+5 1
+3 2
-3 2
+3 15
+7 1
-7 2
+2 3
+1 4
+2 1
fi=(198) ./elf/../sysdeps/x86/dl-hwcap.h
57 1
fe=(38)
233 2
fi=(198)
57 1
fe=(38)
233 2
fi=(198)
57 1
fe=(38)
233 1
+1 1
cfi=(22)
cfn=(60)
calls=1 41 
* 17
+1 1
+1 1
-6 1
+4 1
+1 1
-5 1
+5 1
+1 1
-1 2
-5 4
+10 3
-2 3
+2 1
+1 1
+1 1
-1 1
+4 4
+1 1
-1 1
+4 2
+4 1
-1 1
+1 4
-1 2
+4 3
+1 3
+19 10
+6 2
fi=(28)
56 1
cfi=(27)
cfn=(76)
calls=1 -21 
* 25
* 1
fe=(38)
283 2
+8 1
fi=(40)
54 1
+2 1
+34 1
-2 2
fe=(38)
-5 1
291 1
fi=(40)
54 1
+35 1
fe=(38)
291 1
fi=(40)
90 1
fe=(38)
-10 2
cfi=(41)
cfn=(116)
calls=1 -29 
* 13
* 2
fi=(40)
-26 2
+2 1
fe=(38)
+27 1
fi=(40)
-29 1
+34 2
+1 2
+1 1
fe=(38)
-8 2
+1 4
+7 2
-7 10
cfi=(29)
cfn=(128) mempcpy
calls=2 199 
* 26
+4 2
+2 2
+2 2
-2 4
-9 4
cfi=(41)
cfn=(116)
calls=2 -29 
* 114
* 2
cfi=(41)
cfn=(116)
calls=1 -29 
* 122
* 6
304 1
+2 1
-2 1
-48 2
+72 1
-72 1
376 2
+13 2
-58 1
+45 1
+13 1
-58 1
-75 1
+82 1
+10 2
-92 1
+88 1
+4 3
-4 1
+3 7
-3 2
-3 1
+3 1
cfi=(29)
cfn=(128)
calls=1 199 
* 18
* 2
-3 1
+3 1
cfi=(29)
cfn=(128)
calls=1 199 
* 18
* 2
+3 2
-3 4
+3 5
+1 12
+1 2
-2 1
+2 1
cfi=(29)
cfn=(128)
calls=1 199 
* 15
* 2
-2 2
+5 8
cfi=(29)
cfn=(128)
calls=2 199 
* 30
* 4
+2 5
+5 6
+1 1
-1 3
+1 7
-1 25
+5 11
+4 1
-1 1
+1 2
-4 12
+4 2
-1 2
+1 13
-1 9
+1 18
+1 24
-1 12
-1 12
+2 24
-1 24
-1 24
+4 9
+3 1
+2 2
-1 1
-1 1
+2 1
-2 1
+2 2
-1 1
+1 2
+2 6
+1 2
+3 2
-6 2
+6 3
+7 8
+1 1
-1 2
+3 2
-3 3
+1 3
-1 6
+3 6
+3 4
-80 2
+86 9
-20 1
+1 2
-6 3
259 2
+1 2
+1 4
-1 3
+12 4
-44 2
+34 4
-2 3

fl=(73) ./malloc/./malloc/scratch_buffer_set_array_size.c
fn=(240) __libc_scratch_buffer_set_array_size
30 20
+4 2
+1 4
+11 2
-1 4
+18 8

fl=(25) ./elf/./elf/dl-environ.c
fn=(68) _dl_next_ld_env_entry
28 3
+1 3
+3 38
+13 28
-13 56
+2 60
+1 18
+5 2
-3 2
+3 2
+2 2
+7 1

fl=(19)
fn=(52)
481 1
+17 1
-17 4
+16 1
-16 1
+15 1
-15 3
+18 1
-1 1
+9 2
+3 3
+11 1
-11 1
-5 1
+21 3
+4 2
681 4
+1 5
+4 2
+9 2
-2 1
+2 2
-1 1
+1 3
535 6
+3 8
+7 2
-7 9
+7 6
+3 26
+14 2
+4 1
+3 1
+1 1
-4 2
+3 3
+6 2
-37 6
+15 2
+4 1
+1 1
-1 2
+18 2
-68 6
+74 4
+8 7
+2 2
+4 3
+2 1
+2 5
-4 1
+16 1
-16 3
+21 2
-21 4
+3 1
+1 4
-4 1
+6 4
+3 2
+5 1
+2 2
+1 1
+1 1
-2 2
+1 1
-19 5
+46 2
+1 1
+1 2
+2 2
-1 3
-23 2
+7 1
+2 2
-16 1
+22 1
-6 2
+1 1
+5 1

fn=(46)
255 24
-5 24
+16 12
-16 72
+13 12
+1 36
-3 24
+11 60
+5 24
+2 12
+1 12
-1 12
+5 48
cfn=(48) intel_check_word.constprop.0
calls=12 123 
* 3876
+2 24
+3 60
cfn=(48)
calls=12 123 
* 1156
+2 24
+3 5
cfn=(48)
calls=1 123 
* 20
+2 2
+3 5
cfn=(48)
calls=1 123 
* 255
+2 2
-35 3
+39 3
+5 96

fn=(48)
123 78
-4 78
+10 104
-10 26
+10 52
+2 52
+71 200
-71 102
+2 63
+2 126
+8 126
+51 102
+22 51
fi=(20) ./elf/../bits/stdlib-bsearch.h
28 51
-1 102
+4 102
+1 51
fe=(19)
+78 102
fi=(20)
-79 76
+1 38
fe=(19)
+78 76
+3 345
fi=(20)
-84 820
+2 512
+1 256
fe=(19)
+78 512
+15 15
246 104
fi=(20)
37 63
-8 151
fe=(19)
155 36
+3 36
-6 54
+3 14
+9 14
+23 19
-32 57
+3 57
+4 50
+2 100
+2 50
+2 36
+4 11
+2 22
+6 14
+3 8
+1 12
-8 4
+2 4
-1 4
-1 4
+2 8
-2 4
+3 12
-2 12
+2 8
-10 24
+1 10
+11 12
-26 4
+9 4
+23 2
-32 6
+3 6
+4 8
+2 16
+2 8
-11 3
+7 6
+2 12

fl=(39)
fn=(110)
29 1
fi=(18)
+2 1
fe=(39)
+7 1
fi=(18)
-7 2
-1 2
fe=(39)
+22 1
fi=(18)
-20 3
+4 1
fe=(39)
+2 1
fi=(18)
-2 2
+3 4
+1 4
+5 1
fe=(39)
-7 1
fi=(18)
+7 3
fe=(39)
-2 1
fi=(18)
+5 2
+1 3
+2 4
+1 2
+1 2
+6 1
fe=(39)
-11 1
fi=(18)
+11 1
-3 2
fe=(39)

fl=(59)
fn=(192)
153 26
-55 26
+70 30
+1 4
-2 18
+1 18

fl=(50) ./string/../sysdeps/x86_64/strcspn.S
fn=(158) strcspn
25 1
+2 1
+7 1
+1 1
+2 1
+1 1
+1 1
+1 1
+1 33
+3 3
+7 1
+1 1
+1 1
+1 1
+2 1
+1 1
+1 1
+1 1
+2 1
+1 1
+1 1
+9 3
+12 1
+2 1
+1 1
+1 1
-4 12
+2 12
+1 12
+1 12
+2 13
+1 13
+1 13
+2 13
+1 13
+1 13
+2 13
+1 13
+1 13
+2 1
+1 1
+1 1
+2 1
+7 1
+4 1

fl=(54)
fn=(224)
36 2
+3 1
-3 6
+3 1
-3 1
+3 1
cfi=(55) ./io/../sysdeps/unix/sysv/linux/open64_nocancel.c
cfn=(178) __open_nocancel
calls=1 -11 
* 19
+1 2
+23 7
-21 4
cfi=(58) ./io/../sysdeps/unix/sysv/linux/fstat64.c
cfn=(190) fstat
calls=1 -13 
* 15
* 2
+2 2
+3 2
+13 2
cfi=(64) ./io/../sysdeps/unix/sysv/linux/close_nocancel.c
cfn=(204) __GI___close_nocancel
calls=1 -35 
* 6
* 1
-11 6
cfi=(60) ./misc/../sysdeps/unix/sysv/linux/mmap64.c
cfn=(194) mmap
calls=1 -2 
* 9
* 2

fn=(174)
68 84
+1 28
cfi=(32)
cfn=(90)
calls=14 +39 
* 635
* 28
+3 14
+2 28
+6 15
-6 30
+1 54
cfi=(32)
cfn=(90)
calls=18 +33 
* 871
* 36
+8 3
-13 3
+13 20
-1 11
+1 33

fl=(1) ???
fn=(0) 0x0000000000020290
0 2
cfi=(2) ./elf/./elf/rtld.c
cfn=(2) _dl_start
calls=1 527 
0 136258
0 14
cfi=(144) ./elf/./elf/dl-init.c
cfn=(474) _dl_init
calls=1 77 
0 361
0 3
cob=(5)
cfi=(150)
cfn=(508) (below main)
calls=1 0 
0 50983976456

fl=(46) ./elf/./elf/dl-debug.c
fn=(152) _dl_debug_state
116 2
+1 2

fn=(146) _dl_debug_initialize
56 1
+3 2
+4 1
-6 1
+4 1
+2 2
+22 2
+5 2
+1 1
+1 1
-1 1
-1 1
+5 2
+4 2
+8 2
-43 2
+32 6

fn=(186) _dl_debug_update
38 3
+3 3
-1 6
+4 6
+4 3

fl=(66) ./elf/./elf/dl-deps.c
fn=(210) _dl_map_object_deps
159 5
+1 3
-1 1
+1 1
-1 2
+1 1
-1 3
+1 1
-1 4
+1 12
-8 1
-7 1
+15 1
-14 1
+6 1
+8 1
-15 1
+7 1
-8 1
+1 1
+7 1
-7 1
+31 3
-28 3
-2 1
+31 1
-33 2
+2 2
+30 2
-30 1
-1 4
+7 4
+24 2
-32 1
+60 1
-60 2
+36 1
fi=(74) ./elf/../include/scratch_buffer.h
77 3
fe=(66)
198 1
fi=(74)
78 1
fe=(66)
200 2
+98 1
198 1
+4 1
+7 1
+4 4
-4 3
+4 12
+11 12
-18 2
+18 4
433 12
+2 2
+3 2
-3 4
+3 2
fi=(28)
56 2
cfi=(27)
cfn=(76)
calls=2 -21 
* 50
* 2
fe=(66)
439 4
+6 2
+1 10
cfi=(29)
cfn=(80)
calls=2 212 
* 22
+1 10
cfi=(29)
cfn=(80)
calls=2 212 
* 22
+4 2
-1 2
+5 16
204 9
458 9
-1 4
+1 8
199 3
+27 10
+5 2
+6 2
-5 2
-1 2
+2 4
+4 8
-31 2
+31 2
+1 6
+6 8
cfi=(31) ./elf/./elf/dl-load.c
cfn=(212) _dl_dst_count
calls=2 -6 
* 108
* 6
+4 4
-2 2
+2 4
cob=(2)
cfi=(51)
cfn=(164)
calls=2 0 
* 6843
+1 4
+9 2
+2 4
+5 10
+6 2
+2 2
-8 4
+3 2
+1 2
+1 2
+1 2
+4 10
+4 6
+1 3
-43 200
+1 96
+44 144
-38 4
fi=(74)
85 3
fe=(66)
464 6
+1 1
+3 4
+11 3
fi=(28)
56 1
cfi=(27)
cfn=(76)
calls=1 -21 
* 25
* 1
fe=(66)
481 2
+5 3
+1 1
-1 2
+4 2
-2 1
+2 1
-2 2
+13 3
+5 3
-16 9
-2 3
+6 3
+7 3
-2 6
-5 1
+7 1
-2 2
+2 2
+5 1
-16 6
+19 2
+52 3
+37 3
+15 1
-11 1
+11 1
-14 2
+20 1
-1 3
+1 3
-1 5
cfi=(12) ./elf/./elf/dl-sort-maps.c
cfn=(246) _dl_sort_maps
calls=1 290 
* 260
+5 1
+3 1
-1 1
+2 2
+7 3
+3 3
+3 8
214 25
+3 2
fi=(74)
-86 6
cfi=(73)
cfn=(240)
calls=2 30 
* 40
fe=(66)
+86 4
+4 6
613 2
cfi=(29)
cfn=(80)
calls=1 212 
* 11
* 1
-53 2
160 2
380 6

fn=(214) openaux
61 6
+7 2
-4 4
+1 2
-1 16
cfi=(31)
cfn=(172) _dl_map_object
calls=2 2022 
* 6685
* 2
+5 4

fl=(8) ./elf/./elf/dl-setup_hash.c
fn=(14) _dl_setup_hash
25 4
+3 4
-3 4
+3 8
+3 12
+1 8
+2 4
-1 4
+3 12
+1 4
+4 4
-3 4
+7 4
-4 4
-3 4
+2 8
+5 4
-5 4
-2 4
+7 4
-5 4
+10 4

fl=(142) ./elf/./elf/dl-runtime.c
fn=(458) _dl_fixup
46 16
+2 10
+1 2
+6 2
fi=(199) ./elf/../sysdeps/x86_64/dl-runtime.h
-27 2
fe=(142)
+21 2
+5 2
+1 2
-6 2
+6 4
+1 2
+2 2
-2 2
+2 2
-2 10
+7 4
+4 4
+4 6
+4 6
+1 8
-7 8
+16 2
-1 2
+1 4
+10 20
cfi=(79) ./elf/./elf/dl-lookup.c
cfn=(280) _dl_lookup_symbol_x
calls=2 840 
* 1363
* 2
+4 10
+10 20
+15 8
+9 6
+26 6
fi=(6) ./elf/../sysdeps/x86_64/dl-machine.h
+70 2
fe=(142)
-66 12

fl=(12)
fn=(246)
290 10
+8 1
-8 1
+8 2
+4 8
-79 2
-37 1
+37 1
-36 4
+1 1
-1 1
+1 1
-1 2
+1 3
-1 3
+1 3
-1 6
+36 15
+8 3
-3 1
+2 1
+1 1
-8 1
+5 1
+3 4
+2 9
+2 4
-90 20
cfn=(248) dfs_traversal.part.0
calls=4 -5 
* 122
+93 8
+18 2
+13 1
+33 1
-26 4
cfi=(29)
cfn=(80)
calls=1 -64 
* 11
* 1

fn=(22) _dl_sort_maps_init
281 2
+1 4
cfi=(10)
cfn=(24)
calls=1 405 
* 20
+2 3
-1 1
+2 2

fn=(248)
140 32
+10 4
-2 4
+2 8
+2 8
+3 6
-3 12
+9 8
+15 12
+1 4
+1 24

fl=(22)
fn=(60)
41 16
+44 16
+1 16
+1 16
+1 16
+1 16
+1 16
+1 16
+2 16
+2 16
+31 15
+1 15
+1 15
+1 15
+1 15
+1 10
+2 10
+4 5
+1 5
+1 5
+1 5
+1 5
+1 5
+1 5
+1 5
+1 5
+1 5
+1 5
+1 5
+5 40
+4 1
+1 14
+1 8

fl=(23) ./elf/../misc/sbrk.c
fn=(62) sbrk
37 5
+3 1
+18 2
+4 2
+16 5

fl=(27)
fn=(72)
78 8
+4 8
-4 32
+7 8
+1 24
fi=(28)
-30 8
cfi=(27)
cfn=(76)
calls=8 -21 
* 235
fe=(27)

fn=(144) __minimal_free
95 3
+2 12

fn=(76)
35 120
+1 24
+11 24
-11 48
+11 48
+3 24
-3 24
+3 136
+18 24
+1 24
+2 96
-16 8
+1 4
+2 2
+1 14
cfi=(60)
cfn=(194)
calls=2 -12 
* 18
* 2
+2 4
+2 4
+2 2
+4 2
-4 4
-23 1
-1 1
+1 1
+1 2
-2 2

fl=(44) ./string/../sysdeps/x86_64/multiarch/memset-vec-unaligned-erms.S
fn=(132) memset
125 7
+1 35
+6 7
+1 7
+1 7
+1 7
+2 1
+1 1
+1 1
+65 4
+1 4
+2 4
+76 6
+1 6
+5 6
+3 6
+1 6
+3 2
+1 2
+13 2
+1 2
+2 2
+3 1
+3 2
+3 1
+1 1
+1 1
+1 1
+1 1
+1 1
+1 1
-6 27
+1 27
+1 27
+1 27
+1 27
+1 27
+1 27
+3 2
+1 2
+1 2
+1 2
+5 2

fl=(78) ./elf/./elf/dl-reloc.c
fn=(272) _dl_relocate_object
194 8
+14 4
-14 36
+16 4
-16 8
+14 4
+2 8
+3 4
-1 4
+1 8
+19 8
+6 20
-34 6
+38 6
+7 12
fi=(6)
71 10
+6 4
+4 3
+14 1
-8 1
+8 2
+20 2
+4 5
-2 2
fe=(78)
288 160
-83 1
fi=(6)
474 4
fe=(78)
205 2
+83 2
fi=(5) ./elf/./elf/do-rel.h
49 1
fe=(78)
288 1
fi=(5)
60 1
-11 2
+11 2
fe=(78)
288 3
-83 3
fi=(6)
474 12
fe=(78)
205 6
+83 6
fi=(5)
49 3
fe=(78)
288 3
fi=(5)
60 3
-11 6
+11 6
fe=(78)
288 8
fi=(5)
49 4
fe=(78)
288 4
fi=(5)
60 4
-11 8
+11 8
-7 1
-1 1
+11 8
fi=(6)
545 28
+4 28
+3 42
+1 14
fi=(5)
63 42
+2 216
+2 120
-4 120
+13 6
+1 8
+1 80
fi=(6)
545 40
+34 80
+2 40
cob=(3)
cfi=(128)
cfn=(408)
calls=1 31 
* 23
cob=(3)
cfi=(127)
cfn=(406)
calls=1 31 
* 7
cob=(3)
cfi=(126)
cfn=(402)
calls=1 33 
* 22
cob=(3)
cfi=(125)
cfn=(400)
calls=1 29 
* 7
cob=(3)
cfi=(123)
cfn=(396)
calls=1 29 
* 23
cob=(3)
cfi=(122)
cfn=(392)
calls=1 33 
* 17
cob=(3)
cfi=(120)
cfn=(388)
calls=1 29 
* 22
cob=(3)
cfi=(119)
cfn=(384)
calls=1 29 
* 17
cob=(3)
cfi=(118)
cfn=(380)
calls=1 29 
* 21
cob=(3)
cfi=(117)
cfn=(378)
calls=1 31 
* 7
cob=(3)
cfi=(116)
cfn=(374)
calls=1 29 
* 17
cob=(3)
cfi=(115)
cfn=(370)
calls=1 31 
* 21
cob=(3)
cfi=(114)
cfn=(366)
calls=1 29 
* 21
cob=(3)
cfi=(112)
cfn=(362)
calls=2 31 
* 38
cob=(3)
cfi=(110)
cfn=(358)
calls=1 29 
* 22
cob=(3)
cfi=(109)
cfn=(356)
calls=1 31 
* 7
cob=(3)
cfi=(108)
cfn=(352)
calls=1 29 
* 17
cob=(3)
cfi=(107)
cfn=(350)
calls=1 43 
* 7
cob=(3)
cfi=(106)
cfn=(348)
calls=1 29 
* 7
cob=(3)
cfi=(105)
cfn=(346)
calls=1 31 
* 7
cob=(3)
cfi=(104)
cfn=(344)
calls=1 66 
* 17
cob=(3)
cfi=(102)
cfn=(340)
calls=2 31 
* 46
cob=(3)
cfi=(100)
cfn=(336)
calls=1 31 
* 17
cob=(3)
cfi=(99)
cfn=(332)
calls=1 30 
* 21
cob=(3)
cfi=(98)
cfn=(328)
calls=2 29 
* 44
cob=(3)
cfi=(97)
cfn=(324)
calls=1 28 
* 21
cob=(3)
cfi=(96)
cfn=(322)
calls=1 61 
* 19
cob=(3)
cfi=(94)
cfn=(318)
calls=2 31 
* 42
cob=(3)
cfi=(92)
cfn=(314)
calls=1 29 
* 22
cob=(3)
cfi=(91)
cfn=(310)
calls=1 29 
* 19
cob=(3)
cfi=(89)
cfn=(306)
calls=1 29 
* 24
cob=(3)
cfi=(87)
cfn=(302)
calls=1 29 
* 19
cob=(3)
cfi=(86)
cfn=(300)
calls=1 65 
* 17
cob=(3)
cfi=(85)
cfn=(298)
calls=1 29 
* 7
cob=(3)
cfi=(83)
cfn=(294)
calls=2 31 
* 42
-36 40
+37 40
fi=(5)
77 121
fe=(78)
288 32
+3 24
+24 4
+3 8
+17 12
+2 32
-98 8
+3 2
+7 4
-9 2
fi=(5)
86 14
+2 14
+12 7
-14 28
+14 14
+10 10
+3 13
+1 3
fi=(6)
529 3
fi=(5)
114 3
fi=(6)
529 6
fi=(5)
114 1198
fi=(6)
529 1198
fi=(5)
114 1198
fi=(6)
529 2396
+5 2402
+1 1201
fi=(5)
113 1201
fi=(6)
535 1201
-5 1201
fi=(5)
113 2402
+7 28
+4 20
+2 10
-73 3
fi=(6)
484 3
fi=(5)
52 3
fi=(6)
484 6
fi=(5)
128 6
+1 3
+1 3
-2 3
+2 3
+3 3
-5 3
+2 3
-2 3
+1 6
+2 3
-2 3
+2 9
+2 6
-5 218
+1 109
+1 109
-2 109
+2 109
+3 109
-5 109
+2 109
-2 109
+1 218
+2 109
-2 109
+2 327
+2 218
+9 110
fi=(6)
262 220
+21 220
+4 220
+7 440
fi=(4) ./elf/../sysdeps/generic/ldsodefs.h
138 282
fi=(6)
294 3617
cfi=(79)
cfn=(280)
calls=91 840 
* 51597
* 819
+2 282
+30 658
450 276
fi=(5)
145 310
-19 336
+32 15
+1 6
fi=(6)
294 2
+22 2
-22 4
fi=(5)
160 6
+3 2
+4 2
-4 2
+4 4
-2 2
-2 2
+2 2
+1 2
-1 4
fi=(6)
294 8
508 2
-1 4
+1 4
+1 2
cfi=(15) ./elf/../sysdeps/x86/dl-get-cpu-features.c
cfn=(436) __x86_cpu_features
calls=1 71 
* 6
cob=(3)
cfi=(81)
cfn=(290)
calls=1 86 
* 28
+1 2
fi=(5)
159 2
fi=(6)
510 2
fi=(5)
159 8
-14 3
+1 48
fi=(6)
490 3
+5 2
-1 3
+1 2
-1 1
cfi=(29)
cfn=(80)
calls=1 212 
* 11
+2 4
+1 1
-75 51
+4 68
+5 17
+9 17
-9 34
+9 17
fi=(5)
145 66
fi=(6)
296 155
+3 107
-3 107
+3 214
+2 5
+3 2
+1 3
+11 2
+7 1
cob=(3)
cfi=(86)
cfn=(300)
calls=1 65 
* 17
* 3
+3 2
fi=(5)
135 10
+3 2
fi=(6)
296 91
+3 91
-3 198
+3 4
fi=(5)
50 8
fe=(78)
308 14
fi=(6)
-14 29
fe=(78)
+49 20
+3 4
-3 4
+3 4
+4 8
+1 16
cfi=(72)
cfn=(236) mprotect
calls=4 117 
* 24
* 8
-63 6
fi=(5)
53 2
175 7
+2 2
+1 2
-1 1
+3 1
-3 4
+3 2
-3 10
+1 10
-1 5
+3 5
-3 20
+3 10
+8 6
fi=(6)
+74 12
+21 12
+4 12
+7 24
fi=(4)
138 18
fi=(6)
294 204
cfi=(79)
cfn=(280)
calls=6 840 
* 3251
* 54
+2 18
+30 36
450 12
fi=(5)
191 18
-16 18
+30 4
fi=(6)
+91 2
+3 2
-3 2
+3 4
-3 2
+3 2
-3 4
fe=(78)

fl=(15)
fn=(32) _dl_x86_init_cpu_features
37 1
+2 3
+2 1
cfi=(16)
cfn=(34)
calls=1 399 
* 7219

fn=(436)
71 1
-32 3
+32 2

fl=(45)
fn=(140)
40 15
+1 3
cfi=(22)
cfn=(60)
calls=3 * 
* 87
* 3
fi=(200) ./string/../include/rtld-malloc.h
+15 6
cfi=(27)
cfn=(76)
calls=3 -21 
* 75
fe=(45)
-12 6
+4 3
-1 9
+1 6
-1 3
cfi=(29)
cfn=(80)
calls=3 212 
* 41

fl=(135) ./elf/./elf/dl-call-libc-early-init.c
fn=(438) _dl_call_libc_early_init
27 1
+2 2
-2 1
+6 3
-6 1
+6 3
-6 1
+6 1
cfi=(134) ./elf/./elf/dl-lookup-direct.c
cfn=(434) _dl_lookup_direct
calls=1 +41 
* 177
+4 2
+2 4
+2 1
-1 1
+1 2
-1 1
cob=(3)
cfi=(136)
cfn=(440)
calls=1 -7 
* 1108

fl=(65) ./io/../sysdeps/unix/sysv/linux/access.c
fn=(208) access
25 1
+2 7
+4 1

fl=(26) ./elf/./elf/dl-object.c
fn=(70) _dl_new_object
59 42
+3 6
+18 2
+3 2
-3 2
+3 2
cfi=(22)
cfn=(60)
calls=2 -42 
* 52
+4 4
-4 4
+9 4
fi=(28)
-48 6
cfi=(27)
cfn=(72)
calls=2 +34 
* 100
fe=(26)
+48 1
fi=(28)
-48 3
cfi=(27)
cfn=(72)
calls=1 +34 
* 43
* 3
fe=(26)
+51 6
+5 3
-2 3
+6 3
-4 3
+4 3
-5 3
+4 3
+1 3
-1 3
+1 6
cfi=(29)
cfn=(80)
calls=3 212 
* 44
* 6
+2 3
+13 6
+6 1
+2 7
+3 2
-3 14
+3 4
+9 3
-7 3
+4 3
+3 15
+2 1
-2 3
+2 15
-2 45
+16 6
-5 3
+5 3
-6 3
+6 3
-6 3
+6 6
+2 4
+3 4
-3 4
+7 8
+4 4
+8 2
+3 2
+10 3
-10 4
+10 6
+2 2
+21 2
-21 2
cfi=(22)
cfn=(60)
calls=2 41 
* 70
* 6
+17 2
-13 6
+50 6
cfi=(29)
cfn=(128)
calls=2 -46 
* 34
* 2
+5 4
+1 4
-1 80
+1 80
+2 4
+3 2
+3 2
+4 27
131 8
-12 4
+34 1
+7 4
+8 8
fi=(28)
56 4
cfi=(27)
cfn=(76)
calls=2 -21 
* 50
* 2
fe=(26)
200 8
64 2
+2 3
+1 2
+10 5
-6 2

fn=(82) _dl_add_to_namespace_list
31 6
+2 3
-2 6
+2 3
-2 6
+2 3
cfi=(24) ./elf/../sysdeps/nptl/dl-tls_init_tp.c
cfn=(84) rtld_mutex_dummy
calls=3 +9 
* 9
+2 23
+3 20
+2 2
+2 2
+4 2
+4 2
-4 4
+1 2
+4 2
-4 2
+1 2
+3 2
-3 2
+3 2
-1 2
cfi=(24)
cfn=(84)
calls=2 -8 
* 6
-4 1
+4 1
-4 2
+1 1
+4 1
-4 1
+1 1
+3 1
-3 1
+3 1
-1 1
cfi=(24)
cfn=(84)
calls=1 -8 
* 3
-5 2

fl=(71) ./io/../sysdeps/unix/sysv/linux/pread64_nocancel.c
fn=(232) __pread64_nocancel
25 8
+1 16
+1 4

fl=(29)
fn=(128)
199 32
+1 32
+1 32
+1 32
+17 32
+1 32
+2 6
+1 6
+1 6
+2 5
+1 5
+1 5
+2 5
360 26
+1 26
+2 8
+4 8
+1 3
+1 3
+1 2
+1 2
+1 2
+1 2
+2 2
+2 3
+6 5
+1 5
+1 5
+1 5
+1 5
+29 18
+1 18
+1 18
+1 18
+1 18
+7 1
+1 1
+1 1
+1 1
+1 1
+1 1
+1 1
+11 1
+1 1
+2 1
+1 1
+1 1

fn=(80)
212 16
+1 16
+6 16
+1 16
+2 9
+1 9
+1 9
+2 6
+1 6
+1 6
+2 6
360 7
+1 7
+2 1
+4 1
+1 1
+1 1
+1 1
+1 1
+4 1
+2 1
+39 6
+1 6
+1 6
+1 6
+1 6
+7 3
+1 3
+1 3
+1 3
+1 3
+1 3
+1 3
+11 3
+1 3
+2 3
+1 3
+1 3

fl=(10)
fn=(54)
157 15
-55 5
+55 5
-55 5
+55 5
-55 35
+9 5
+1 5
fi=(201) ./elf/./dl-tunable-types.h
-22 10
fe=(10)
+22 20
+1 40
fi=(11) ./elf/./elf/dl-tunables.h
+8 10
+1 5
fe=(10)
-6 15
fi=(11)
+15 5
fe=(10)
-12 10
+4 10
+7 10
+1 10
+3 30
+1 5
+1 5
+1 5
+24 5
fi=(11)
-30 15
fe=(10)

fn=(18) __GI___tunables_init
282 9
-9 7
71 95
+6 30
-3 30
+3 2161
-3 30
-3 60
357 8
81 60
+5 90
fi=(11)
+54 30
fe=(10)
-54 30
fi=(11)
+54 30
+1 80
-1 70
+1 20
-1 30
+1 60
fe=(10)
323 120
-18 4200
+6 6600
fi=(11)
140 270
+1 540
-1 11
+1 44
-1 55
fe=(10)

fn=(24)
405 33
+3 231
+9 33
-9 126
+9 10
+17 165
+2 33
-9 23
+1 23

fl=(60)
fn=(194)
47 24
+3 24
+8 48
+2 12

fl=(2)
fn=(252) version_check_doit
696 3
+2 4
cfi=(75)
cfn=(254)
calls=1 361 
* 3996
* 2
+4 2

fn=(156) handle_preload_list
894 10
+5 1
-5 2
+5 2
+6 1
-64 1
+54 3
+7 3
cfi=(50)
cfn=(158)
calls=1 25 
* 233
* 1
+1 3
+9 1
191 1
914 2
191 2
916 2
-80 1
+5 5
-10 1
+8 1
-4 1
+1 1
+1 1
+4 1
cob=(2)
cfi=(51)
cfn=(160)
calls=1 0 
* 2784
+1 3
+8 3
+67 1
-18 2
+21 9
-15 4
cfi=(29)
cfn=(80)
calls=1 212 
* 19
+1 2

fn=(170) map_doit
663 2
+2 1
-2 1
+2 1
+1 2
-1 2
+1 3
cfi=(31)
cfn=(172)
calls=1 2022 
* 2683
* 1
+2 2

fn=(64) dl_main
1320 2
205 1
311 1
1320 2
2818 1
1320 3
2829 1
1320 2
2698 1
1320 2
311 1
1320 3
207 1
310 1
205 1
+99 3
1332 1
cfi=(24)
cfn=(66) __tls_pre_init_tp
calls=1 53 
* 17
2677 3
+6 5
-4 1
+4 1
+2 3
cfi=(25)
cfn=(68)
calls=1 28 
* 35
* 4
cfi=(25)
cfn=(68)
calls=2 28 
* 180
* 9
+4 6
-2 2
+2 6
+1 2
-1 6
+1 17
-1 89
+9 12
2845 4
+32 2
1348 1
+1 2
-1 2
+1 2
2774 3
+1 3
-56 2
+7 2
1627 9
cfi=(26)
cfn=(70)
calls=1 59 
* 230
* 1
+2 2
+1 1
+6 2
-6 1
+1 2
+1 3
+4 1
cfi=(26)
cfn=(82)
calls=1 31 
* 36
+1 2
1140 1
1326 1
1169 1
-29 1
+11 1
+18 2
-21 1
+21 1
-19 1
-4 1
+23 1
-21 1
+21 2
+57 1
-83 1
+23 1
+4 1
+19 1
+22 1
+15 5
-56 116
1275 4
+2 1
1169 18
fi=(30) ./elf/../sysdeps/x86/dl-prop.h
105 2
fe=(2)
1282 22
+6 4
cfi=(31)
cfn=(88) _dl_process_pt_gnu_property
calls=1 868 
* 20
-7 26
+1 13
+6 13
-6 26
fi=(30)
212 4
+1 2
95 8
+10 2
212 1
105 1
-2 1
-3 1
+2 1
+3 1
-4 2
+92 4
-1 1
-87 3
+3 3
+1 2
+1 2
+4 3
+4 3
+3 3
+1 2
+4 1
+1 4
+58 3
+2 4
-56 4
+1 2
+3 4
+3 2
+1 8
+5 4
+2 4
+5 4
+14 2
-1 4
+2 2
fe=(2)
1174 1
-5 1
+5 2
-5 2
+30 1
-9 1
+27 1
-27 1
+2 1
-3 1
+10 2
-20 2
-10 1
+10 1
+1 9
-11 2
+57 4
-1 4
+1 8
-1 4
+2 8
+1 1
+2 12
+1 14
+4 8
+1 8
+1 4
+1 10
+1 1
+4 1
-74 1
+74 2
-74 2
+74 3
-74 3
+74 6
-74 6
fi=(30)
165 2
fe=(2)
1271 1
1169 1
1271 1
1169 2
1294 1
+3 2
+2 1
-5 2
+3 2
+2 2
+2 2
1662 3
+2 1
-1 1
+1 2
+1 2
-2 1
+2 1
-2 2
cfi=(32)
cfn=(90)
calls=1 108 
* 34
* 2
+7 1
+3 1
-5 1
+3 1
+2 1
+1 2
+4 2
+2 2
fi=(3) ./elf/./get-dynamic-info.h
39 3
+6 1
-2 1
+2 2
+9 1
+5 1
+3 1
+2 1
-3 1
-3 1
-3 17
+13 5
-23 20
+23 21
-23 84
+4 52
+5 24
+2 5
+16 3
+25 3
+5 2
+7 2
+1 3
+22 3
+5 2
+2 2
+2 2
+2 2
+1 1
+3 3
+2 3
+1 2
+9 2
+6 2
+1 2
+3 2
fe=(2)
1688 3
+7 2
cfi=(8)
cfn=(14)
calls=1 25 
* 29
+3 2
fi=(33) ./elf/./setup-vdso.h
24 2
fi=(35) ./elf/../sysdeps/unix/sysv/linux/dl-vdso-setup.h
+21 1
fe=(2)
1723 1
cfi=(13) ./elf/../sysdeps/unix/sysv/linux/dl-sysdep.c
cfn=(100) _dl_discover_osversion
calls=1 46 
* 109
* 8
fi=(37) ./elf/./dl-main.h
109 5
cfi=(31)
cfn=(106) _dl_init_paths
calls=1 706 
* 2926
fe=(2)
1731 3
cfi=(46)
cfn=(146)
calls=1 56 
* 30
+7 1
-7 1
+2 1
+5 1
+4 1
+3 1
-3 3
+1 2
+3 1
+5 1
-7 1
+7 1
+1 3
+12 2
+1 2
+5 1
-3 2
+2 1
+1 2
+5 3
+1 5
-1 2
233 1
-1 1
+1 3
+1 2
-2 1
+2 2
1793 2
+5 1
-1 1
+1 1
+24 1
cfi=(47) ./elf/../elf/dl-tls.c
cfn=(148) _dl_count_modids
calls=1 197 
* 6
* 1
fi=(48) ./elf/../sysdeps/generic/dl-debug.h
29 3
+1 2
fe=(2)
1828 2
+1 1
cfi=(46)
cfn=(152)
calls=1 116 
* 2
+1 1
+4 3
cfi=(49)
cfn=(154) _dl_audit_activity_map
calls=1 28 
* 16
+5 3
+2 1
+2 2
+9 2
+16 4
cfi=(65)
cfn=(208)
calls=1 25 
* 9
* 2
+76 4
+16 3
85 1
1970 1
85 2
1970 2
85 1
1970 5
cfi=(66)
cfn=(210)
calls=1 159 
* 8348
92 1
1976 1
92 2
+9 2
1976 2
+1 5
-1 4
+1 6
-1 12
+4 4
+1 3
+1 1
+2 2
+1 4
-1 9
+1 9
+12 3
+1 2
+2 1
+2 3
+2 1
-4 1
+5 1
-1 2
+14 2
+1 2
+1 3
+11 2
+2 1
-2 1
+2 2
-2 1
+1 2
+1 1
-1 2
+1 1
cfi=(52)
cfn=(250) _dl_receive_error
calls=1 238 
* 4024
+10 2
+1 2
+3 2
862 1
fi=(202) ./elf/../sysdeps/unix/sysv/linux/dl-osinfo.h
64 2
fe=(2)
864 1
+6 1
+3 1
+7 1
-5 1
2052 3
2282 3
1778 2
+6 1
-6 2
+6 1
+2 3
fi=(30)
198 4
+2 1
+1 1
+2 1
-3 3
+3 1
fi=(3)
59 4
+3 4
+2 4
fi=(34) ./elf/../sysdeps/unix/sysv/linux/dl-vdso.h
-24 1
+1 2
fe=(2)
2331 1
1325 1
2342 1
-4 2
+10 1
-6 1
+6 1
+3 2
+8 1
fi=(30)
36 1
fe=(2)
2359 1
fi=(30)
37 3
+3 1
+13 6
-13 3
+9 6
-9 1
+9 20
+4 15
-16 12
+34 3
cfi=(77) ./elf/../sysdeps/x86/dl-cet.c
cfn=(270) _dl_cet_check
calls=1 252 
* 30
fe=(2)
2361 2
+54 3
+3 1
85 4
2422 1
+1 19
+2 8
+5 8
+2 8
+6 4
+2 12
+1 24
cfi=(78)
cfn=(272)
calls=3 194 
* 80268
+4 10
+1 2
-23 1
+23 1
cfi=(47)
cfn=(412) _dl_add_to_slotinfo
calls=1 1015 
* 28
-23 6
92 3
+1 1
2454 1
93 1
2454 1
+5 4
+2 1
+7 3
cfi=(47)
cfn=(414) _dl_allocate_tls_init
calls=1 528 
* 146
+3 2
fi=(3)
72 2
+10 3
+1 4
+1 4
+1 4
+2 4
+5 4
+1 4
+1 5
fi=(35)
-64 3
+3 1
+3 1
+3 1
fi=(34)
+16 2
fe=(2)
2434 1
+1 1
-3 2
+49 3
+2 4
+10 1
cfi=(129) ./elf/./elf/dl-find_object.c
cfn=(416) _dl_find_object_init
calls=1 561 
* 571
+5 2
cfi=(7) ./elf/./elf/dl-minimal.c
cfn=(424) __rtld_malloc_init_real
calls=1 76 
* 2372
+3 1
cfi=(133) ./elf/../sysdeps/nptl/dl-mutex.c
cfn=(432) __rtld_mutex_init
calls=1 30 
* 415
85 1
2507 1
+1 3
85 3
2508 2
cfi=(78)
cfn=(272)
calls=1 194 
* 4806
92 3
+9 2
2516 3
cfi=(135)
cfn=(438)
calls=1 27 
* 1309
+7 1
cfi=(9) ./elf/../elf/dl-sysdep.c
cfn=(464) _dl_sysdep_start_cleanup
calls=1 262 
* 2
+4 3
cfi=(49)
cfn=(466) _dl_audit_activity_nsid
calls=1 40 
* 21
+5 2
cfi=(46)
cfn=(186)
calls=1 38 
* 7
+1 1
-1 1
+2 1
cfi=(46)
cfn=(152)
calls=1 116 
* 2
+1 1
+4 1
cfi=(68)
cfn=(468)
calls=1 537 
* 18
+5 8
1741 4
1995 2
+50 2
cfn=(258) init_tls
calls=1 756 
* 784
* 2
2726 4
+2 2
+1 1
+46 2
+2 1
+1 1
-1 1
+1 1
+1 1
85 1
1847 1
85 2
1847 1
85 1
1847 2
cfn=(156)
calls=1 894 
* 3107
* 1
92 3
+9 3
1948 16
+1 1
-1 1
+4 3
+1 1
+1 2
+1 2
-7 2
fi=(30)
170 3
-39 2
fe=(2)

fn=(2)
527 10
85 1
fi=(6)
-40 1
fe=(2)
557 1
-4 1
85 2
556 1
85 1
fi=(3)
-40 1
fe=(2)
556 1
fi=(3)
45 2
+9 1
+5 1
+3 1
+2 1
+4 1
-7 1
-3 1
-3 14
+13 4
-23 16
+23 14
-23 56
+4 36
+5 20
+2 5
+3 4
fi=(4)
+21 1
fi=(3)
-8 3
+10 4
+1 4
+1 4
+1 4
+2 4
+5 4
+1 4
+1 4
+3 3
+5 2
+7 3
+1 3
+8 2
+1 2
+5 3
+3 3
fe=(2)
573 1
fi=(6)
71 1
fe=(2)
573 42
fi=(6)
414 1
fi=(5)
86 1
fe=(2)
573 2
fi=(5)
49 1
+37 1
-37 1
+37 1
+2 1
-2 1
+2 1
-2 1
+27 2
-27 1
fe=(2)
573 2
fi=(5)
49 1
+37 1
-37 1
+37 1
+2 1
-2 1
+2 1
-2 1
+27 3
+1 2
fi=(6)
534 2
fi=(5)
114 282
fi=(6)
534 282
+1 142
fi=(5)
113 142
fi=(6)
535 284
fi=(5)
113 284
+5 4
+8 7
fi=(6)
326 12
fi=(5)
126 21
+2 7
+2 7
-2 7
fi=(6)
287 7
fi=(5)
130 7
-2 7
+1 14
fi=(6)
287 14
+9 70
+3 14
+27 33
fe=(2)
573 6
fi=(5)
50 1
fi=(4)
+30 2
fi=(6)
326 2
+20 12
+1 6
fe=(2)
575 1
+13 1
cfi=(7)
cfn=(12) __rtld_malloc_init_stubs
calls=1 42 
* 10
+4 2
85 1
488 2
85 3
488 1
cfi=(8)
cfn=(14)
calls=1 25 
* 29
+2 2
-1 1
+1 2
+17 1
-15 1
-2 1
+17 1
-15 1
+9 1
-11 1
+17 1
cfi=(9)
cfn=(16) _dl_sysdep_start
calls=1 85 
* 134165
* 1
+2 2
+98 9
fi=(3)
62 4
+2 4
fe=(2)
573 3

fn=(258)
756 3
+2 1
+4 1
-4 1
+4 2
+11 1
fi=(28)
44 1
fe=(2)
768 1
+4 1
fi=(28)
44 1
cfi=(27)
cfn=(72)
calls=1 +34 
* 36
fe=(2)
783 1
-12 1
+6 1
-9 1
+11 1
+4 1
+2 3
-1 2
+3 8
+4 1
+2 1
-2 2
-5 1
-1 2
+10 3
+3 2
cfi=(47)
cfn=(260) _dl_tls_static_surplus_init
calls=1 97 
* 79
+3 1
cfi=(47)
cfn=(262) _dl_determine_tlsoffset
calls=1 221 
* 76
+7 1
cfi=(47)
cfn=(264) _dl_allocate_tls_storage
calls=1 422 
* 442
* 1
+1 2
+6 1
+3 2
-3 1
+3 6
+3 1
cfi=(24)
cfn=(266) __tls_init_tp
calls=1 68 
* 75
+1 1
+3 5
-39 3
-1 7

fl=(141)
fn=(456)
67 2
+5 2
+3 2
+2 2
+10 2
+6 2
+1 2
+1 2
+1 2
+1 2
+1 2
+1 2
+4 2
+1 2
+3 2
+1 2
+2 2
+1 2
+1 2
+1 2
+1 2
+1 2
+2 2
+7 2
+1 2
+1 2
cfi=(142)
cfn=(458)
calls=2 -80 
* 1555
+1 2
+5 2
+1 2
+1 2
+2 2
+1 2
+1 2
+1 2
+1 2
+1 2
+1 2
+2 2
+2 2
+4 2
+2 2

fl=(42) ./string/../sysdeps/x86_64/multiarch/../strchr.S
fn=(118) index
23 15
+1 15
+1 15
+1 15
+1 15
+1 15
+1 15
+1 15
+1 15
+1 15
+1 15
+1 15
+1 15
+1 15
+1 15
+1 15
+1 15
+1 15
+1 13
+4 13
+1 13
+1 13
+1 13
+2 13
+4 2
+1 2
+1 2
+1 2
+1 2
+1 2
+1 2
+1 2
+1 2
+1 2
+1 2
+1 2
+1 2
+1 2
+1 2
+1 2
+1 2
+1 2
+1 2
+1 2
+1 2
+1 2
+1 2
+1 2
+52 2
+4 2
+1 2
+1 2
+1 2
+2 2

fl=(52)
fn=(250)
238 6
+1 1
+1 1
+3 1
+1 1
+2 1
cfi=(2)
cfn=(252)
calls=1 696 
* 4007
+2 1
+1 1
+1 4

fn=(162)
225 10
+2 2
cob=(2)
cfi=(51)
cfn=(164)
calls=1 0 
* 2759
+1 2
+1 1
+1 1
-1 1
+1 1
+2 5

fn=(166)
175 9
+5 3
-5 9
+5 3
-2 6
+22 3
-1 3
+7 6
-6 3
+3 6
+3 3
cfi=(53)
cfn=(168)
calls=3 30 
* 72
* 12
+2 9
cfi=(66)
cfn=(214)
calls=2 61 
* 6721
cfi=(2)
cfn=(170)
calls=1 663 
* 2698
+2 3
-1 3
+1 3
-1 3
+1 6
+9 12

fl=(133)
fn=(432)
30 2
+10 3
-10 1
+10 2
-10 1
+7 1
+3 2
cfi=(134)
cfn=(434)
calls=1 +34 
* 175
+4 2
+1 8
+2 3
-2 1
+2 3
cfi=(134)
cfn=(434)
calls=1 +27 
* 198
+4 2
+1 6
+1 2
-1 1
+1 2

fl=(64)
fn=(204)
25 3
+1 12
+1 3

fl=(72)
fn=(236)
117 25
+5 5

fn=(470)
117 5
+5 1

fl=(36) ./posix/../sysdeps/unix/syscall-template.S
fn=(102) uname
120 5
+2 1

fl=(56) ./io/../sysdeps/unix/sysv/linux/read_nocancel.c
fn=(180) __read_nocancel
25 2
+1 8
+1 2

fl=(134)
fn=(434)
74 30
+2 3
-2 3
+4 3
-4 3
+2 3
+2 9
+37 3
-37 9
+1 6
+2 12
+3 25
-52 3
+54 6
-54 3
+54 3
-54 9
+1 9
+2 6
+1 6
+12 12
+3 3
+2 3
-2 3
+2 9
cfi=(32)
cfn=(90)
calls=3 +55 
* 207
* 6
+4 6
+1 3
-1 3
+1 18
+1 9
cfi=(32)
cfn=(90)
calls=3 +49 
* 75
* 6
+57 27
-23 6

fl=(58)
fn=(190)
29 6
+1 6
+5 9
cfi=(59)
cfn=(192)
calls=3 153 
* 24

fl=(32)
fn=(90)
108 179
+33 179
+1 179
+2 179
+1 179
+21 179
+1 179
+1 156
+1 156
+1 125
+1 125
+1 125
+1 125
+21 125
+1 125
+1 125
+1 125
+1 125
+1 125
+1 125
+5 5
+1 15
+9 5
+1 5
+1 5
+1 5
+1 5
+1 5
+1 5
+1 5
-7 54
+1 54
+1 54
+1 54
+1 54
+1 54
+1 54
+1 54
+1 55
+1 28
+1 28
+1 28
+2 28
+1 28
+1 28
+1 28
+1 28
+1 28
-5 27
+1 27
+1 27
+1 27
+1 27
+1 27
+10 4
+1 4
+1 4
+2 4
+6 4
+1 4
+1 4
+1 4
+1 4
+5 4
+2 3
+1 3
+1 6
+8 3
+1 3
+3 3
+1 3
+1 3
+1 3
+1 3
+1 3
693 1
+1 1
+1 1
+1 1
+1 1
+2 1
+1 1
+1 1
+1 1
+1 1
+1 1
+1 1
+1 1
+4 1
+1 1
+1 1
+6 1
+1 1
+1 2
+4 1
+1 1
+3 1
+1 1
+1 1
+3 1
+1 1
+1 1
+6 1
+1 1
+1 1
+1 1
+1 1
+1 1
+72 1
+1 1
+1 1
+1 1
+1 1
+2 1
+1 1
+1 1
+1 1
+1 1
+1 1
+1 1
+1 1
+4 1
+1 1
+1 1
+6 1
+1 1
+1 2
+4 1
+1 1
+3 1
+1 1
+1 1
+3 1
+1 1
+1 1
+6 1
+1 1
+1 1
+1 1
+1 1
+1 1
+72 1
+1 1
+1 1
+1 1
+1 1
+2 1
+1 1
+1 1
+1 1
+1 1
+1 1
+1 1
+1 1
+4 1
+1 1
+1 1
+6 1
+1 1
+1 2
+4 1
+1 1
+3 1
+1 1
+1 1
+3 1
+1 1
+1 1
+6 1
+1 1
+1 1
+1 1
+1 1
+1 1
+72 6
+1 6
+1 6
+1 6
+1 6
+2 6
+1 6
+1 6
+1 6
+1 6
+1 6
+1 6
+1 2
+4 2
+1 2
+1 2
+6 2
+1 2
+1 4
+4 2
+1 2
+3 2
+1 2
+1 2
+3 2
+1 2
+1 2
+6 2
+1 2
+1 2
+1 2
+1 2
+1 2
+7 1
+1 1
+2 1
+1 1
+2 1
+1 1
+1 1
+3 1
+1 1
+1 1
+6 1
+1 1
+1 1
+1 1
+1 1
+1 1
+41 2
+1 2
+1 2
+1 2
+1 2
+2 2
+1 2
+1 2
+1 2
+1 2
+1 2
+1 2
1318 2
+1 2
+1 2
+1 2
+1 2
+2 2
+1 2
+1 2
+1 2
+1 2
+1 2
+1 2
+1 2
+4 2
+1 2
+1 2
+6 2
+1 2
+1 4
+4 2
+1 2
+3 2
+1 2
+1 2
+3 2
+1 2
+1 2
+6 2
+1 2
+1 2
+1 2
+1 2
+1 2
+72 1
+1 1
+1 1
+1 1
+1 1
+2 1
+1 1
+1 1
+1 1
+1 1
+1 1
+1 1
+1 1
+4 1
+1 1
+1 1
+6 1
+1 1
+1 2
+4 1
+1 1
+3 1
+1 1
+1 1
+3 1
+1 1
+1 1
+6 1
+1 1
+1 1
+1 1
+1 1
+1 1
+72 3
+1 3
+1 3
+1 3
+1 3
+2 3
+1 3
+1 3
+1 3
+1 3
+1 3
+1 3
1693 3
+1 3
+1 3
+1 3
+1 3
+2 3
+1 3
+1 3
+1 3
+1 3
+1 3
+1 3
+1 2
+4 2
+1 2
+1 2
+6 2
+1 2
+1 4
+4 2
+1 2
+3 2
+1 2
+1 2
+3 2
+1 2
+1 2
+6 2
+1 2
+1 2
+1 2
+1 2
+1 2
+72 15
+1 15
+1 15
+1 15
+1 15
+2 15
+1 15
+1 15
+1 15
+1 15
+1 15
+1 15
+1 4
+4 4
+1 4
+1 4
+6 4
+1 4
+1 8
+4 4
+1 4
+3 4
+1 4
+1 4
+3 4
+1 4
+1 4
+6 4
+1 4
+1 4
+1 4
+1 4
+1 4
+72 2
+1 2
+1 2
+1 2
+1 2
+2 2
+1 2
+1 2
+1 2
+1 2
+1 2
+1 2
+1 1
+4 1
+1 1
+1 1
+6 1
+1 1
+1 2
+4 1
+1 1
+3 1
+1 1
+1 1
+3 1
+1 1
+1 1
+6 1
+1 1
+1 1
+1 1
+1 1
+1 1
+72 18
+1 18
+1 18
+1 18
+1 18
+2 18
+1 18
+1 18
+1 18
+1 18
+1 18
+1 18
+2 6
+4 6
+1 6
+1 6
+6 6
+1 6
+2 12
+4 6
+1 6
+3 6
+1 6
+1 6
+3 6
+1 6
+1 6
+6 6
+1 6
+1 6
+1 6
+1 6
+1 6
+74 24
+2 24
+1 24
+1 24
+1 24
-3 35
+1 35
+1 35
+1 35
+1 56
+5 28
+6 28
+1 28
+8 28
+1 28
-16 151
+6 151
+1 151
+8 151
+1 151

fl=(47)
fn=(260)
97 2
+4 1
-4 2
+4 1
-4 2
+4 3
cfi=(10)
cfn=(24)
calls=1 405 
* 21
* 1
+1 4
cfi=(10)
cfn=(24)
calls=1 405 
* 21
* 1
+8 1
-8 1
+6 2
+2 3
+3 1
+2 1
-32 3
+34 3
+1 5

fn=(412)
1015 8
+6 1
+3 1
+1 1
+4 3
+34 2
+3 3
+1 3
+3 6

fn=(264)
422 2
+13 1
-13 2
+2 1
+12 1
fi=(28)
56 1
cfi=(27)
cfn=(76)
calls=1 -21 
* 53
fe=(47)
437 3
+8 2
fi=(28)
44 1
fe=(47)
445 2
+1 1
+4 321
+19 1
-99 1
+4 1
+1 1
fi=(28)
44 1
cfi=(27)
cfn=(72)
calls=1 +34 
* 36
fe=(47)
376 2
+3 1
+6 2
+90 5

fn=(148)
197 1
+2 2
+1 1
+15 2

fn=(414)
528 10
+1 2
+4 1
+6 1
-6 1
+6 1
cfi=(24)
cfn=(84)
calls=1 42 
* 3
+3 3
+12 1
-18 1
-1 1
+43 3
-19 13
+9 3
+1 2
+6 3
+1 1
+2 2
-2 1
+6 1
-4 2
+4 1
-4 2
+3 2
+4 2
+1 4
+2 2
+1 2
+17 1
-8 1
+8 1
+2 3
cfi=(29)
cfn=(128)
calls=1 199 
* 13
* 5
cfi=(44)
cfn=(132)
calls=1 125 
* 25
-49 1
+55 1
-55 4
+6 4
+55 2
cfi=(24)
cfn=(84)
calls=1 42 
* 3
+3 2
+3 9

fn=(238) _dl_assign_tls_modid
131 2
+3 1
+13 1
-13 1
+52 1
+2 1
+3 1
+1 2

fn=(262)
221 8
+6 3
+3 2
+36 3
+2 1
-2 1
-2 1
-40 1
-1 1
-1 1
+46 2
+23 3
+3 1
-3 4
+2 2
-2 1
-25 1
+20 1
-20 5
+2 2
+3 1
-1 1
+5 2
-5 1
+1 1
-1 1
+3 2
+2 3
+32 3
-1 1
+1 4
+2 2
-2 2
+53 8

fl=(31)
fn=(138) expand_dynamic_string_token
385 14
241 2
385 2
241 2
385 2
241 2
cfi=(42)
cfn=(118)
calls=2 23 
* 72
+3 4
410 2
-11 2
+11 12
-11 2
cfi=(45)
cfn=(140)
calls=2 40 
* 168

fn=(134) fillin_rpath.isra.0
468 7
+4 1
-4 8
+6 3
cfi=(7)
cfn=(136) strsep
calls=1 239 
* 240
* 3
cfi=(7)
cfn=(136)
calls=1 239 
* 8
* 6
+7 2
+2 3
cfn=(138)
calls=1 -98 
* 118
* 1
+4 2
+5 2
cfi=(22)
cfn=(60)
calls=1 41 
* 17
* 1
+1 2
+7 5
+9 15
+1 8
+55 2
fi=(28)
50 2
cfi=(27)
cfn=(144)
calls=1 +45 
* 5
+1 1
fe=(31)
528 2
+4 3
fi=(28)
56 1
cfi=(27)
cfn=(76)
calls=1 -21 
* 25
* 1
fe=(31)
534 2
+5 1
+1 2
-1 1
-1 1
+2 1
cfi=(29)
cfn=(128)
calls=1 199 
* 13
+3 1
-3 1
+1 1
+2 1
+6 1
+1 1
-1 3
+1 11
+1 1
-1 1
+1 2
-1 2
+1 1
-1 1
+1 2
-1 6
+1 1
-1 1
+1 1
-1 3
+1 1
-1 2
+3 1
+1 1
-1 1
+1 2
+1 1
+6 2
+1 2
-57 4
+66 1
+3 8
-46 4

fn=(216) open_path
1870 8
+1 1
-1 6
+1 1
+6 2
+5 16
-7 2
+7 1
-8 1
+8 2
+3 2
+9 6
+7 3
+1 1
-1 1
cfi=(29)
cfn=(128)
calls=1 199 
* 13
-12 1
+12 1
+59 5
-58 4
+3 20
+5 80
cfi=(29)
cfn=(128)
calls=10 199 
* 134
* 40
cfi=(29)
cfn=(128)
calls=10 199 
* 130
+3 20
+6 30
+3 60
cfn=(218) open_verify.constprop.0
calls=10 1568 
* 540
* 10
+2 30
+2 20
+65 8
+7 2
-2 2
+2 2
+3 3
-13 1
+27 9
1902 58
+29 20
+1 70
+6 20
+2 10
-2 10
+2 20
cfi=(67)
cfn=(220)
calls=10 28 
* 158
* 10
+3 10
-3 20
+1 1
+2 2
-2 1
+2 26
-61 2

fn=(218)
1568 121
+39 33
+19 44
cfi=(55)
cfn=(178)
calls=11 28 
* 239
* 11
+2 22
+11 1
+6 2
-5 1
+5 8
cfi=(56)
cfn=(180)
calls=1 25 
* 6
+2 2
+2 2
+2 2
+6 2
+17 11
fi=(28)
50 2
cfi=(27)
cfn=(144)
calls=1 +45 
* 5
fe=(31)
1856 99
1674 3
+74 2
+5 2
+2 4
+6 2
+6 1
+1 1
-1 3
+1 1
-1 1
+1 2
+21 3
+31 1
-31 1
1633 1
1820 2
-31 48
+1 24
+1 8
+4 8
+6 4
+1 28
+10 12
cfi=(71)
cfn=(232)
calls=2 25 
* 14
* 16
+8 18
+15 2
+6 1
-3 1
+1 1
+1 1
+1 2
-3 1
+1 1
+1 1
+2 1
-3 3
-1 1
+4 2
-19 18
+3 2
-4 2
+4 4
+5 1
+1 4
-60 13
+1 3
-1 1
+1 3
cfi=(71)
cfn=(232)
calls=1 25 
* 7
* 3
+16 5
1612 20
+62 3
1802 4
-30 2

fn=(106)
706 11
+14 1
-14 2
+14 2
cfi=(38)
cfn=(108)
calls=1 175 
* 1847
fi=(28)
56 1
fe=(31)
720 1
fi=(28)
56 1
cfi=(27)
cfn=(76)
calls=1 -21 
* 25
fe=(31)
725 1
+2 2
+7 2
+1 2
-1 3
+5 3
fi=(28)
56 1
cfi=(27)
cfn=(76)
calls=1 -21 
* 25
fe=(31)
739 1
+2 4
+17 1
-10 1
+19 1
-11 1
-9 1
+9 1
+12 2
-10 1
+3 2
+9 1
-7 1
+4 1
+3 2
-3 1
-8 1
+3 1
+8 1
-3 1
+1 16
cfi=(44)
cfn=(132)
calls=4 125 
* 72
+2 18
-14 3
+10 3
+4 3
-12 3
-2 3
+2 3
+4 3
-3 3
+3 3
+1 3
-2 3
+5 6
+1 3
-4 3
+4 3
+15 1
+3 1
-15 1
+7 1
-1 1
+9 2
+2 4
+2 3
+36 5
+2 2
cfi=(22)
cfn=(60)
calls=1 41 
* 17
* 9
-19 1
-2 1
+2 2
+19 9
cfi=(29)
cfn=(80)
calls=1 212 
* 11
* 1
+5 4
-1 2
+2 1
+1 2
-2 4
+1 13
+1 26
-2 52
+5 1
fi=(28)
56 1
cfi=(27)
cfn=(76)
calls=1 -21 
* 25
fe=(31)
836 1
fi=(28)
56 1
fe=(31)
838 2
+6 6
cfn=(134)
calls=1 468 
* 587
+3 3
+6 1
+4 8
-35 2
+5 2

fn=(88)
868 3
+8 3
-8 3
+8 3
-6 3
+12 6
-13 3
+13 3
-13 3
+13 6
+3 9
+1 6
+1 6
+43 3

fn=(176) open_verify.constprop.1
1568 11
+39 3
+19 4
cfi=(55)
cfn=(178)
calls=1 28 
* 19
* 1
+2 2
+11 1
+6 2
-5 1
+5 8
cfi=(56)
cfn=(180)
calls=1 25 
* 6
+2 2
+2 2
+2 2
+6 2
+17 11
fi=(28)
50 2
cfi=(27)
cfn=(144)
calls=1 +45 
* 5
fe=(31)
1856 9
1674 3
+74 2
+5 2
+2 4
+6 2
+6 1
+1 1
-1 3
+1 1
-1 1
+1 2
+1 2
+20 3
+31 1
-31 1
1633 1
1820 2
-31 66
+1 28
+1 8
+4 8
+25 12
+3 18
+3 2
-4 2
+4 4
+6 4
-36 6

fn=(184) _dl_map_object_from_fd
944 20
+10 2
-10 8
+10 2
cfi=(46)
cfn=(186)
calls=2 38 
* 14
* 2
+7 8
+85 8
+10 4
+7 14
cfi=(26)
cfn=(70)
calls=2 59 
* 766
* 2
+1 4
+11 4
+5 2
-5 2
+1 4
+1 2
+2 2
-2 2
+2 4
+1 6
+1 2
+19 2
-2 1
+2 12
-2 1
+2 30
+10 8
+85 2
-58 2
-34 2
-1 2
+93 2
+6 2
-64 4
+9 2
+55 4
-55 2
-42 2
+97 4
1101 2
-5 4
+15 60
+20 2
+1 1
-22 69
+1 127
1213 4
1110 2
1213 4
1110 6
1218 6
+10 4
+1 2
-1 2
+1 2
-1 6
+1 6
-1 6
+1 6
-1 18
1076 4
1235 4
+10 8
+7 4
fi=(61) ./elf/./dl-map-segments.h
96 2
fe=(31)
1252 6
fi=(61)
28 2
fe=(31)
1252 2
fi=(61)
96 2
fe=(31)
1252 2
fi=(61)
28 4
+1 16
cfi=(60)
cfn=(194)
calls=2 +18 
* 18
+74 4
-1 2
-73 2
+74 2
+3 4
+1 2
+2 2
-3 2
+1 2
+2 2
+7 8
+3 4
cfi=(72)
cfn=(236)
calls=1 -2 
* 6
* 3
+7 2
+2 2
fi=(62) ./elf/./dl-load.h
-37 16
+1 6
+2 16
fi=(61)
+56 32
+8 2
-2 2
+1 2
+2 2
-1 2
+1 2
-1 6
+8 4
+3 4
+8 14
cfi=(44)
cfn=(132)
calls=2 -52 
* 237
+1 4
+5 4
+12 8
-59 40
+2 12
+3 6
-3 12
+2 48
cfi=(60)
cfn=(194)
calls=6 -93 
* 54
* 18
fi=(57) ./elf/../sysdeps/posix/dl-fileid.h
37 6
cfi=(58)
cfn=(190)
calls=2 -8 
* 30
* 4
fe=(31)
999 4
fi=(57)
40 6
fe=(31)
999 2
fi=(57)
40 2
fe=(31)
999 23
+1 10
fi=(57)
49 12
fe=(31)
1515 18
1018 4
+66 13
+1 2
-1 1
+1 1
-1 1
+1 1
cfi=(71)
cfn=(232)
calls=1 25 
* 7
* 2
+26 26
+26 48
+10 8
-1 8
-1 8
+2 8
+2 8
-2 8
-1 48
+2 16
+1 8
+2 8
-3 8
+3 48
+2 16
+4 16
+1 30
+4 6
+1 6
-1 6
+1 42
-18 6
+28 6
-11 2
+1 2
-1 2
+1 14
-18 2
+28 2
-56 4
+7 2
+2 2
-2 2
+1 2
+1 2
-1 4
+1 16
+50 3
+5 1
-1 2
+5 1
-5 2
-56 1
+61 4
+1 1
+3 1
-3 1
+8 4
+15 4
+1 2
+58 8
+1 6
fi=(63) ./elf/./elf/get-dynamic-info.h
39 4
+6 2
-2 2
+2 4
+9 2
+5 2
+3 2
+2 2
-3 2
-3 2
-3 28
+13 8
-23 32
+23 29
-23 116
+4 74
+5 40
+2 10
+3 8
+13 8
+10 7
+1 8
+1 8
+1 8
+2 8
+5 7
+1 7
+1 8
+3 6
+5 2
+7 4
+1 6
+22 6
+5 2
+2 2
+2 2
+2 2
+4 6
+2 3
+1 2
+9 2
+6 2
+4 4
fe=(31)
1275 4
+1 4
+2 4
+10 6
+19 6
+2 10
+52 6
+1 2
+6 16
+1 42
+6 8
cfn=(88)
calls=2 868 
* 40
-7 54
+1 25
+6 25
-6 50
fi=(30)
95 16
213 2
-1 4
105 4
212 2
105 2
-2 2
-3 2
+2 2
+3 2
-4 4
+92 8
-1 2
-87 6
+3 6
+1 4
+1 4
+4 6
+4 6
+3 6
+1 4
+4 2
+1 8
+58 6
+2 8
-56 6
+1 3
+3 6
+3 3
+1 12
+5 6
+2 6
+5 6
+14 3
-1 6
+2 2
-1 4
fe=(31)
1380 4
cfi=(64)
cfn=(204)
calls=2 25 
* 12
* 4
+13 4
+2 8
+2 4
+16 4
cfi=(8)
cfn=(14)
calls=2 25 
* 58
+4 4
+1 4
+17 4
+1 1
+3 1
+5 1
-5 1
+5 1
-5 1
+5 1
-5 1
+5 1
+10 4
+7 12
+10 4
+1 4
+5 2
cfi=(47)
cfn=(238)
calls=1 131 
* 10
+7 6
cfi=(26)
cfn=(82)
calls=2 31 
* 94
+3 8
+23 14
+1 6
cfi=(49)
cfn=(206) _dl_audit_objopen
calls=2 76 
* 10
* 2
fi=(62)
95 5
+2 1
-1 2
+1 1
-1 1
+1 1
-1 1
+1 1
-1 2
+3 4
fe=(31)
1506 10
fi=(30)
198 8
+2 2
+1 2
+2 2
-3 6
fe=(31)
1368 6
fi=(63)
62 8
+2 8
fe=(31)
1084 2
fi=(61)
187 8
cfi=(60)
cfn=(194)
calls=1 47 
* 9
+3 2
fe=(31)
1462 6
+2 1
-1 5
+1 1
-1 1
+1 1
-1 1
cfi=(32)
cfn=(90)
calls=1 108 
* 25
* 2
+2 5
1275 2
fi=(57)
49 3
fi=(30)
170 3
-39 2
fe=(31)

fn=(212)
238 4
+3 2
-3 4
+7 2
-7 4
+3 2
cfi=(42)
cfn=(118)
calls=2 23 
* 72
+3 4
+20 14

fn=(172)
2022 30
+8 6
+1 12
+3 42
+5 49
+2 21
cfi=(54)
cfn=(174)
calls=7 68 
* 935
* 14
+4 12
+1 18
+4 2
-1 10
+1 2
+1 2
-1 2
+1 2
cfi=(32)
cfn=(90)
calls=2 108 
* 86
* 4
2329 27
2068 2
+1 2
-1 2
+1 2
-1 2
+1 2
-1 4
-44 2
+53 6
+17 4
-2 2
+2 2
cfi=(42)
cfn=(118)
calls=2 23 
* 48
* 4
2260 2
-1 3
cfn=(138)
calls=1 385 
* 168
+2 1
-3 1
+1 1
+2 2
+4 5
cfn=(176)
calls=1 1568 
* 283
+3 2
-3 1
+3 1
+12 4
+46 1
+1 3
-1 1
+1 9
cfn=(184)
calls=1 944 
* 1819
-1 1
+1 3
-1 1
+1 9
cfn=(184)
calls=1 944 
* 2221
* 6
2098 2
cfi=(22)
cfn=(60)
calls=1 41 
* 17
* 2
+2 2
+7 4
+51 11
cfn=(216)
calls=1 1870 
* 1656
+6 1
-6 1
+6 4
682 1
2165 1
682 2
2252 2
+28 4
+2 4
2111 1
696 3
2111 1
+1 1
696 2
2116 3
682 1
2117 1
682 2
2173 1
+14 2
+2 3
+4 2
cfi=(68)
cfn=(222)
calls=1 416 
* 1281
* 1
+2 2
+4 2
+8 3
+23 6
cfn=(218)
calls=1 1568 
* 396
+4 2
-4 1
+4 1
+1 2
2131 5
+1 10
682 1
2133 1
682 2
2157 3
+1 2
-16 2

fl=(9)
fn=(464)
262 1
+1 1

fn=(16)
85 4
+25 1
-25 6
+25 1
-1 1
+1 99
+11 1
-8 1
+1 1
-4 1
+3 1
+6 1
+2 13
-34 1
-1 1
+36 113
+3 1
+1 1
-5 85
+57 1
-57 1
+58 1
-1 1
-57 3
+29 1
-29 1
+30 1
-1 1
-29 3
+41 1
-41 1
+42 1
-1 1
-41 3
+35 1
-35 1
+36 1
-1 1
-35 3
+32 1
-32 1
+33 1
-1 1
-32 4
+13 1
-13 1
+14 1
-1 1
-13 3
+10 1
-10 1
+11 1
-1 1
-10 3
+7 1
-7 4
224 1
cfi=(10)
cfn=(18)
calls=1 +58 
* 14770
+3 1
cfi=(12)
cfn=(22)
calls=1 +54 
* 32
fi=(13)
36 2
cfi=(14)
cfn=(28)
calls=1 -1 
* 8
fi=(6)
215 1
cfi=(15)
cfn=(32)
calls=1 37 
* 7224
fe=(9)
+23 3
+1 1
cfi=(22)
cfn=(60)
calls=1 41 
* 17
* 1
+2 2
cfi=(23)
cfn=(62)
calls=1 37 
* 15
* 3
+12 3
+3 5
cfi=(2)
cfn=(64)
calls=1 1320 
* 111679
+2 9

fl=(77)
fn=(270)
252 8
42 1
+9 1
-10 1
+4 1
-4 1
+3 1
+4 2
+1 2
-1 2
+14 2
254 8

fl=(144)
fn=(474)
77 12
+1 1
+1 1
+3 3
+8 2
+25 1
+1 5
+1 2
-86 4
+86 6
-86 12
+2 20
cfn=(476) call_init.part.0
calls=3 -7 
* 199
+83 12
+7 8
-92 4
+2 6
cfn=(476)
calls=1 -7 
* 61
+52 2

fn=(476)
26 32
+13 4
-13 4
+16 4
-3 8
+3 8
+5 6
+8 9
+1 6
cob=(2)
cfi=(51)
cfn=(478)
calls=1 -56 
* 26
+3 3
+1 6
+6 2
+2 2
-2 1
+3 7
+1 4
cob=(3)
cfi=(149)
cfn=(504)
calls=1 +13 
* 12
* 4
cob=(3)
cfi=(146)
cfn=(496)
calls=1 -24 
* 80
-1 6
+3 24
-29 2

fl=(41)
fn=(116)
51 55
-25 42
+4 24
+4 48
+1 12
-1 24
+2 24
+5 27
cfi=(42)
cfn=(118)
calls=9 -18 
* 216
+1 18
+3 6
+11 12
+1 12
+1 6
-1 6
+1 6
-2 6
+1 6
+1 3
-1 3
+1 27
cfn=(120) _dl_hwcaps_contains
calls=6 +8 
* 30
* 12
-3 5
+7 44
-19 6
cfi=(22)
cfn=(60)
calls=3 -2 
* 51
* 3

fn=(122)
25 4
+1 3
+21 1
-20 1
+20 3

fn=(120)
66 6
+1 12
+1 6
+9 6

fl=(79)
fn=(284) check_match
70 98
+3 98
-3 1176
+3 388
+13 96
-13 96
+13 96
-13 96
+13 288
+3 328
cfi=(32)
cfn=(90)
calls=34 +19 
* 1687
* 68
+4 96
+1 192
+2 188
+19 188
+1 752
-38 96
+84 576
-18 4
+2 4
+1 2
-1 4
+1 6
-1 4
+16 12
-45 282
cfi=(32)
cfn=(90)
calls=94 -9 
* 2435
* 188
-44 8
+82 4

fn=(282) do_lookup_x
363 824
+1 103
-1 515
+48 103
-30 206
-11 103
+41 103
-30 309
+30 103
fi=(80) ./elf/../sysdeps/generic/dl-protected.h
44 309
fe=(79)
381 103
fi=(80)
44 412
fe=(79)
395 969
+4 323
+4 323
-3 323
+3 1292
+1 969
+3 323
+1 646
+7 323
-3 646
-2 323
+5 1292
+3 2261
570 684
374 648
+3 648
+4 654
+4 646
+4 646
+88 192
fi=(4)
137 192
+1 288
fe=(79)
528 192
fi=(80)
29 192
fe=(79)
535 740
+16 192
+1 96
+1 192
422 408
-1 204
+2 204
+2 1224
+13 414
-10 1170
+3 98
-1 196
+1 98
-1 98
+2 196
-1 1176
cfn=(284)
calls=98 70 
* 9556
+4 294
+3 4
573 7
+1 824
-35 21
-70 12
171 42
452 768

fn=(280)
840 1030
+10 103
-10 206
+10 103
-10 103
+10 103
204 103
840 103
204 515
581 412
-1 206
+2 103
-1 103
+1 309
-1 309
+1 1305
-1 1305
+1 3915
-1 3915
+2 103
846 103
-4 103
+1 103
+7 103
-8 103
+1 103
+7 385
+3 103
+2 206
-2 103
+6 206
-7 618
+7 35
+1 1442
cfn=(282)
calls=103 363 
* 36422
* 309
+28 103
-23 103
+23 103
-23 206
+24 560
+7 96
-7 96
+40 384
+79 192
-65 288
+3 288
-62 103
+69 927
-86 42
+18 21
+59 2

fl=(129)
fn=(416)
561 4
+3 1
+2 2
+13 1
cfn=(420) _dlfo_process_initial
calls=1 474 
* 79
+1 1
-1 1
+1 1
fi=(28)
56 1
cfi=(27)
cfn=(76)
calls=1 -21 
* 25
fe=(129)
580 1
fi=(28)
56 1
fe=(129)
582 2
+3 2
+5 1
+1 1
cfn=(420)
calls=1 474 
* 280
+3 3
+10 4
-37 2
cfi=(130) ./elf/./dl-find_object.h
cfn=(418) _dl_find_object_from_map
calls=1 95 
* 68
* 1
+29 2
cfn=(422) _dlfo_sort_mappings
calls=1 -60 
* 80
+3 6
+2 1

fn=(420)
474 2
+3 2
-3 2
+1 2
+3 4
+26 14
+1 6
+1 8
-1 16
+3 28
+3 24
-7 10
+25 2
+2 8
-18 18
+3 6
-1 6
cfi=(130)
cfn=(418)
calls=3 95 
* 189
+2 12

fn=(422)
536 1
+1 2
+3 4
+4 1
+1 1
-1 1
+1 2
-1 1
+1 1
-1 1
+1 6
+1 19
-1 9
+8 6
+1 4
-1 2
-13 4
+14 6
+1 4
-15 4
+17 1

fl=(55)
fn=(178)
28 13
+3 13
-3 39
+3 78
+8 91
+2 3
-2 30
+2 10

fl=(13)
fn=(100)
46 5
+2 3
+40 2
cfi=(36)
cfn=(102)
calls=1 +32 
* 6
+15 1
-15 2
+20 1
-1 1
+3 12
+4 3
-2 6
+2 11
+3 2
-1 2
+1 6
-3 8
+3 1
-1 1
+1 3
-3 4
+7 3
-1 3
+4 3
-2 3
+2 12
+9 5

fl=(49)
fn=(206)
76 2
+1 8

fn=(154)
28 6
+2 1
-1 1
+1 2
+6 6

fn=(466)
40 2
+4 1
-4 1
+4 1
-4 1
+4 1
-4 2
+4 1
+1 1
+1 4
+4 6

fn=(530)
117 1
+1 4

fl=(24)
fn=(66)
53 3
+3 8
+5 1
-5 1
+5 1
+1 1
-6 1
+8 1

fn=(266)
68 2
fi=(203) ./elf/../include/list.h
-24 1
fe=(24)
+24 1
fi=(203)
-25 1
fe=(24)
+26 1
+3 1
fi=(203)
-29 1
+1 1
+1 1
+2 1
fe=(24)
+28 4
+1 2
+1 1
+5 2
+5 1
+6 1
-3 1
+3 1
-6 3
+6 1
+13 3
fi=(76) ./elf/../sysdeps/unix/sysv/linux/rseq-internal.h
-72 1
fe=(24)
+72 1
cfi=(10)
cfn=(24)
calls=1 405 
* 20
fi=(76)
-74 3
+2 6
+3 2
+3 1
fe=(24)
+83 3
+7 2
+2 1
+1 1
+1 3

fn=(84)
42 8
+2 16

fl=(7)
fn=(428) lookup_malloc_symbol
61 8
+3 4
-3 16
+3 4
-3 4
+3 8
-1 4
+1 12
cfi=(79)
cfn=(280)
calls=4 840 
* 2104
+4 28
+1 28
+2 4
fi=(132) ./elf/./dl-sym-post.h
-30 8
+12 12
fe=(7)
+19 20

fn=(136)
239 2
+3 4
+2 2
+1 4
+4 33
+7 84
-2 56
+13 1
+4 4
-22 14
+15 14
-15 30

fn=(424)
76 2
+10 1
fi=(131) ./elf/../sysdeps/generic/dl-hash.h
-41 1
fe=(7)
+31 1
fi=(131)
-32 1
fe=(7)
+32 5
+11 1
-1 1
fi=(131)
-43 1
+5 3
+14 4
-17 3
+3 15
+14 20
-17 15
fe=(7)
+46 2
fi=(131)
-24 1
fe=(7)
+22 1
+2 2
fi=(131)
-19 1
fe=(7)
+19 1
cfn=(428)
calls=1 -30 
* 575
+1 3
-1 1
+1 1
cfn=(428)
calls=1 -31 
* 575
+1 3
-1 1
+1 1
cfn=(428)
calls=1 -32 
* 561
+1 3
-1 1
+1 1
cfn=(428)
calls=1 -33 
* 553
+5 1
+1 1
+1 1
+1 1
+1 7

fn=(12)
42 1
+1 2
+1 2
+1 2
+1 2
+1 1

fl=(130)
fn=(418)
95 8
+1 8
+1 4
+6 20
+1 119
+1 82
+2 12
+5 4

ob=(5)
fl=(157)
fn=(692) newBunch
243 151504
+4 75752
-1 37876
+5 27918
+4 9756
-8 38267
+1 55874
+1 19
+1 19
+20 72546
-11 36324
cob=(2)
cfi=(51)
cfn=(622)
calls=18162 0 
* 1236343
+1 18162
+1 18162
+1 18162
+1 36324
+3 12180
+4 41082
-11 1514
cob=(2)
cfi=(51)
cfn=(622)
calls=757 0 
* 52835
+1 757
+1 757
+1 757
+4 2271

fn=(666) tryBaking
284 513218258
+16 73316894
-16 293267576
73 146633788
284 146633788
73 146633788
-2 146633788
+3 73316894
-1 219950682
+1 73316894
-1 219950682
+1 803434986
-1 2410304958
+1 803434986
-1 2410304958
+3 586535152
302 146633788
+1 146633834
+4 531834395
-4 1063668790
+1 1815445461
cob=(2)
cfi=(51)
cfn=(660)
calls=605148487 0 
* 15181257399
* 1888759549
+17 146628182
+1 219942273
73 426673100
-2 213336550
+3 106668275
-1 320004825
+1 106668275
-1 320004825
+1 1148758662
-1 3446275986
+1 1148758662
-1 3446275986
+3 746677925
324 426673100
+2 213336550
-1 212159968
+27 318239952
cob=(2)
cfi=(51)
cfn=(660)
calls=106079984 0 
* 2576596962
* 318239952
-25 318239962
+3 20
+2 20
+1 20
+1 10
cob=(2)
cfi=(51)
cfn=(682)
calls=10 0 
* 910
-5 30
-16 586535144
432 586535144
-79 636479904
+14 33362393
-45 66724786
+55 8209
+2 16418
73 32836
-2 116188
+3 58094
-1 174282
+1 58094
-1 174282
+1 627215
-1 1881645
+1 627215
-1 1881645
+3 406658
381 58094
+2 58094
-2 58094
+1 58094
-1 58094
+2 116188
+4 116188
+1 174282
cob=(2)
cfi=(51)
cfn=(660)
calls=58094 0 
* 1414322
* 174282
-85 5604
+89 76597
+2 76597
-2 229791
+2 19121
-1 19121
+4 19121
-3 19121
+3 19121
+1 19121
cob=(2)
cfi=(51)
cfn=(682)
calls=19121 0 
* 1968239
+3 38242
-10 153974
+35 57866
-47 115732
+4 49885
73 49885
383 49885
73 149655
405 228
-2 456
+7 456
cob=(2)
cfi=(51)
cfn=(682)
calls=228 0 
* 20748
+16 228
-47 456
+50 8209
+2 8209
-2 8209
+2 8209
-17 57476
+1 57476
-1 57476
+1 57476
+2 57476
-12 684

fn=(680) removeRecipe
188 2000
+2 500
-2 3000
+2 1500
cob=(2)
cfi=(51)
cfn=(572)
calls=500 0 
* 345920
* 1000
+10 500
+1 1000
+5 9799642
-5 19599284
+1 29400159
cob=(2)
cfi=(51)
cfn=(660)
calls=9800053 0 
* 237037942
* 19600106
fi=(185) /usr/include/x86_64-linux-gnu/bits/stdio2.h
-90 822
cob=(2)
cfi=(51)
cfn=(642)
calls=411 0 
* 63136
fe=(157)
241 5000
-33 89
+1 184
73 356
-2 178
+3 89
-1 267
+1 89
-1 267
+1 961
-1 2883
+1 961
-1 2883
+3 712
220 178
+1 445
cob=(2)
cfi=(51)
cfn=(660)
calls=89 0 
* 2087
* 265
+7 174
-2 174
+2 2528
-2 6572
cob=(2)
cfi=(51)
cfn=(660)
calls=1348 0 
* 31920
* 2696
+8 84
+1 84
-1 84
+1 84
cob=(2)
cfi=(51)
cfn=(682)
calls=84 0 
* 7644
fi=(185)
112 168
cob=(2)
cfi=(51)
cfn=(642)
calls=84 0 
* 13605
* 84
fe=(157)
214 3459
-5 6918
+1 10377
cob=(2)
cfi=(51)
cfn=(660)
calls=3459 0 
* 82627
* 6918
fi=(185)
-98 6
cob=(2)
cfi=(51)
cfn=(642)
calls=3 0 
* 465
* 3
fe=(157)
222 2
+1 2
-1 2
+1 2
cob=(2)
cfi=(51)
cfn=(682)
calls=2 0 
* 182
fi=(185)
112 4
cob=(2)
cfi=(51)
cfn=(642)
calls=2 0 
* 314
* 2
fe=(157)

fn=(670) newBatch
434 41580
+5 21780
cob=(2)
cfi=(51)
cfn=(572)
calls=1980 0 
* 3783440
* 103176
cob=(2)
cfi=(51)
cfn=(572)
calls=17196 0 
* 32646285
* 38352
73 38352
-2 19176
+2 57528
+1 19176
-1 57528
+1 19176
-1 57528
+1 207089
-1 621267
+1 207089
-1 621267
+3 134232
443 57528
+1 38590
+1 56814
cob=(2)
cfi=(51)
cfn=(660)
calls=18938 0 
* 446963
* 37876
+1 75752
cfn=(692)
calls=18938 243 
* 1945161
* 18938
+1 37876
fi=(186) /usr/include/x86_64-linux-gnu/bits/stdio.h
49 37876
cob=(2)
cfi=(51)
cfn=(638)
calls=18938 -49 
* 397698
* 476
cob=(2)
cfi=(51)
cfn=(638)
calls=238 -49 
* 4998
fe=(157)
471 63468
+12 7920
+10 7920
-10 7920
+7 16330
+6 8146
+1 8146
-1 8146
+1 8146
+6 16330
+1 106
+2 212
-23 16330
+1 1171746704
cfn=(666)
calls=73234169 284 
* 47881741275
* 439405008
+3 146468336
-1 73234168
+1 219694339
-4 146457943
fi=(185)
112 3958
cob=(2)
cfi=(51)
cfn=(642)
calls=1979 0 
* 307972
fe=(157)
543 25727
+1 23748
-34 542771
+4 168150
-5 504450
+8 658
+5 1316
+3 658
-70 476
cob=(2)
cfi=(51)
cfn=(622)
calls=238 0 
* 44030
fi=(177) /usr/include/x86_64-linux-gnu/bits/string_fortified.h
79 952
cob=(2)
cfi=(51)
cfn=(626)
calls=238 -79 
* 11926
fe=(157)
457 238
+2 238
-1 238
-1 476
+1 238
+1 238
cob=(2)
cfi=(51)
cfn=(622)
calls=238 0 
* 16450
+1 238
+1 238
+1 238
+2 238
-1 238
-3 238
+1 238
+1 238
+2 238
+29 114
+24 7401
+2 15346
+3 7129
+3 7129
-60 476

fn=(664) newOrder
546 496350
+2 82725
-2 661800
+2 82725
cob=(2)
cfi=(51)
cfn=(622)
calls=82725 0 
* 15486600
+2 82725
-2 82725
+2 330900
cob=(2)
cfi=(51)
cfn=(572)
calls=82725 0 
* 93418338
* 165450
+10 744525
-4 82725
-1 82725
+5 82725
-3 82725
+3 82725
cfn=(666)
calls=82725 284 
* 61007029
+1 82725
-1 330900
+4 259471
+30 413625
-42 496350
+43 992700
fi=(185)
112 5604
cob=(2)
cfi=(51)
cfn=(642)
calls=2802 0 
* 435346
* 2890
cob=(2)
cfi=(51)
cfn=(642)
calls=44 0 
* 6820
fe=(157)
574 88
+5 126
fi=(185)
112 159758
cob=(2)
cfi=(51)
cfn=(642)
calls=79879 0 
* 12425419
fe=(157)
274 159758
+1 79878
+1 159765

fn=(540)
657 2
+4 2
-4 3
+12 1
-12 6
+4 1
cob=(2)
cfi=(51)
cfn=(542)
calls=1 0 
* 5862
+1 2
-1 1
+1 1
cob=(2)
cfi=(51)
cfn=(542)
calls=1 0 
* 4243
+7 2
-2 2
+2 1
-2 4
+2 1
cob=(2)
cfi=(51)
cfn=(572)
calls=1 0 
* 1213
* 6
cob=(2)
cfi=(51)
cfn=(572)
calls=1 0 
* 903
* 2
-10 3
+21 44955
+2 44952
cfn=(620) newRecipe
calls=22476 126 
* 272116520
* 22476
+33 22476
-41 89904
cob=(2)
cfi=(51)
cfn=(572)
calls=22476 0 
* 13547256
+41 85204
-41 340816
cob=(2)
cfi=(51)
cfn=(572)
calls=85204 0 
* 52408469
* 4
cob=(2)
cfi=(51)
cfn=(572)
calls=1 0 
* 794
* 215362
+2 753762
+4 646086
+4 511230
+2 4000
cfn=(680)
calls=500 188 
* 316051589
* 1500
+2 254115
+4 165450
-15 963
cfn=(704) loadOrders
calls=107 -80 
* 13242682
* 214
+11 7920
+2 19800
cfn=(670)
calls=1980 434 
* 50122462105
* 15832
+2 330900
+2 827250
cfn=(664)
calls=82725 546 
* 189066740
* 661800

fn=(620)
126 202284
+2 67428
-2 67428
+2 22476
cob=(2)
cfi=(51)
cfn=(572)
calls=22476 0 
* 15527599
* 44952
-55 44952
-2 22476
+2 44952
+1 272879
-1 818637
+1 272879
-1 818637
+3 179808
+61 44952
+1 22476
-1 22476
+1 22476
cob=(2)
cfi=(51)
cfn=(622)
calls=22476 0 
* 4207317
fi=(177)
-59 44952
fe=(157)
+59 22476
fi=(177)
-59 22476
fe=(157)
+59 22476
fi=(177)
-59 22476
cob=(2)
cfi=(51)
cfn=(626)
calls=22476 -79 
* 1135564
fe=(157)
+61 22476
+5 448691
+4 1209714
cob=(2)
cfi=(51)
cfn=(660)
calls=403238 0 
* 10126727
* 65925
cob=(2)
cfi=(51)
cfn=(660)
calls=21975 0 
* 534859
* 850426
+10 422715
-11 845430
+14 268517
+7 648365
cob=(2)
cfi=(51)
cfn=(572)
calls=129673 0 
* 154857485
* 99890
cob=(2)
cfi=(51)
cfn=(572)
calls=19978 0 
* 24164628
* 299302
+1 299302
cob=(2)
cfi=(51)
cfn=(622)
calls=149651 0 
* 28078832
fi=(177)
-91 448953
fe=(157)
+91 299302
fi=(177)
-91 149651
cob=(2)
cfi=(51)
cfn=(626)
calls=149651 -79 
* 7512357
fe=(157)
+93 149651
fi=(186)
49 149651
fe=(157)
173 149651
-1 149651
fi=(186)
49 149651
cob=(2)
cfi=(51)
cfn=(638)
calls=149651 -49 
* 3142671
fe=(157)
176 508887
+5 19978
fi=(185)
-69 19978
fe=(157)
+69 19978
fi=(185)
-69 19978
cob=(2)
cfi=(51)
cfn=(642)
calls=19978 0 
* 3107834
fe=(157)
+74 269712
fi=(185)
-74 2498
fe=(157)
+40 2498
fi=(185)
-40 2498
cob=(2)
cfi=(51)
cfn=(642)
calls=2498 0 
* 388968
fi=(186)
-63 630204
cob=(2)
cfi=(51)
cfn=(638)
calls=315102 -49 
* 6629226
fe=(157)
152 950302
-6 2004

fn=(704)
597 1070
+8 214
+7 107
+1 321
+3 107
+3 214
-3 8052
+3 24156
-1 16104
+10 282278
-9 1127066
+1 576568
+2 282278
+1 564
+7 23800
+4 5894
+1 5894
-25 11788
+24 2046
+1 2046
-25 12144
+2 8052
+1 16104
+41 214
+1 107
-1 428
+1 107
-1 107
+1 107
-1 107
+1 428
-36 107
+13 214
+3 107
-25 214
+22 224
+3 112
-25 545
fi=(185)
112 749
cob=(2)
cfi=(51)
cfn=(706)
calls=107 0 
* 139813
* 56364
cob=(2)
cfi=(51)
cfn=(706)
calls=8052 0 
* 10611177
fe=(157)
644 8159
-2 16425

fl=(150)
fn=(508)
0 12
cob=(3)
cfi=(151)
cfn=(510)
calls=1 242 
0 50983976444

fn=(520)
0 12

ob=(4)
fl=(145)
fn=(490)
0 5

fn=(482)
0 12

totals: 50984113094
