# callgrind format
version: 1
creator: callgrind-3.18.1
pid: 1249
cmd:  ./first
part: 1


desc: I1 cache: 
desc: D1 cache: 
desc: LL cache: 

desc: Timerange: Basic block 0 - 2709348739
desc: Trigger: Program termination

positions: line
events: Ir
summary: 15232115766


ob=(2) ???
fl=(51) ???
fn=(450) 0x0000000004874650
0 38
cob=(1) /usr/lib/x86_64-linux-gnu/ld-linux-x86-64.so.2
cfi=(10) ./elf/./elf/dl-tunables.c
cfn=(24) __tunable_get_val
calls=19 405 
0 391
cob=(1)
cfi=(141) ./elf/../sysdeps/x86_64/dl-trampoline.h
cfn=(456) _dl_runtime_resolve_xsave
calls=1 67 
0 813
0 5

fn=(500) 0x00000000048745f0
0 2
cob=(3) /usr/lib/x86_64-linux-gnu/libc.so.6
cfi=(148) ./string/../sysdeps/x86_64/multiarch/strrchr-avx2.S
cfn=(502) __strrchr_avx2
calls=1 46 
0 34

fn=(568) 0x0000000004874670
0 4
cob=(3)
cfi=(164) ./string/../sysdeps/x86_64/multiarch/memset-vec-unaligned-erms.S
cfn=(570) __memset_avx2_unaligned_erms
calls=2 181 
0 65586

fn=(634) 0x0000000004874620
0 135086
cob=(3)
cfi=(180) ./string/../sysdeps/x86_64/multiarch/memmove-vec-unaligned-erms.S
cfn=(636) __memcpy_avx_unaligned_erms
calls=67543 307 
0 882857

fn=(666) 0x00000000048743e0
0 48894
cob=(3)
cfi=(180)
cfn=(668) __mempcpy_avx_unaligned_erms
calls=24447 294 
0 367464

fn=(658) 0x0000000000109150
0 206102332
cob=(3)
cfi=(184) ./string/../sysdeps/x86_64/multiarch/strcmp-avx2.S
cfn=(660) __strcmp_avx2
calls=103051166 83 
0 2291800593

fn=(164) 0x0000000004002050
0 6
cob=(1)
cfi=(52) ./elf/./elf/dl-error-skeleton.c
cfn=(166) _dl_catch_exception
calls=3 175 
0 9596

fn=(638) 0x00000000001091b0
0 2449624
cob=(3)
cfi=(181) ./libio/./libio/getc.c
cfn=(640) getc
calls=1224812 34 
0 23288282

fn=(760) 0x000000000010aa0c
0 4

fn=(622) 0x0000000000109160
0 1619480
cob=(3)
cfi=(158) ./malloc/./malloc/malloc.c
cfn=(598) malloc
calls=809740 3287 
0 120367559

fn=(626) 0x0000000000109170
0 135086
cob=(3)
cfi=(178) ./debug/./debug/strcpy_chk.c
cfn=(628) __strcpy_chk
calls=67543 27 
0 3314405

fn=(630) 0x0000000004874490
0 183614
cob=(3)
cfi=(179) ./string/../sysdeps/x86_64/multiarch/strlen-avx2.S
cfn=(632) __strlen_avx2
calls=91807 50 
0 1285302

fn=(642) 0x0000000000109120
0 48452
cob=(3)
cfi=(182) ./libio/./libio/ioputs.c
cfn=(644) puts
calls=24226 33 
0 3720312

fn=(772) 0x000000000483f040
0 2
cob=(3)
cfi=(198) ./stdlib/./stdlib/cxa_finalize.c
cfn=(746) __cxa_finalize
calls=1 30 
0 72

fn=(516) 0x0000000000109000
0 7

fn=(764) 0x000000000483f334
0 3
cob=(4) /usr/libexec/valgrind/vgpreload_core-amd64-linux.so
cfi=(145) ???
cfn=(766) 0x00000000000010e0
calls=1 0 
0 105
0 2

fn=(478) 0x000000000483f000
0 6
cob=(4)
cfi=(145)
cfn=(482) 0x0000000000001170
calls=1 0 
0 12
0 1
cob=(4)
cfi=(145)
cfn=(490) 0x00000000000012f0
calls=1 0 
0 5
0 2

fn=(678) 0x0000000000109100
0 1447236
cob=(3)
cfi=(158)
cfn=(680) free
calls=723618 3352 
0 79408924

fn=(704) 0x0000000000109180
0 76
cob=(3)
cfi=(188) ./debug/./debug/printf_chk.c
cfn=(706) __printf_chk
calls=38 25 
0 49044

fn=(526) 0x00000000048746d0
0 2
cob=(1)
cfi=(49) ./elf/./elf/dl-audit.c
cfn=(530) _dl_audit_preinit
calls=1 117 
0 5
cob=(1)
cfi=(141)
cfn=(456)
calls=1 67 
0 824
0 5

fn=(542) 0x0000000000109140
0 4
cob=(3)
cfi=(158)
cfn=(544) calloc
calls=2 3624 
0 67645

fn=(572) 0x00000000001091a0
0 1684958
cob=(3)
cfi=(165) ./stdio-common/./stdio-common/isoc99_scanf.c
cfn=(574) __isoc99_scanf
calls=842479 25 
0 1392948305

fn=(160) 0x0000000004002080
0 2
cob=(1)
cfi=(52)
cfn=(162) _dl_catch_error
calls=1 225 
0 2782

fn=(744) 0x00000000001090f0
0 2
cob=(3)
cfi=(198)
cfn=(746)
calls=1 30 
0 72

fn=(596) 0x0000000004874380
0 4
cob=(3)
cfi=(158)
cfn=(598)
calls=2 3287 
0 370

fn=(710) 0x00000000048744d0
0 304
cob=(3)
cfi=(190) ./string/../sysdeps/x86_64/multiarch/strchr-avx2.S
cfn=(712) __strchrnul_avx2
calls=152 51 
0 2888

ob=(3)
fl=(87) ./wcsmbs/../sysdeps/x86_64/multiarch/wcsnlen.c
fn=(302) wcsnlen
29 1
fi=(88) ./wcsmbs/../sysdeps/x86_64/multiarch/ifunc-wcslen.h
+5 4
-1 2
+2 3
+2 2
+4 3
+3 3
fe=(87)
-15 1

fl=(99) ./wcsmbs/../sysdeps/x86_64/multiarch/wcscmp.c
fn=(332) wcscmp
30 1
fi=(95) ./wcsmbs/../sysdeps/x86_64/multiarch/ifunc-avx2.h
+3 5
-1 2
+2 3
+2 2
+4 3
+3 4
fe=(99)
-13 1

fl=(138) ./resource/../sysdeps/unix/sysv/linux/getrlimit64.c
fn=(444) getrlimit
38 2
+1 7
+1 1

fl=(181)
fn=(640)
34 7348872
+3 2449624
+1 7348554
+5 6123954
-5 106
cfi=(168) ./libio/./libio/genops.c
cfn=(580) __uflow
calls=106 299 
* 17172

fl=(160) ./stdlib/../sysdeps/unix/sysv/linux/getrandom.c
fn=(550) getrandom
28 1
+1 7
+1 1

fl=(164)
fn=(570)
181 2
+1 6
+5 2
+1 2
+1 2
+1 2
+69 2
+1 2
+88 2
+1 2
+1 2
+1 65554
+1 2
+1 4

fl=(128) ./string/../sysdeps/x86_64/multiarch/rawmemchr.c
fn=(408) rawmemchr
31 1
fi=(124) ./string/../sysdeps/x86_64/multiarch/ifunc-evex.h
+4 5
-1 2
+2 3
+5 2
-3 2
+9 3
+3 4
fe=(128)
-19 1

fl=(154) ./setjmp/../sysdeps/x86_64/bsd-_setjmp.S
fn=(534) _setjmp
28 1
+2 1
+2 1
cfi=(155) ./setjmp/../sysdeps/x86_64/setjmp.S
cfn=(536) __sigsetjmp
calls=1 -2 
* 31

fl=(118) ./string/../sysdeps/x86_64/multiarch/strlen.c
fn=(380) strlen
29 1
fi=(84) ./string/../sysdeps/x86_64/multiarch/ifunc-avx2.h
+4 5
-1 2
+2 3
+2 2
+4 3
+3 4
fe=(118)
-14 1

fl=(100) ./string/../sysdeps/x86_64/multiarch/stpncpy.c
fn=(336) stpncpy
31 1
fi=(101) ./string/../sysdeps/x86_64/multiarch/ifunc-strcpy.h
+5 2
+1 1
-1 2
+1 2
+2 2
+4 3
+3 3
fe=(100)
-15 1

fl=(193) ./stdlib/./stdlib/exit.c
fn=(728) __run_exit_handlers
40 11
+5 2
+3 5
+50 1
-42 1
+2 3
+8 6
+2 1
+3 1
-3 1
+3 6
+34 1
+1 1
+1 1
-2 1
+7 1
-3 2
+3 3
+1 3
cob=(1)
cfi=(195) ./elf/./elf/dl-fini.c
cfn=(732) _dl_fini
calls=1 -82 
* 897
+1 4
+10 2
+1 2
-63 1
+69 4
+2 2
+1 6
cfi=(168)
cfn=(786) _IO_cleanup
calls=1 863 
* 641
* 3
+2 2
cfi=(201) ./posix/../sysdeps/unix/sysv/linux/_exit.c
cfn=(800) _Exit
calls=1 27 
* 5
-90 1
cfi=(194) ./stdlib/./stdlib/cxa_thread_atexit_impl.c
cfn=(730) __call_tls_dtors
calls=1 149 
* 12
* 1

fn=(726) exit
142 3
+1 3
-1 1
+1 1
cfn=(728)
calls=1 40 
* 1634

fl=(127) ./string/../sysdeps/x86_64/multiarch/strncase.c
fn=(406) strncasecmp
31 1
fi=(202) ./string/../sysdeps/x86_64/multiarch/ifunc-strcasecmp.h
+1 5
fe=(127)
-1 1

fl=(199) ./posix/./posix/register-atfork.c
fn=(748) __unregister_atfork
76 4
+1 2
-1 2
+1 6
fi=(200) ./posix/../malloc/dynarray-skeleton.c
243 2
fe=(199)
65 4
+38 8
+1 4

fl=(102) ./wcsmbs/../sysdeps/x86_64/multiarch/wmemchr.c
fn=(340) wmemchr
31 2
fi=(103) ./wcsmbs/../sysdeps/x86_64/multiarch/ifunc-evex.h
+4 10
-1 4
+2 6
+5 4
-3 4
+9 6
+3 8
fe=(102)
-19 2

fl=(91) ./wcsmbs/../sysdeps/x86_64/multiarch/wcslen.c
fn=(310) wcslen
29 1
fi=(88)
+5 4
-1 2
+2 3
+2 2
+4 3
+3 3
fe=(91)
-15 1

fl=(106) ./string/../sysdeps/x86_64/multiarch/strcspn.c
fn=(348) strcspn
29 1
fi=(203) ./string/../sysdeps/x86_64/multiarch/ifunc-sse4_2.h
+1 5
fe=(106)
-1 1

fl=(125) ./string/../sysdeps/x86_64/multiarch/strspn.c
fn=(400) strspn
29 1
fi=(203)
+1 5
fe=(125)
-1 1

fl=(151) ./csu/../csu/libc-start.c
fn=(510) __libc_start_main@@GLIBC_2.34
242 12
343 3
+1 3
cfi=(152) ./stdlib/./stdlib/cxa_atexit.c
cfn=(512) __cxa_atexit
calls=1 69 
* 71
+25 6
+6 2
-3 2
+10 2
cob=(2)
cfi=(51)
cfn=(526)
calls=1 0 
* 836
+2 2
+8 4
cfi=(153) ./csu/../sysdeps/nptl/libc_start_call_main.h
cfn=(532) (below main)
calls=1 29 
* 15231978119
128 2
+6 3
+1 6
cob=(2)
cfi=(51)
cfn=(516)
calls=1 0 
* 7
* 1
+3 1
+1 2
+3 2
+1 2
-1 1
+2 7
+1 4
cob=(5) /home/colinux/Bakery/first
cfi=(150) ???
cfn=(520) 0x0000000000001600
calls=1 0 
* 12
-1 4

fl=(119) ./string/../sysdeps/x86_64/multiarch/strncpy.c
fn=(384) strncpy
29 1
fi=(101)
+7 2
+1 1
-1 2
+1 2
+2 2
+4 3
+3 3
fe=(119)
-17 1

fl=(85) ./string/../sysdeps/x86_64/multiarch/strpbrk.c
fn=(298) strpbrk
29 1
fi=(203)
+1 5
fe=(85)
-1 1

fl=(107) ./wcsmbs/../sysdeps/x86_64/multiarch/wcscpy.c
fn=(350) wcscpy
43 1
-6 5
+6 1

fl=(194)
fn=(730)
149 4
+1 4
+18 4

fl=(158)
fn=(544)
3624 4
+10 2
-10 8
+10 16
+8 4
+3 6
+2 6
+32 6
cfn=(556) _int_malloc
calls=2 1343 
* 292
+2 10
fi=(159) ./malloc/./malloc/arena.c
162 6
fe=(158)
3681 4
+3 6
+14 4
+11 2
+5 2
-2 4
-3 2
+12 8
-20 8
+31 2
+2 4
+2 4
fi=(159)
315 1
cfn=(548) ptmalloc_init.part.0
calls=1 -2 
* 1128
* 1
fe=(158)
3657 2
+1 6
+7 2
+97 2
-25 4
+25 8
-25 2
cob=(2)
cfi=(51)
cfn=(568)
calls=2 0 
* 65590
3241 4
cfn=(554) tcache_init.part.0
calls=1 -6 
* 484
* 1

fn=(680)
3352 723618
+4 1447236
-4 723618
+14 723618
-14 1447236
+12 723618
+4 723618
-4 723618
+4 1447236
+17 2170854
fi=(159)
162 2170854
fe=(158)
3391 1447236
cfn=(684) _int_free
calls=723618 4421 
* 61318474
+3 723618
+1 2894472

fn=(556)
1343 655482
3771 327741
1362 327741
3771 2621928
1362 655482
3904 266254
+2 266254
-2 266254
+2 532508
+2 5560
+1 11120
+6 5560
-4 5560
+1 5560
+1 5560
+2 11120
+7 22240
-1 11120
+1 11120
3181 5560
3927 5560
3183 5560
3927 5560
3181 5560
3927 132828
+1 77522
+4 38716
+1 38716
+1 77432
3181 38716
3936 38716
3185 38716
3937 38716
3181 38716
+2 193580
-6 38716
+9 38716
-9 38716
+8 38716
+1 38716
1362 655482
3811 655482
4397 655482
3838 655482
+63 163466
+62 148
+1 12
3847 122966
-6 61483
+9 61483
+1 61483
-1 122966
+1 307415
+5 122966
+1 122966
+7 61483
-1 122966
+1 307415
+5 61483
+1 61483
3183 61483
3870 61483
+5 2138405
3181 855362
+2 427681
+2 427681
-2 855362
+2 427681
-8 427681
+8 427681
3869 427681
+1 2140382
+2 855362
+2 427681
+1 427681
-1 855362
-21 738024
-10 246008
+2 1045591
4399 521388
3903 260694
4399 3389022
3983 260694
+1 260694
-1 521388
-1 521388
+2 521388
-1 4
+1 4
-1 8
-1 8
+2 8
-2 782091
+12 260697
-6 260697
+73 1042788
-67 782092
-6 1
+73 4
-67 885
4158 11646
-91 11646
+91 23292
-91 11646
-74 11646
3181 11646
4067 11646
3181 23292
4025 23292
3183 23292
3997 46584
+1 11646
+2 23292
-3 870284
+1 217571
+2 435142
+1 687651
+2 229217
+1 916868
+2 916868
-10 229217
+12 458434
+1 458434
+2 458434
+11 916868
+31 229165
+1 229165
+4 458330
+29 446662
+2 446662
+1 669993
+1 223331
-1 223331
+57 223331
+2 446662
-2 446662
+2 223331
+7 223331
-9 669993
+9 223331
-7 223331
+1 223331
+1 223331
+6 446662
+2 449124
+7 336843
3994 581425
2005 186312
4413 2949669
2005 5560
3944 5560
2005 11120
4060 5834
+1 5834
-1 5834
+1 11668
+5 5834
-21 5834
+21 5834
+1 23336
2005 1242
4166 333150
3994 333150
4183 519806
+2 12
+3 4
-3 4
+3 8
+68 519806
+1 259903
+1 259903
-1 259903
+1 259903
+1 519806
+1 779709
+5 544622
+16 43242
+2 86484
-4 110292
+8 11904
+3 23808
+2 1230
+1 1230
+1 1230
-2 4920
-27 1230
3181 5213
+2 5213
+2 5213
-4 5213
+2 20852
4071 5213
3184 5213
+1 5213
4071 5213
-48 22056
+1 21426
+5 52
-1 104
+3 52
-1 52
+1 104
+1 52
+1 104
+6 52
+6 52
-6 364
+2 156
+1 52
2005 156
4269 749865
+3 999804
-3 747675
+3 996900
-3 498450
+3 747318
+97 249229
+1 498458
+2 498458
+3 748649
+17 1443
+2 588
cfn=(686) malloc_consolidate
calls=294 4715 
* 15165420
+3 294
-1 882
+1 294
-1 294
3904 245187
4299 32022
+3 21348
+2 10674
+3 21348
-3 10674
+3 21348
cfn=(700) unlink_chunk.constprop.0
calls=10674 1626 
* 234828
+3 42696
+15 21348
-5 10674
+5 21348
+1 21348
+3 10674
+1 10674
+1 10674
+3 21348
+1 10674
+1 21348
+5 85392
+2 32022
+1 10674
2005 10674
4347 10674
2005 21348
4272 726
+2 2904
+1 1452
3193 1248
+1 832
+2 1664
+1 416
+1 416
4174 416
4380 248748
-2 497496
+2 248748
-1 248748
+6 248748
-5 248748
-3 248748
+3 248748
+2 248748
-2 994992
2005 248748
4382 248748
2005 497496
4407 748
cfn=(558) sysmalloc
calls=187 2548 
* 50780
* 187
+1 374
2005 561

fn=(722) sysmalloc_mmap_fallback.constprop.0
2508 875
+4 125
-4 250
+7 250
+1 5
+3 250
+5 125
-1 250
+3 1000
cfi=(192) ./misc/../sysdeps/unix/sysv/linux/mmap64.c
cfn=(724) mmap
calls=125 47 
* 1125
* 125
+3 250
+4 250
+7 125
+2 125
+2 875
2028 500

fn=(598)
3287 4858452
+7 1619484
1343 1619484
+19 3238968
3306 3238968
+3 1619484
+10 983214
+28 1638690
1362 809742
3304 2429226
+7 2429220
3193 964008
+1 964008
+2 482004
+1 482004
-1 1446012
+1 482004
+1 482004
3347 2410020
-26 1310952
cfn=(556)
calls=327738 1343 
* 84565815
+1 1638690
fi=(159)
162 655476
fe=(158)

fn=(686)
4715 294
+17 294
-17 1176
+28 294
-28 882
+15 294
+2 294
+13 588
+1 588
-1 5292
+1 5292
+62 8820
+1 2352
-31 445838
+4 289584
+2 144792
+1 289584
+1 289584
+2 289584
-4 78127
+1 156254
+1 156254
+2 156254
+5 222919
+2 222919
-2 445838
+3 222919
+9 668427
-56 445838
+4 668757
+1 891676
+8 222919
-3 445838
+3 222919
-3 222919
+4 222919
-4 222919
+5 222919
-5 222919
+5 445838
+2 445838
+1 84310
+2 84310
-1 84310
+2 337240
+2 505860
cfn=(700)
calls=84310 1626 
* 1854820
* 337240
+3 445838
+4 78127
+1 234381
+16 78127
-16 78127
cfn=(700)
calls=78127 1626 
* 1718794
* 234381

fn=(554)
3235 3
+9 8
+1 3
cfn=(556)
calls=1 1343 
* 367
* 1
+1 2
+8 4
+7 2
+2 1
+1 2
-1 1
+1 86
+3 4

fn=(558)
2548 1683
+20 748
+11 374
+1 561
+26 187
+1 561
+1 187
+9 1492
+6 561
+3 561
2941 374
+1 187
+5 374
+3 374
+5 374
-2 187
+2 187
-1 187
+1 187
-3 187
+3 187
+1 187
-1 561
+1 187
+2 374
+6 2057
2687 374
+9 748
+13 561
+8 935
+8 374
+21 500
+6 875
cfn=(722)
calls=125 2508 
* 6505
+2 250
-2 125
+2 125
+4 125
+14 375
-10 250
+2 374
+2 561
+6 744
+1 61
2946 61
2773 183
+2 252
+92 250
-65 125
+84 250
+10 126
-1 126
+1 378
+1 126
+11 252
+7 250
+1 375
+8 125
+2 125
+5 250
+2 436
cfn=(684)
calls=109 4421 
* 8534
* 109
+8 109
+5 218
fi=(159)
565 187
fe=(158)
2727 187
cfi=(161) ./malloc/./malloc/morecore.c
cfn=(562) __glibc_morecore
calls=187 25 
* 8555
+1 374
-1 187
+1 187
2028 62
2729 62
2028 62
2729 62
2028 124
2730 187
+3 374
+33 124
2610 124
2775 2
+40 3
+22 1
+1 1
-1 1
+1 6
+2 2
+1 3
cfi=(161)
cfn=(562)
calls=1 25 
* 28
+12 2
-12 1
+12 1
2028 4
2897 4
2765 2
-36 250
-16 3

fn=(684)
4421 5789816
+10 723727
-10 2171181
+10 1447454
+6 3618635
+1 1447454
+4 2894908
+8 3618635
-1 1447454
+1 1447454
+29 723727
-20 723727
-6 723727
+6 1447454
+20 2894908
+14 1425770
+11 2848336
+2 2136252
2012 2136252
4527 712084
+1 712084
+4 2136252
+2 2136252
+4 1424168
+2 2848336
+1 712084
+19 2846186
4702 7960997
4569 1602
+3 801
+3 2403
+7 801
-4 801
+4 1602
+3 1602
+5 2403
+3 1602
+1 1602
+1 1602
2012 2403
4601 1602
+1 387
+2 387
-1 387
+2 1548
+2 774
cfn=(700)
calls=387 1626 
* 8514
+3 1602
+5 1602
+4 416
+9 416
-1 416
+1 1248
+1 832
-1 385
-1 385
+1 1155
+1 770
+2 801
+2 1602
+5 801
+1 801
+2 2403
+1 801
+30 1602
+20 2403
3181 10842
+4 10842
-4 10842
+2 43368
+1 10842
+1 10842
4482 10842
4616 385
+1 385
-1 385
cfn=(700)
calls=385 1626 
* 8470
+1 385

fn=(700)
1626 173883
+2 869415
+3 347766
+1 173883
-1 521649
+3 695532
+3 173883
+1 173883
+1 347766
+24 347766

fl=(120) ./wcsmbs/../sysdeps/x86_64/multiarch/wmemcmp.c
fn=(388) wmemcmp
29 1
fi=(121) ./wcsmbs/../sysdeps/x86_64/multiarch/ifunc-memcmp.h
+5 2
+1 1
-1 2
+1 2
+1 2
+1 3
+2 2
+4 3
+3 3
fe=(120)
-17 1

fl=(149) ./libio/./libio/vtables.c
fn=(504) check_stdfiles_vtables
83 1
+1 4
+1 3
+1 3
+2 1

fl=(162) ./misc/./misc/sbrk.c
fn=(564) sbrk
37 376
+6 188
-6 188
+3 188
-3 376
+3 188
+3 188
+20 1
+15 315
-20 376
+1 2
cfi=(163) ./misc/../sysdeps/unix/sysv/linux/brk.c
cfn=(566) brk
calls=1 -24 
* 9
* 2
+4 1
-1 376
+4 748
+8 187
cfi=(163)
cfn=(566)
calls=187 -39 
* 1933
* 374
-14 125
+18 625

fl=(201)
fn=(800)
27 2
+3 1
+1 2

fl=(94) ./wcsmbs/../sysdeps/x86_64/multiarch/wcschr.c
fn=(318) wcschr
31 2
fi=(95)
+2 10
-1 4
+2 6
+2 4
+4 6
+3 8
fe=(94)
-12 2

fl=(89) ./string/../sysdeps/x86_64/multiarch/memset.c
fn=(306) memset
29 1
fi=(90) ./string/../sysdeps/x86_64/multiarch/ifunc-memset.h
+21 5
+3 3
+7 2
+9 2
+2 2
+10 2
+8 2
+2 5
fe=(89)

fl=(97) ./string/../sysdeps/x86_64/multiarch/strrchr.c
fn=(324) rindex
28 1
fi=(84)
+5 5
-1 2
+2 3
+2 2
+4 3
+3 4
fe=(97)
-15 1

fl=(174) ./stdlib/../stdlib/strtol.c
fn=(612) __strtol_internal
97 1548781
+1 4646343
cfi=(175) ./stdlib/../stdlib/strtol_l.c
cfn=(614) ____strtol_l_internal
calls=1548781 225 
* 238764840

fl=(165)
fn=(574)
25 10952227
+4 842479
+1 1684958
-1 1684958
+1 842479
-1 842479
+1 842479
-1 842479
+1 842479
-1 842479
+1 842479
cfi=(166) ./stdio-common/./stdio-common/vfscanf-internal.c
cfn=(576) __vfscanf_internal
calls=842479 278 
* 1367673935
+4 4212395

fl=(110) ./string/../sysdeps/x86_64/multiarch/memcmp.c
fn=(358) bcmp
29 1
fi=(111) ./string/../sysdeps/x86_64/multiarch/ifunc-memcmp.h
+5 2
+1 1
-1 2
+1 2
+1 2
+1 3
+2 2
+4 3
+3 3
fe=(110)
-17 1

fl=(122) ./string/../sysdeps/x86_64/multiarch/stpcpy.c
fn=(392) stpcpy
33 1
fi=(101)
+3 2
+1 1
-1 2
+1 2
+2 2
+4 3
+3 3
fe=(122)
-13 1

fl=(155)
fn=(536)
30 1
+2 1
+9 1
+1 2
+1 1
+4 1
+1 1
+1 1
+1 1
+1 1
+2 2
+2 1
+1 1
+1 1
+2 2
+2 1
+5 1
+1 1
+17 1
cfi=(156) ./setjmp/./setjmp/sigjmp.c
cfn=(538) __sigjmp_save
calls=1 -56 
* 9

fl=(173) ./io/../sysdeps/unix/sysv/linux/read.c
fn=(608) read
25 4029
+1 24174
+1 4029

fl=(96) ./string/../sysdeps/x86_64/multiarch/strchr.c
fn=(322) index
61 1
-20 2
+1 1
-1 2
-1 2
+2 2
+2 2
+4 3
+3 3
+10 1

fl=(116) ./string/../sysdeps/x86_64/multiarch/strcpy.c
fn=(374) strcpy
29 1
fi=(101)
+7 2
+1 1
-1 2
+1 2
+2 2
+4 3
+3 3
fe=(116)
-17 1

fl=(188)
fn=(706)
25 418
+7 38
-4 76
+4 76
-4 38
+5 38
-1 38
+1 38
-5 38
+4 38
+1 38
-1 38
+1 38
cfi=(189) ./stdio-common/./stdio-common/vfprintf-internal.c
cfn=(708) __vfprintf_internal
calls=38 1180 
* 47904
+4 190

fl=(192)
fn=(724)
47 250
+3 250
+8 500
+2 125

fl=(197) ./nptl/./nptl/pthread_mutex_unlock.c
fn=(736) pthread_mutex_unlock@@GLIBC_2.2.5
367 1
51 3
+1 2
367 1
57 2
+8 1
-3 1
-23 1
+1 2
+30 1
369 2
40 3
+1 2
+33 2
+6 4
+4 3
+3 3

fl=(123) ./string/../sysdeps/x86_64/multiarch/memchr.c
fn=(396) memchr
29 1
fi=(124)
+6 5
-1 2
+2 3
+5 2
-3 2
+9 3
+3 4
fe=(123)
-21 1

fl=(180)
fn=(668)
294 24447
+1 24447
+1 24447
+1 24447
+17 24447
+1 24447
+42 24447
+1 24447
+2 24427
+1 24427
+2 231
+4 231
+1 211
+1 211
+1 211
+1 211
+1 63
+1 63
+2 63
+2 63
-2 148
+2 148
+6 20
+1 20
+1 20
+1 20
+1 20
+7 20
+1 20
+1 20
+1 20
+2 20
+17 24196
+1 24196
+1 24196
+1 24196
+1 24196

fn=(636)
307 67543
+1 67543
+6 67543
+1 67543
+42 67543
+1 67543
+2 67543
+1 67543
+2 2399
+4 2399
+16 2399
+1 2399
+1 2399
+1 2399
+1 2399
+29 65144
+1 65144
+1 65144
+1 65144
+1 65144

fl=(170) ./libio/./libio/filedoalloc.c
fn=(588) _IO_file_doallocate
78 18
+6 8
fi=(183) ./libio/./libio/libioP.h
940 6
+2 4
+1 4
fe=(170)
84 6
cfi=(169) ./libio/./libio/fileops.c
cfn=(590) _IO_file_stat
calls=2 1146 
* 36
* 4
+2 8
+11 8
+4 4
cob=(2)
cfi=(51)
cfn=(596)
calls=2 0 
* 374
* 2
+1 4
+2 8
cfi=(168)
cfn=(602) _IO_setb
calls=2 329 
* 48
+1 2
+1 16

fl=(187) ./io/../sysdeps/unix/sysv/linux/write.c
fn=(698) write
25 59
+1 413
+1 59

fl=(169)
fn=(646) _IO_file_xsputn@@GLIBC_2.2.5
1197 122460
+7 24492
-7 73476
+6 97892
+9 48908
-2 97816
+17 73362
+1 24447
+3 73341
+2 24447
+2 24447
+2 48894
-2 24447
+1 24447
+1 24447
-2 24447
cob=(2)
cfi=(51)
cfn=(666)
calls=24447 0 
* 416358
* 24447
+4 48894
+28 220428
-36 7
+12 7
fi=(183)
940 21
+2 14
+1 14
fe=(169)
1243 43
fi=(183)
940 129
+2 86
+1 86
fe=(169)
1243 150
cfn=(648) _IO_file_overflow@@GLIBC_2.2.5
calls=50 731 
* 6879
* 100
+6 100
+1 350
+2 100
+11 150
+1 200
cfi=(168)
cfn=(652) _IO_default_xsputn
calls=50 371 
* 3741
+2 150

fn=(590)
1146 2
+1 4
cfi=(171) ./io/../sysdeps/unix/sysv/linux/fstat64.c
cfn=(592) fstat
calls=2 29 
* 30

fn=(798) _IO_file_sync@@GLIBC_2.2.5
792 10
+5 8
+2 2
+1 4
+11 4
+4 8

fn=(584) _IO_file_underflow@@GLIBC_2.2.5
461 4029
+4 12087
-4 32232
+7 8058
+6 12087
+3 8058
+12 8056
+9 8058
fi=(183)
940 4029
+2 4029
-2 4029
fe=(169)
505 8058
cfi=(168)
cfn=(604) _IO_switch_to_get_mode
calls=4029 164 
* 100725
+6 4029
+5 4029
-5 4029
fi=(183)
942 8058
fe=(169)
511 4029
fi=(183)
942 4029
fe=(169)
511 12087
fi=(183)
943 8058
fe=(169)
516 16116
cfn=(606) _IO_file_read
calls=4029 1130 
* 56406
+2 8058
+16 4028
-9 4028
+9 8056
+2 8056
+1 32224
-6 1
-10 5
+11 1
-11 2
+16 8
-57 3
+5 2
cfi=(168)
cfn=(586) _IO_doallocbuf
calls=1 343 
* 306
+4 4

fn=(650) _IO_do_write@@GLIBC_2.2.5
423 60
+2 180
+1 1
-3 59
fi=(183)
940 59
fe=(169)
423 118
fi=(183)
940 59
fe=(169)
423 59
fi=(183)
940 118
fe=(169)
423 295
+20 59
-10 118
+7 236
fi=(183)
942 118
+1 118
fe=(169)
448 236
cfn=(696) _IO_file_write@@GLIBC_2.2.5
calls=59 1173 
* 2714
* 59
+1 295
+2 59
+4 118
-3 118
-1 118
+4 177
-2 59
-28 236
+1 472
+28 177

fn=(696)
1173 413
+2 354
+5 59
cfi=(187)
cfn=(698)
calls=59 25 
* 531
+1 118
+5 59
+1 59
-12 118
+4 177
+1 118
+10 177
+3 354
-4 177

fn=(794) _IO_file_setbuf@@GLIBC_2.2.5
381 6
+1 2
cfi=(168)
cfn=(796) _IO_default_setbuf
calls=2 +70 
* 138
* 4
+3 2
+4 4
-2 6
+3 4

fn=(606)
1130 4029
+1 4029
+2 4029
-1 4029
+1 8058
cfi=(173)
cfn=(608)
calls=4029 25 
* 32232

fn=(648)
731 300
+1 240
+7 298
+37 59
-2 120
+3 18
+3 27
+1 27
+1 18
+4 9
+1 36
-45 2
+12 2
+9 3
+5 3
+2 2
-3 2
+3 1
+1 1
-6 1
+1 1
+5 4
+16 51
-12 51
+1 51
+11 102
-12 51
cfn=(650)
calls=51 423 
* 5505
+3 27
+2 18
-2 27
cfn=(650)
calls=9 423 
* 990
* 18
-34 2
cfi=(168)
cfn=(586)
calls=1 343 
* 306
+1 1
+9 1
-9 5

fl=(83) ./string/../sysdeps/x86_64/multiarch/strnlen.c
fn=(294) strnlen
31 2
fi=(84)
+2 10
-1 4
+2 6
+2 4
+4 6
+3 8
fe=(83)
-12 2

fl=(137) ./ctype/./ctype/ctype-info.c
fn=(442) __ctype_init
29 1
+2 7
+2 4
+2 4
+1 1

fl=(98) ./string/../sysdeps/x86_64/multiarch/memmove.c
fn=(328) memmove
29 2
fi=(93) ./string/../sysdeps/x86_64/multiarch/ifunc-memmove.h
+24 6
-1 4
+4 6
+14 4
+2 4
+8 4
+8 4
+2 10
fe=(98)

fl=(112) ./wcsmbs/../sysdeps/x86_64/multiarch/wmemset.c
fn=(362) wmemset
31 2
fi=(113) ./wcsmbs/../sysdeps/x86_64/multiarch/ifunc-wmemset.h
+2 10
+1 6
+2 4
+8 6
+3 8
fe=(112)
-16 2

fl=(117) ./string/../sysdeps/x86_64/multiarch/strcasecmp_l.c
fn=(378) strcasecmp_l
31 1
fi=(202)
+1 5
fe=(117)
-1 1

fl=(175)
fn=(614)
225 4646343
+54 1548781
-54 6195124
+19 1548781
-19 4646343
+14 1548781
-14 1548781
+26 3097562
+31 6195124
+9 9292686
+2 3097562
+5 3097562
-1 1548781
+6 3097562
+4 3097562
+10 3097562
+10 6195124
-82 3097562
377 1548781
+56 6195124
309 1548781
449 1548781
+10 4646343
-10 1548781
+10 1548781
+12 3097562
-5 5800843
+5 5800843
+1 17402529
-41 11601686
+2 20105810
+2 17402529
+28 17402529
+3 11601686
+11 3097562
+5 4646343
+1 1548781
+5 3097562
324 3097562
491 4646343
-2 3097562
+17 7743905
+18 12390248

fl=(159)
fn=(548)
313 1
fi=(158)
3162 3
fe=(159)
313 5
+5 1
fi=(158)
3162 2
cfi=(160)
cfn=(550)
calls=1 28 
* 9
* 2
fe=(159)
343 2
+4 3
fi=(158)
1966 4
+3 1
-3 1
+3 2
-3 2
+3 126
-3 126
+3 252
-3 252
fe=(159)
352 3
fi=(158)
1977 1
+1 1
+2 1
fe=(159)
352 1
cob=(2)
cfi=(51)
cfn=(450)
calls=1 0 
* 23
+1 4
cob=(2)
cfi=(51)
cfn=(450)
calls=1 0 
* 22
+1 4
cob=(2)
cfi=(51)
cfn=(450)
calls=1 0 
* 23
+1 4
cob=(2)
cfi=(51)
cfn=(450)
calls=1 0 
* 23
+1 4
cob=(2)
cfi=(51)
cfn=(450)
calls=1 0 
* 22
+1 4
cob=(2)
cfi=(51)
cfn=(450)
calls=1 0 
* 23
+1 4
cob=(2)
cfi=(51)
cfn=(450)
calls=1 0 
* 23
+2 4
cob=(2)
cfi=(51)
cfn=(450)
calls=1 0 
* 23
+1 4
cob=(2)
cfi=(51)
cfn=(450)
calls=1 0 
* 23
+1 4
cob=(2)
cfi=(51)
cfn=(450)
calls=1 0 
* 23
+3 4
cob=(2)
cfi=(51)
cfn=(450)
calls=1 0 
* 23
+1 4
cob=(2)
cfi=(51)
cfn=(450)
calls=1 0 
* 23
+1 2
+63 7

fl=(92) ./string/../sysdeps/x86_64/multiarch/memcpy.c
fn=(314) memcpy@@GLIBC_2.14
29 1
fi=(93)
+24 3
-1 2
+4 3
+14 2
+2 2
+8 2
+8 2
+2 5
fe=(92)

fl=(104) ./string/../sysdeps/x86_64/multiarch/strncmp.c
fn=(344) strncmp
66 1
-25 4
+1 3
+2 2
+5 3
+3 3
+14 1

fl=(163)
fn=(566)
35 188
+1 752
+1 376
+6 63
+1 63
-5 250
+1 250

fl=(179)
fn=(632)
50 91807
+13 91807
+1 91807
+1 91807
+3 91807
+2 91807
+1 91807
+3 91805
+1 91805
+8 91805
+1 91805
+1 91805
+5 183610
509 2
+1 2
+1 2
+3 2
+15 2
+1 2
+1 2
+7 4

fl=(114) ./string/../sysdeps/x86_64/multiarch/memrchr.c
fn=(366) memrchr
29 1
fi=(84)
+4 5
-1 2
+2 3
+2 2
+4 3
+3 4
fe=(114)
-14 1

fl=(152)
fn=(512)
69 9
-28 2
+2 6
+1 2
cfn=(514) __new_exitfn
calls=1 +38 
* 32
+2 2
+10 1
+2 1
-5 3
+3 1
-1 1
+4 2
+1 1
-1 2
+12 6

fn=(514)
82 1
+6 2
-6 4
+11 4
-10 2
+12 4
-2 1
+10 1
-10 3
+45 1
+5 1
-4 1
+4 4
-18 1
-1 1
+1 1

fl=(126) ./string/../sysdeps/x86_64/multiarch/mempcpy.c
fn=(402) mempcpy
33 1
fi=(93)
+20 3
-1 2
+4 3
+14 2
+2 2
+8 2
+8 2
+2 5
fe=(126)

fl=(182)
fn=(644)
33 193808
+2 24226
cob=(2)
cfi=(51)
cfn=(630)
calls=24226 -35 
* 387616
+1 24226
-1 24226
+1 290712
+3 24226
-3 24226
+3 24226
-3 24226
+3 48452
-1 48450
+1 1
+1 1
fi=(183)
940 3
+2 2
+1 2
fe=(182)
40 24225
fi=(183)
940 72675
+2 48450
+1 48450
fe=(182)
40 72678
cfi=(169)
cfn=(646)
calls=24226 1197 
* 1538434
* 48452
+1 169555
+1 96868
fi=(183)
883 48434
fe=(182)
42 36
fi=(183)
883 18
+1 242260
fe=(182)
46 169582
-5 18
cfi=(168)
cfn=(692) __overflow
calls=9 199 
* 1530
* 18

fl=(198)
fn=(746)
30 4
+3 4
-3 14
+3 8
+3 6
+4 12
-4 6
+58 8
+4 12
-4 6
+11 4
+1 4
cfi=(199)
cfn=(748)
calls=2 -30 
* 32
+1 8
+1 16

fl=(86) ./string/../sysdeps/x86_64/multiarch/strcmp.c
fn=(300) strcmp
65 2
-24 4
+1 2
-1 4
+1 4
+2 4
+5 6
+3 6
+13 2

fl=(115) ./string/../sysdeps/x86_64/multiarch/strchrnul.c
fn=(370) strchrnul
31 1
fi=(84)
+2 5
-1 2
+2 3
+2 2
+4 3
+3 4
fe=(115)
-12 1

fl=(147) ./misc/./misc/init-misc.c
fn=(498) __init_misc
30 1
+1 2
-1 4
+1 3
+2 3
cob=(2)
cfi=(51)
cfn=(500)
calls=1 -33 
* 36
+4 5
+1 3
+2 4

fl=(108) ./string/../sysdeps/x86_64/multiarch/strcat.c
fn=(352) strcat
29 1
fi=(101)
+7 2
+1 1
-1 2
+1 2
+2 2
+4 3
+3 3
fe=(108)
-17 1

fl=(146) ./csu/./csu/init-first.c
fn=(496) _init_first
46 4
+5 2
+4 5
+8 1
-2 1
+10 1
-9 1
+1 1
+9 2
-1 1
cfi=(147)
cfn=(498)
calls=1 -41 
* 61

fl=(167) ./nptl/./nptl/libc-cleanup.c
fn=(616) __libc_cleanup_pop_restore
39 842519
+3 1685038
+2 1685038
+1 1685038
+2 842519

fn=(578) __libc_cleanup_push_defer
24 842519
+3 1685038
+3 3370076
+1 842519
+2 842519
+1 842519

fl=(178)
fn=(628)
27 202629
+1 67543
-1 270172
+1 67543
cob=(2)
cfi=(51)
cfn=(630)
calls=67543 -28 
* 1080688
+1 135086
+4 67543
-1 135086
+1 67543
-1 67543
+1 67543
-1 67543
cob=(2)
cfi=(51)
cfn=(634)
calls=67543 -32 
* 1017943

fl=(136) ./elf/./elf/libc_early_init.c
fn=(440) __libc_early_init
33 7
+2 1
cfi=(137)
cfn=(442)
calls=1 -6 
* 17
+3 1
fi=(139) ./elf/../sysdeps/nptl/pthread_early_init.h
-5 2
fe=(136)
+8 1
-3 1
fi=(139)
-5 1
cfi=(138)
cfn=(444)
calls=1 +5 
* 10
* 3
+1 6
+11 1
fi=(204) ./elf/../nptl/nptl-stack.h
+13 3
fi=(139)
-13 1
fi=(204)
+13 2
fi=(139)
-4 1
fi=(204)
+4 2
fi=(139)
-6 1
fi=(204)
+6 1
fi=(139)
-12 1
+6 6
+1 1
+4 1
cfi=(140) ./nptl/./nptl/pthread_mutex_conf.c
cfn=(448) __pthread_tunables_init
calls=1 -7 
* 884
fe=(136)
-10 3
+2 2
-2 1
cfi=(143) ./nptl/../sysdeps/unix/sysv/linux/x86/elision-conf.c
cfn=(462) __lll_elision_init
calls=1 +49 
* 147

fl=(191) ./stdio-common/./stdio-common/_itoa.c
fn=(714) _itoa_word
163 152
+3 304
+2 152
+9 2014
+9 152

fl=(81) ./string/../sysdeps/x86/cacheinfo.c
fn=(290) __x86_cacheinfo
86 1
fi=(82) ./string/../sysdeps/x86/cacheinfo.h
-25 1
+3 3
+2 1
+1 1
-1 2
+7 3
+2 1
+1 1
-1 2
+5 2
+2 2
+1 2
+1 2
+2 2
fe=(81)
* 2

fl=(148)
fn=(502)
46 1
+1 1
+1 1
+2 1
+1 1
+3 1
+1 1
+1 1
+33 1
+1 1
+1 1
+1 1
+1 1
+1 1
+1 1
+1 1
+1 1
+1 1
+3 1
+1 1
+9 1
+1 1
+98 1
+1 1
+8 1
+1 1
+1 1
+1 1
+1 1
+2 1
+1 1
+1 1
+1 2

fl=(156)
fn=(538)
28 3
+2 2
-1 1
+5 3

fl=(109) ./string/../sysdeps/x86_64/multiarch/strncase_l.c
fn=(356) strncasecmp_l
31 1
fi=(202)
+1 5
fe=(109)
-1 1

fl=(161)
fn=(562)
25 188
+1 376
-1 188
+4 188
cfi=(162)
cfn=(564)
calls=188 +8 
* 6766
+1 376
+4 126
-7 125
+7 250

fl=(190)
fn=(712)
51 152
+2 152
+1 152
+1 152
+1 152
+1 152
+3 152
+1 152
+4 152
+1 152
+1 152
+1 152
+1 152
+1 152
+1 152
+1 152
+6 152
+1 304

fl=(168)
fn=(602)
329 18
+1 8
+5 4
-3 2
+3 8
+3 8

fn=(604)
164 20145
+1 12087
+3 12087
+4 8058
+1 8058
+7 4029
-4 4029
+4 4029
-2 8058
+3 4029
+1 16116

fn=(788) _IO_flush_all_lockp
686 12
+5 6
cfi=(167)
cfn=(578)
calls=1 24 
* 10
+1 9
+3 1
-8 1
+5 2
+3 2
fi=(183)
940 4
fe=(168)
706 1
fi=(183)
942 2
+1 2
fe=(168)
706 3
cfi=(169)
cfn=(648)
calls=1 +25 
* 133
+1 3
+2 6
+2 3
-16 9
+2 3
+1 6
+3 20
+14 9
+1 2
cfi=(167)
cfn=(616)
calls=1 39 
* 8
+4 12

fn=(796)
452 4
fi=(183)
940 2
fe=(168)
452 4
fi=(183)
940 2
fe=(168)
452 2
fi=(183)
940 2
fe=(168)
452 8
+1 2
fi=(183)
942 4
+1 4
fe=(168)
453 4
cfi=(169)
cfn=(798)
calls=2 792 
* 36
* 4
+4 2
330 2
462 2
-7 4
332 4
+5 2
-5 2
+5 2
467 2
332 2
466 8
+2 12
-11 2
+1 4
-1 2
330 8

fn=(586)
343 2
+1 4
-1 6
+3 8
+1 2
fi=(183)
940 6
+2 4
+1 4
fe=(168)
347 4
cfi=(170)
cfn=(588)
calls=2 78 
* 560
* 4
+3 8

fn=(610) _IO_sputbackc
635 23912570
+3 14347542
+1 9565028
+9 4782514
+3 19130056
-10 9565028
+1 4782514
+5 4782514

fn=(692)
199 27
+2 27
+2 9
fi=(183)
940 27
+2 18
+1 18
fe=(168)
203 9
+1 18
-1 9
cfi=(169)
cfn=(648)
calls=9 731 
* 1368

fn=(786)
863 2
+3 1
-3 9
-77 1
+80 1
cfn=(788)
calls=1 686 
* 269
-80 2
+80 1
-80 3
cfi=(167)
cfn=(578)
calls=1 24 
* 10
+1 9
+3 1
-3 2
+3 2
fi=(183)
940 4
fe=(168)
838 3
-48 9
+9 9
+2 6
+6 26
+8 10
+9 2
fi=(183)
942 4
+1 4
fe=(168)
824 8
cfi=(169)
cfn=(794)
calls=2 381 
* 166
+2 6
+4 10
+1 16
+11 9
+1 2
cfi=(167)
cfn=(616)
calls=1 39 
* 8
+35 12
-59 2
-2 2
+3 2
-3 2
+2 6

fn=(582) _IO_default_uflow
361 8058
fi=(183)
940 8058
fe=(168)
361 4029
fi=(183)
940 4029
fe=(168)
361 8058
+1 4029
fi=(183)
942 8058
+1 8058
fe=(168)
362 8058
cfi=(169)
cfn=(584)
calls=4029 +99 
* 399187
+1 8058
+2 16112
+1 16116

fn=(652)
371 50
+3 100
-3 400
fi=(183)
940 50
fe=(168)
371 50
fi=(183)
940 50
fe=(168)
371 50
fi=(183)
940 50
fe=(168)
371 100
+18 100
+8 50
+2 100
-20 200
+2 150
+3 100
+20 50
-29 50
+29 350
-11 426
+1 10
-1 10
+1 252
-1 121
+1 74
-1 111
+1 260
-1 427

fn=(580)
299 20145
+1 12087
+5 12087
+3 4029
173 4029
308 8058
+2 8058
+6 8058
+7 4029
fi=(183)
940 12087
+2 8058
+1 8058
fe=(168)
323 4029
+1 4029
-1 4029
+1 8058
-1 4029
cfn=(582)
calls=4029 +38 
* 499908
-23 8058
+21 12087

fl=(143)
fn=(462)
96 2
+5 1
-5 1
+5 1
-5 3
+5 3
cob=(2)
cfi=(51)
cfn=(450)
calls=1 0 
* 22
+2 4
cob=(2)
cfi=(51)
cfn=(450)
calls=1 0 
* 22
+2 4
cob=(2)
cfi=(51)
cfn=(450)
calls=1 0 
* 22
+2 4
cob=(2)
cfi=(51)
cfn=(450)
calls=1 0 
* 22
+2 4
cob=(2)
cfi=(51)
cfn=(450)
calls=1 0 
* 22
+4 3
+1 1
+1 6

fl=(140)
fn=(448)
50 2
+1 2
-1 4
+1 3
cob=(2)
cfi=(51)
cfn=(450)
calls=1 -51 
* 840
+2 4
cob=(2)
cfi=(51)
cfn=(450)
calls=1 -53 
* 23
+2 6

fl=(105) ./string/../sysdeps/x86_64/multiarch/strcasecmp.c
fn=(346) strcasecmp
31 1
fi=(202)
+1 5
fe=(105)
-1 1

fl=(153)
fn=(532)
29 4
+15 1
-15 5
+15 1
cfi=(154)
cfn=(534)
calls=1 -16 
* 34
* 1
+2 2
+5 2
+1 2
+3 2
+3 6
cob=(5)
cfi=(157) /home/colinux/Bakery/first.c
cfn=(540) main
calls=1 695 
* 15231976415
* 1
+16 1
cfi=(193)
cfn=(726)
calls=1 +68 
* 1642

fl=(184)
fn=(660)
83 103051166
+23 103051166
+1 103051166
+2 103051166
+1 103051166
+1 103051166
+1 103051166
+1 103051166
+2 78356431
+1 78356431
+1 78356431
+1 78356431
+1 78356431
+1 78356431
+1 78356431
+1 78356431
+18 78356431
+1 78356431
+1 78356431
+3 156712862
718 24632720
+1 24632720
+4 24632720
+11 24632720
+1 24632720
+1 24632720
+2 49265440
+10 24694735
+1 24694735
+2 16723810
+1 16723810
+1 16723810
+1 16723810
+1 16723810
+1 16723810
+1 16723810
+15 7970925
+1 7970925
+1 7046339
+1 7046339
+1 7046339
+1 7046339
+1 7046339
+1 7046339
+1 7046339
+17 924586
+1 924586
+1 924586
+1 924586
+1 924586
+1 924586
+1 924586
+1 924586
+2 924586
+1 924586
+1 924586
+2 715921
+1 715921
+10 715921
+1 715921
+1 715921
+1 715921
+1 715921
+1 715921
+1 715921
+1 715921
+2 715921
+1 715921
+1 715921
+2 62015
+19 62015
+1 62015
+2 62015
+1 62015
+1 62015
+1 124030

fl=(166)
fn=(576)
278 10952227
+10 4212395
+1 842479
fi=(176) ./stdio-common/../include/scratch_buffer.h
78 842479
fe=(166)
289 842479
fi=(176)
77 1684958
fe=(166)
339 842479
fi=(176)
77 842479
fe=(166)
339 3369916
+6 2527438
+3 3369916
+4 1684958
+13 842479
-6 842479
+8 1684958
-8 842479
+8 842479
+5 842479
-5 842479
+5 5054874
cfi=(167)
cfn=(578)
calls=842479 24 
* 8424790
* 2527437
+9 842479
-4 842479
+4 2527437
570 842479
284 842479
-1 842479
+10 842479
-11 842479
570 1684958
2429 3369916
328 1684958
+4 842479
-5 842479
-1 842479
-1 842479
-12 842479
2180 842479
2429 842479
2180 4212395
418 7880074
+24 7880074
+1 7880074
+3 7743895
-65 15760144
3015 4212390
222 4782516
+1 4782516
-1 2391258
488 2391258
222 2391258
488 4782516
222 2391258
488 4782516
345 1684956
+3 2
+24 9267269
482 2391258
+22 9565032
+25 2391258
-4 9565032
+7 23912580
+80 4782516
+5 2391258
-1 4782516
+1 4782516
+1 2527437
+3 7173774
+1 19130064
+6 24058725
+3 8018992
-3 4009496
+3 16039148
-3 582
+3 2328
-3 8020158
+3 6
+1 16738806
+1 11956287
+4 4782514
-4 4782514
cfi=(168)
cfn=(610)
calls=2391257 +2 
* 45433883
+4 19130056
-9 1166
cfi=(168)
cfn=(580)
calls=583 299 
* 94758
* 1170
3025 10952227
cfi=(167)
cfn=(616)
calls=842479 39 
* 6739832
fi=(176)
85 2527437
fe=(166)
3029 1684958
+17 1684956
+6 10109748
442 1548779
+6 3097558
618 6
3031 3
637 11
1398 15487810
+5 4646343
+9 9292686
1733 3097562
+9 1548781
fi=(176)
113 6195124
fe=(166)
1742 3097562
fi=(176)
113 4646343
fe=(166)
1740 39451401
260 11601686
1797 5800843
260 11601686
+3 17402529
1799 23203372
+2 52201791
-68 11598788
+68 1449
-68 2898
+2 14699248
+2 7743905
+67 3097562
206 1548781
1811 3097562
214 3097562
1812 3097562
+28 9292686
cfi=(168)
cfn=(610)
calls=1548781 635 
* 29426839
260 4646343
+3 4646343
1844 3097562
1669 1548781
206 1548781
1862 3097562
1669 3097562
1861 4646343
+1 1548781
cfi=(174)
cfn=(612)
calls=1548781 97 
* 244959964
* 1548781
+6 4646343
+3 7743905
+6 1548781
-4 3097562
+4 3097562
+23 3097562
1390 1548781
-1 1548781
+2 1548781
1742 7743905
+59 2898
cfi=(168)
cfn=(580)
calls=1449 299 
* 234738
* 4347
1435 6195124
+3 6195124
637 842476
1017 4212385
+2 4212385
+2 6739810
+10 1684952
-10 842476
+10 2527428
+71 842476
-81 5897332
+81 842476
-81 2527428
1144 62819679
1031 15702556
1144 7851278
1031 15706338
1144 1891
1031 3782
1144 7010693
-45 15706338
+3 7853169
-1 15706338
+1 15706338
-1 15706338
+43 7564
cfi=(168)
cfn=(580)
calls=1891 299 
* 306342
* 9455
2943 1684952
+40 2527428
+2 1684952
+8 1684952
-10 842476
+8 1684952
1813 54512
+1 54512
+65 3097562
+17 15487810
2048 4212380
1033 2527428
cfi=(168)
cfn=(610)
calls=842476 635 
* 16007044
+1 842476
1881 3097562
+1 4646343
1023 6
-2 3
+1 1
-3 11794678

fl=(189)
fn=(708)
1180 456
+30 190
+8 114
+4 190
+11 76
+11 38
fi=(205) ./stdio-common/./stdio-common/printf-parse.h
111 76
fe=(189)
1244 190
fi=(205)
111 38
cob=(2)
cfi=(51)
cfn=(710)
calls=38 0 
* 798
fe=(189)
1259 38
fi=(205)
111 38
fe=(189)
1259 114
239 38
fi=(206) ./stdio-common/../libio/libioP.h
940 38
fe=(189)
1263 38
fi=(206)
942 38
-2 38
fe=(189)
1263 38
fi=(206)
940 76
+2 76
+1 76
fe=(189)
239 152
cfi=(169)
cfn=(646)
calls=38 1197 
* 760
* 76
127 342
1263 76
+4 114
+4 304
1532 38
1214 38
+34 38
-8 38
1532 114
+23 38
-39 38
+39 38
-39 38
+39 76
1313 1710
+39 114
-51 114
-1 114
-1 114
-1 114
+5 114
1501 114
fi=(205)
88 114
fe=(189)
1352 114
-46 114
-4 114
+50 114
1501 114
1295 114
-1 114
-1 114
-1 114
-1 114
+16 228
1608 76
+1 76
+3 456
-4 342
1218 76
+41 152
cfi=(167)
cfn=(578)
calls=38 24 
* 380
+1 494
-1 76
1609 76
cfi=(167)
cfn=(616)
calls=38 39 
* 304
+2 38
-47 38
-47 836
-1 988
cfi=(191)
cfn=(714)
calls=76 163 
* 2774
* 2356
192 152
+47 76
fi=(206)
942 228
+1 152
fe=(189)
239 304
cfi=(169)
cfn=(646)
calls=76 1197 
* 5112
* 152
127 1254
1517 228
-54 76
+53 152
+73 114
fi=(205)
111 114
fe=(189)
1583 114
fi=(205)
111 228
cob=(2)
cfi=(51)
cfn=(710)
calls=114 0 
* 2394
fe=(189)
239 114
fi=(206)
942 114
fe=(189)
1593 114
fi=(205)
111 114
fi=(206)
942 114
fe=(189)
1593 114
fi=(206)
942 114
+1 228
fe=(189)
239 456
cfi=(169)
cfn=(646)
calls=114 1197 
* 7524
* 228
127 1482
1593 228
+2 266
-79 1520
192 152
1392 152
1516 608
+1 76
cob=(2)
cfi=(51)
cfn=(630)
calls=38 0 
* 612
* 76
-1 760
239 38
fi=(206)
942 114
+1 76
fe=(189)
239 152
cfi=(169)
cfn=(646)
calls=38 1197 
* 2394
* 76
127 228
1516 152

fl=(172) ./io/../sysdeps/unix/sysv/linux/fstatat64.c
fn=(594) fstatat
153 4
-55 4
+70 6
+1 2

fl=(171)
fn=(592)
29 4
+1 4
+5 6
cfi=(172)
cfn=(594)
calls=2 153 
* 16

fl=(196) ./nptl/./nptl/pthread_mutex_lock.c
fn=(734) pthread_mutex_lock@@GLIBC_2.2.5
77 1
+3 3
+2 1
+2 2
-7 2
+11 2
+79 1
+3 1
+2 1
+3 1
+2 1
+1 3
-81 2
+11 4
+4 1
+3 2
-71 1
+1 8
+1 1
+84 3
+1 2

ob=(1)
fl=(36) ./posix/../sysdeps/unix/syscall-template.S
fn=(102) uname
120 5
+2 1

fl=(56) ./io/../sysdeps/unix/sysv/linux/read_nocancel.c
fn=(180) __read_nocancel
25 2
+1 8
+1 2

fl=(134) ./elf/./elf/dl-lookup-direct.c
fn=(434) _dl_lookup_direct
74 30
+2 3
-2 3
+4 3
-4 3
+2 3
+2 9
+37 3
-37 9
+1 6
+2 12
+3 25
-52 3
+54 6
-54 3
+54 3
-54 9
+1 9
+2 6
+1 6
+12 12
+3 3
+2 3
-2 3
+2 9
cfi=(32) ./string/../sysdeps/x86_64/strcmp.S
cfn=(90) strcmp
calls=3 +55 
* 207
* 6
+4 6
+1 3
-1 3
+1 18
+1 9
cfi=(32)
cfn=(90)
calls=3 +49 
* 75
* 6
+57 27
-23 6

fl=(58) ./io/../sysdeps/unix/sysv/linux/fstat64.c
fn=(190) fstat
29 6
+1 6
+5 9
cfi=(59) ./io/../sysdeps/unix/sysv/linux/fstatat64.c
cfn=(192) fstatat
calls=3 153 
* 24

fl=(32)
fn=(90)
108 179
+33 179
+1 179
+2 179
+1 179
+21 179
+1 179
+1 156
+1 156
+1 125
+1 125
+1 125
+1 125
+21 125
+1 125
+1 125
+1 125
+1 125
+1 125
+1 125
+5 5
+1 15
+9 5
+1 5
+1 5
+1 5
+1 5
+1 5
+1 5
+1 5
-7 54
+1 54
+1 54
+1 54
+1 54
+1 54
+1 54
+1 54
+1 55
+1 28
+1 28
+1 28
+2 28
+1 28
+1 28
+1 28
+1 28
+1 28
-5 27
+1 27
+1 27
+1 27
+1 27
+1 27
+10 4
+1 4
+1 4
+2 4
+6 4
+1 4
+1 4
+1 4
+1 4
+5 4
+2 3
+1 3
+1 6
+8 3
+1 3
+3 3
+1 3
+1 3
+1 3
+1 3
+1 3
693 1
+1 1
+1 1
+1 1
+1 1
+2 1
+1 1
+1 1
+1 1
+1 1
+1 1
+1 1
+1 1
+4 1
+1 1
+1 1
+6 1
+1 1
+1 2
+4 1
+1 1
+3 1
+1 1
+1 1
+3 1
+1 1
+1 1
+6 1
+1 1
+1 1
+1 1
+1 1
+1 1
+72 1
+1 1
+1 1
+1 1
+1 1
+2 1
+1 1
+1 1
+1 1
+1 1
+1 1
+1 1
+1 1
+4 1
+1 1
+1 1
+6 1
+1 1
+1 2
+4 1
+1 1
+3 1
+1 1
+1 1
+3 1
+1 1
+1 1
+6 1
+1 1
+1 1
+1 1
+1 1
+1 1
+72 1
+1 1
+1 1
+1 1
+1 1
+2 1
+1 1
+1 1
+1 1
+1 1
+1 1
+1 1
+1 1
+4 1
+1 1
+1 1
+6 1
+1 1
+1 2
+4 1
+1 1
+3 1
+1 1
+1 1
+3 1
+1 1
+1 1
+6 1
+1 1
+1 1
+1 1
+1 1
+1 1
+72 6
+1 6
+1 6
+1 6
+1 6
+2 6
+1 6
+1 6
+1 6
+1 6
+1 6
+1 6
+1 2
+4 2
+1 2
+1 2
+6 2
+1 2
+1 4
+4 2
+1 2
+3 2
+1 2
+1 2
+3 2
+1 2
+1 2
+6 2
+1 2
+1 2
+1 2
+1 2
+1 2
+7 1
+1 1
+2 1
+1 1
+2 1
+1 1
+1 1
+3 1
+1 1
+1 1
+6 1
+1 1
+1 1
+1 1
+1 1
+1 1
+41 2
+1 2
+1 2
+1 2
+1 2
+2 2
+1 2
+1 2
+1 2
+1 2
+1 2
+1 2
1318 2
+1 2
+1 2
+1 2
+1 2
+2 2
+1 2
+1 2
+1 2
+1 2
+1 2
+1 2
+1 2
+4 2
+1 2
+1 2
+6 2
+1 2
+1 4
+4 2
+1 2
+3 2
+1 2
+1 2
+3 2
+1 2
+1 2
+6 2
+1 2
+1 2
+1 2
+1 2
+1 2
+72 1
+1 1
+1 1
+1 1
+1 1
+2 1
+1 1
+1 1
+1 1
+1 1
+1 1
+1 1
+1 1
+4 1
+1 1
+1 1
+6 1
+1 1
+1 2
+4 1
+1 1
+3 1
+1 1
+1 1
+3 1
+1 1
+1 1
+6 1
+1 1
+1 1
+1 1
+1 1
+1 1
+72 3
+1 3
+1 3
+1 3
+1 3
+2 3
+1 3
+1 3
+1 3
+1 3
+1 3
+1 3
1693 3
+1 3
+1 3
+1 3
+1 3
+2 3
+1 3
+1 3
+1 3
+1 3
+1 3
+1 3
+1 2
+4 2
+1 2
+1 2
+6 2
+1 2
+1 4
+4 2
+1 2
+3 2
+1 2
+1 2
+3 2
+1 2
+1 2
+6 2
+1 2
+1 2
+1 2
+1 2
+1 2
+72 15
+1 15
+1 15
+1 15
+1 15
+2 15
+1 15
+1 15
+1 15
+1 15
+1 15
+1 15
+1 4
+4 4
+1 4
+1 4
+6 4
+1 4
+1 8
+4 4
+1 4
+3 4
+1 4
+1 4
+3 4
+1 4
+1 4
+6 4
+1 4
+1 4
+1 4
+1 4
+1 4
+72 2
+1 2
+1 2
+1 2
+1 2
+2 2
+1 2
+1 2
+1 2
+1 2
+1 2
+1 2
+1 1
+4 1
+1 1
+1 1
+6 1
+1 1
+1 2
+4 1
+1 1
+3 1
+1 1
+1 1
+3 1
+1 1
+1 1
+6 1
+1 1
+1 1
+1 1
+1 1
+1 1
+72 18
+1 18
+1 18
+1 18
+1 18
+2 18
+1 18
+1 18
+1 18
+1 18
+1 18
+1 18
+2 6
+4 6
+1 6
+1 6
+6 6
+1 6
+2 12
+4 6
+1 6
+3 6
+1 6
+1 6
+3 6
+1 6
+1 6
+6 6
+1 6
+1 6
+1 6
+1 6
+1 6
+74 24
+2 24
+1 24
+1 24
+1 24
-3 35
+1 35
+1 35
+1 35
+1 56
+5 28
+6 28
+1 28
+8 28
+1 28
-16 151
+6 151
+1 151
+8 151
+1 151

fl=(47) ./elf/../elf/dl-tls.c
fn=(412) _dl_add_to_slotinfo
1015 8
+6 1
+3 1
+1 1
+4 3
+34 2
+3 3
+1 3
+3 6

fn=(264) _dl_allocate_tls_storage
422 2
+13 1
-13 2
+2 1
+12 1
fi=(28) ./elf/../include/rtld-malloc.h
56 1
cfi=(27) ./elf/./elf/dl-minimal-malloc.c
cfn=(76) __minimal_malloc
calls=1 -21 
* 53
fe=(47)
437 3
+8 2
fi=(28)
44 1
fe=(47)
445 2
+1 1
+4 321
+19 1
-99 1
+4 1
+1 1
fi=(28)
44 1
cfi=(27)
cfn=(72) __minimal_calloc
calls=1 +34 
* 36
fe=(47)
376 2
+3 1
+6 2
+90 5

fn=(148) _dl_count_modids
197 1
+2 2
+1 1
+15 2

fn=(414) _dl_allocate_tls_init
528 10
+1 2
+4 1
+6 1
-6 1
+6 1
cfi=(24) ./elf/../sysdeps/nptl/dl-tls_init_tp.c
cfn=(84) rtld_mutex_dummy
calls=1 42 
* 3
+3 3
+12 1
-18 1
-1 1
+43 3
-19 13
+9 3
+1 2
+6 3
+1 1
+2 2
-2 1
+6 1
-4 2
+4 1
-4 2
+3 2
+4 2
+1 4
+2 2
+1 2
+17 1
-8 1
+8 1
+2 3
cfi=(29) ./string/../sysdeps/x86_64/multiarch/memmove-vec-unaligned-erms.S
cfn=(128) mempcpy
calls=1 199 
* 13
* 5
cfi=(44) ./string/../sysdeps/x86_64/multiarch/memset-vec-unaligned-erms.S
cfn=(132) memset
calls=1 125 
* 25
-49 1
+55 1
-55 4
+6 4
+55 2
cfi=(24)
cfn=(84)
calls=1 42 
* 3
+3 2
+3 9

fn=(238) _dl_assign_tls_modid
131 2
+3 1
+13 1
-13 1
+52 1
+2 1
+3 1
+1 2

fn=(262) _dl_determine_tlsoffset
221 8
+6 3
+3 2
+36 3
+2 1
-2 1
-2 1
-40 1
-1 1
-1 1
+46 2
+23 3
+3 1
-3 4
+2 2
-2 1
-25 1
+20 1
-20 5
+2 2
+3 1
-1 1
+5 2
-5 1
+1 1
-1 1
+3 2
+2 3
+32 3
-1 1
+1 4
+2 2
-2 2
+53 8

fn=(260) _dl_tls_static_surplus_init
97 2
+4 1
-4 2
+4 1
-4 2
+4 3
cfi=(10)
cfn=(24)
calls=1 405 
* 21
* 1
+1 4
cfi=(10)
cfn=(24)
calls=1 405 
* 21
* 1
+8 1
-8 1
+6 2
+2 3
+3 1
+2 1
-32 3
+34 3
+1 5

fl=(31) ./elf/./elf/dl-load.c
fn=(138) expand_dynamic_string_token
385 14
241 2
385 2
241 2
385 2
241 2
cfi=(42) ./string/../sysdeps/x86_64/multiarch/../strchr.S
cfn=(118) index
calls=2 23 
* 72
+3 4
410 2
-11 2
+11 12
-11 2
cfi=(45) ./string/./string/strdup.c
cfn=(140) strdup
calls=2 40 
* 168

fn=(134) fillin_rpath.isra.0
468 7
+4 1
-4 8
+6 3
cfi=(7) ./elf/./elf/dl-minimal.c
cfn=(136) strsep
calls=1 239 
* 240
* 3
cfi=(7)
cfn=(136)
calls=1 239 
* 8
* 6
+7 2
+2 3
cfn=(138)
calls=1 -98 
* 118
* 1
+4 2
+5 2
cfi=(22) ./string/../sysdeps/x86_64/multiarch/strlen-vec.S
cfn=(60) strlen
calls=1 41 
* 17
* 1
+1 2
+7 5
+9 15
+1 8
+55 2
fi=(28)
50 2
cfi=(27)
cfn=(144) __minimal_free
calls=1 +45 
* 5
+1 1
fe=(31)
528 2
+4 3
fi=(28)
56 1
cfi=(27)
cfn=(76)
calls=1 -21 
* 25
* 1
fe=(31)
534 2
+5 1
+1 2
-1 1
-1 1
+2 1
cfi=(29)
cfn=(128)
calls=1 199 
* 13
+3 1
-3 1
+1 1
+2 1
+6 1
+1 1
-1 3
+1 11
+1 1
-1 1
+1 2
-1 2
+1 1
-1 1
+1 2
-1 6
+1 1
-1 1
+1 1
-1 3
+1 1
-1 2
+3 1
+1 1
-1 1
+1 2
+1 1
+6 2
+1 2
-57 4
+66 1
+3 8
-46 4

fn=(216) open_path
1870 8
+1 1
-1 6
+1 1
+6 2
+5 16
-7 2
+7 1
-8 1
+8 2
+3 2
+9 6
+7 3
+1 1
-1 1
cfi=(29)
cfn=(128)
calls=1 199 
* 13
-12 1
+12 1
+59 5
-58 4
+3 20
+5 80
cfi=(29)
cfn=(128)
calls=10 199 
* 134
* 40
cfi=(29)
cfn=(128)
calls=10 199 
* 130
+3 20
+6 30
+3 60
cfn=(218) open_verify.constprop.0
calls=10 1568 
* 540
* 10
+2 30
+2 20
+65 8
+7 2
-2 2
+2 2
+3 3
-13 1
+27 9
1902 58
+29 20
+1 70
+6 20
+2 10
-2 10
+2 20
cfi=(67) ./io/../sysdeps/unix/sysv/linux/stat64.c
cfn=(220) stat
calls=10 28 
* 158
* 10
+3 10
-3 20
+1 1
+2 2
-2 1
+2 26
-61 2

fn=(218)
1568 121
+39 33
+19 44
cfi=(55) ./io/../sysdeps/unix/sysv/linux/open64_nocancel.c
cfn=(178) __open_nocancel
calls=11 28 
* 239
* 11
+2 22
+11 1
+6 2
-5 1
+5 8
cfi=(56)
cfn=(180)
calls=1 25 
* 6
+2 2
+2 2
+2 2
+6 2
+17 11
fi=(28)
50 2
cfi=(27)
cfn=(144)
calls=1 +45 
* 5
fe=(31)
1856 99
1674 3
+74 2
+5 2
+2 4
+6 2
+6 1
+1 1
-1 3
+1 1
-1 1
+1 2
+21 3
+31 1
-31 1
1633 1
1820 2
-31 48
+1 24
+1 8
+4 8
+6 4
+1 28
+10 12
cfi=(71) ./io/../sysdeps/unix/sysv/linux/pread64_nocancel.c
cfn=(232) __pread64_nocancel
calls=2 25 
* 14
* 16
+8 18
+15 2
+6 1
-3 1
+1 1
+1 1
+1 2
-3 1
+1 1
+1 1
+2 1
-3 3
-1 1
+4 2
-19 18
+3 2
-4 2
+4 4
+5 1
+1 4
-60 13
+1 3
-1 1
+1 3
cfi=(71)
cfn=(232)
calls=1 25 
* 7
* 3
+16 5
1612 20
+62 3
1802 4
-30 2

fn=(106) _dl_init_paths
706 11
+14 1
-14 2
+14 2
cfi=(38) ./elf/./elf/dl-hwcaps.c
cfn=(108) _dl_important_hwcaps
calls=1 175 
* 1847
fi=(28)
56 1
fe=(31)
720 1
fi=(28)
56 1
cfi=(27)
cfn=(76)
calls=1 -21 
* 25
fe=(31)
725 1
+2 2
+7 2
+1 2
-1 3
+5 3
fi=(28)
56 1
cfi=(27)
cfn=(76)
calls=1 -21 
* 25
fe=(31)
739 1
+2 4
+17 1
-10 1
+19 1
-11 1
-9 1
+9 1
+12 2
-10 1
+3 2
+9 1
-7 1
+4 1
+3 2
-3 1
-8 1
+3 1
+8 1
-3 1
+1 16
cfi=(44)
cfn=(132)
calls=4 125 
* 72
+2 18
-14 3
+10 3
+4 3
-12 3
-2 3
+2 3
+4 3
-3 3
+3 3
+1 3
-2 3
+5 6
+1 3
-4 3
+4 3
+15 1
+3 1
-15 1
+7 1
-1 1
+9 2
+2 4
+2 3
+36 5
+2 2
cfi=(22)
cfn=(60)
calls=1 41 
* 17
* 9
-19 1
-2 1
+2 2
+19 9
cfi=(29)
cfn=(80) memcpy
calls=1 212 
* 11
* 1
+5 4
-1 2
+2 1
+1 2
-2 4
+1 13
+1 26
-2 52
+5 1
fi=(28)
56 1
cfi=(27)
cfn=(76)
calls=1 -21 
* 25
fe=(31)
836 1
fi=(28)
56 1
fe=(31)
838 2
+6 6
cfn=(134)
calls=1 468 
* 587
+3 3
+6 1
+4 8
-35 2
+5 2

fn=(88) _dl_process_pt_gnu_property
868 3
+8 3
-8 3
+8 3
-6 3
+12 6
-13 3
+13 3
-13 3
+13 6
+3 9
+1 6
+1 6
+43 3

fn=(176) open_verify.constprop.1
1568 11
+39 3
+19 4
cfi=(55)
cfn=(178)
calls=1 28 
* 19
* 1
+2 2
+11 1
+6 2
-5 1
+5 8
cfi=(56)
cfn=(180)
calls=1 25 
* 6
+2 2
+2 2
+2 2
+6 2
+17 11
fi=(28)
50 2
cfi=(27)
cfn=(144)
calls=1 +45 
* 5
fe=(31)
1856 9
1674 3
+74 2
+5 2
+2 4
+6 2
+6 1
+1 1
-1 3
+1 1
-1 1
+1 2
+1 2
+20 3
+31 1
-31 1
1633 1
1820 2
-31 66
+1 28
+1 8
+4 8
+25 12
+3 18
+3 2
-4 2
+4 4
+6 4
-36 6

fn=(184) _dl_map_object_from_fd
944 20
+10 2
-10 8
+10 2
cfi=(46) ./elf/./elf/dl-debug.c
cfn=(186) _dl_debug_update
calls=2 38 
* 14
* 2
+7 8
+85 8
+10 4
+7 14
cfi=(26) ./elf/./elf/dl-object.c
cfn=(70) _dl_new_object
calls=2 59 
* 766
* 2
+1 4
+11 4
+5 2
-5 2
+1 4
+1 2
+2 2
-2 2
+2 4
+1 6
+1 2
+19 2
-2 1
+2 12
-2 1
+2 30
+10 8
+85 2
-58 2
-34 2
-1 2
+93 2
+6 2
-64 4
+9 2
+55 4
-55 2
-42 2
+97 4
1101 2
-5 4
+15 60
+20 2
+1 1
-22 69
+1 127
1213 4
1110 2
1213 4
1110 6
1218 6
+10 4
+1 2
-1 2
+1 2
-1 6
+1 6
-1 6
+1 6
-1 18
1076 4
1235 4
+10 8
+7 4
fi=(61) ./elf/./dl-map-segments.h
96 2
fe=(31)
1252 6
fi=(61)
28 2
fe=(31)
1252 2
fi=(61)
96 2
fe=(31)
1252 2
fi=(61)
28 4
+1 16
cfi=(60) ./misc/../sysdeps/unix/sysv/linux/mmap64.c
cfn=(194) mmap
calls=2 +18 
* 18
+74 4
-1 2
-73 2
+74 2
+3 4
+1 2
+2 2
-3 2
+1 2
+2 2
+7 8
+3 4
cfi=(72) ./misc/../sysdeps/unix/syscall-template.S
cfn=(236) mprotect
calls=1 -2 
* 6
* 3
+7 2
+2 2
fi=(62) ./elf/./dl-load.h
-37 16
+1 6
+2 16
fi=(61)
+56 32
+8 2
-2 2
+1 2
+2 2
-1 2
+1 2
-1 6
+8 4
+3 4
+8 14
cfi=(44)
cfn=(132)
calls=2 -52 
* 237
+1 4
+5 4
+12 8
-59 40
+2 12
+3 6
-3 12
+2 48
cfi=(60)
cfn=(194)
calls=6 -93 
* 54
* 18
fi=(57) ./elf/../sysdeps/posix/dl-fileid.h
37 6
cfi=(58)
cfn=(190)
calls=2 -8 
* 30
* 4
fe=(31)
999 4
fi=(57)
40 6
fe=(31)
999 2
fi=(57)
40 2
fe=(31)
999 23
+1 10
fi=(57)
49 12
fe=(31)
1515 18
1018 4
+66 13
+1 2
-1 1
+1 1
-1 1
+1 1
cfi=(71)
cfn=(232)
calls=1 25 
* 7
* 2
+26 26
+26 48
+10 8
-1 8
-1 8
+2 8
+2 8
-2 8
-1 48
+2 16
+1 8
+2 8
-3 8
+3 48
+2 16
+4 16
+1 30
+4 6
+1 6
-1 6
+1 42
-18 6
+28 6
-11 2
+1 2
-1 2
+1 14
-18 2
+28 2
-56 4
+7 2
+2 2
-2 2
+1 2
+1 2
-1 4
+1 16
+50 3
+5 1
-1 2
+5 1
-5 2
-56 1
+61 4
+1 1
+3 1
-3 1
+8 4
+15 4
+1 2
+58 8
+1 6
fi=(63) ./elf/./elf/get-dynamic-info.h
39 4
+6 2
-2 2
+2 4
+9 2
+5 2
+3 2
+2 2
-3 2
-3 2
-3 28
+13 8
-23 32
+23 29
-23 116
+4 74
+5 40
+2 10
+3 8
+13 8
+10 7
+1 8
+1 8
+1 8
+2 8
+5 7
+1 7
+1 8
+3 6
+5 2
+7 4
+1 6
+22 6
+5 2
+2 2
+2 2
+2 2
+4 6
+2 3
+1 2
+9 2
+6 2
+4 4
fe=(31)
1275 4
+1 4
+2 4
+10 6
+19 6
+2 10
+52 6
+1 2
+6 16
+1 42
+6 8
cfn=(88)
calls=2 868 
* 40
-7 54
+1 25
+6 25
-6 50
fi=(30) ./elf/../sysdeps/x86/dl-prop.h
95 16
213 2
-1 4
105 4
212 2
105 2
-2 2
-3 2
+2 2
+3 2
-4 4
+92 8
-1 2
-87 6
+3 6
+1 4
+1 4
+4 6
+4 6
+3 6
+1 4
+4 2
+1 8
+58 6
+2 8
-56 6
+1 3
+3 6
+3 3
+1 12
+5 6
+2 6
+5 6
+14 3
-1 6
+2 2
-1 4
fe=(31)
1380 4
cfi=(64) ./io/../sysdeps/unix/sysv/linux/close_nocancel.c
cfn=(204) __GI___close_nocancel
calls=2 25 
* 12
* 4
+13 4
+2 8
+2 4
+16 4
cfi=(8) ./elf/./elf/dl-setup_hash.c
cfn=(14) _dl_setup_hash
calls=2 25 
* 58
+4 4
+1 4
+17 4
+1 1
+3 1
+5 1
-5 1
+5 1
-5 1
+5 1
-5 1
+5 1
+10 4
+7 12
+10 4
+1 4
+5 2
cfi=(47)
cfn=(238)
calls=1 131 
* 10
+7 6
cfi=(26)
cfn=(82) _dl_add_to_namespace_list
calls=2 31 
* 94
+3 8
+23 14
+1 6
cfi=(49)
cfn=(206) _dl_audit_objopen
calls=2 76 
* 10
* 2
fi=(62)
95 5
+2 1
-1 2
+1 1
-1 1
+1 1
-1 1
+1 1
-1 2
+3 4
fe=(31)
1506 10
fi=(30)
198 8
+2 2
+1 2
+2 2
-3 6
fe=(31)
1368 6
fi=(63)
62 8
+2 8
fe=(31)
1084 2
fi=(61)
187 8
cfi=(60)
cfn=(194)
calls=1 47 
* 9
+3 2
fe=(31)
1462 6
+2 1
-1 5
+1 1
-1 1
+1 1
-1 1
cfi=(32)
cfn=(90)
calls=1 108 
* 25
* 2
+2 5
1275 2
fi=(57)
49 3
fi=(30)
170 3
-39 2
fe=(31)

fn=(212) _dl_dst_count
238 4
+3 2
-3 4
+7 2
-7 4
+3 2
cfi=(42)
cfn=(118)
calls=2 23 
* 72
+3 4
+20 14

fn=(172) _dl_map_object
2022 30
+8 6
+1 12
+3 42
+5 49
+2 21
cfi=(54) ./elf/./elf/dl-misc.c
cfn=(174) _dl_name_match_p
calls=7 68 
* 935
* 14
+4 12
+1 18
+4 2
-1 10
+1 2
+1 2
-1 2
+1 2
cfi=(32)
cfn=(90)
calls=2 108 
* 86
* 4
2329 27
2068 2
+1 2
-1 2
+1 2
-1 2
+1 2
-1 4
-44 2
+53 6
+17 4
-2 2
+2 2
cfi=(42)
cfn=(118)
calls=2 23 
* 48
* 4
2260 2
-1 3
cfn=(138)
calls=1 385 
* 168
+2 1
-3 1
+1 1
+2 2
+4 5
cfn=(176)
calls=1 1568 
* 283
+3 2
-3 1
+3 1
+12 4
+46 1
+1 3
-1 1
+1 9
cfn=(184)
calls=1 944 
* 1819
-1 1
+1 3
-1 1
+1 9
cfn=(184)
calls=1 944 
* 2221
* 6
2098 2
cfi=(22)
cfn=(60)
calls=1 41 
* 17
* 2
+2 2
+7 4
+51 11
cfn=(216)
calls=1 1870 
* 1656
+6 1
-6 1
+6 4
682 1
2165 1
682 2
2252 2
+28 4
+2 4
2111 1
696 3
2111 1
+1 1
696 2
2116 3
682 1
2117 1
682 2
2173 1
+14 2
+2 3
+4 2
cfi=(68) ./elf/./elf/dl-cache.c
cfn=(222) _dl_load_cache_lookup
calls=1 416 
* 1281
* 1
+2 2
+4 2
+8 3
+23 6
cfn=(218)
calls=1 1568 
* 396
+4 2
-4 1
+4 1
+1 2
2131 5
+1 10
682 1
2133 1
682 2
2157 3
+1 2
-16 2

fl=(9) ./elf/../elf/dl-sysdep.c
fn=(464) _dl_sysdep_start_cleanup
262 1
+1 1

fn=(16) _dl_sysdep_start
85 4
+25 1
-25 6
+25 1
-1 1
+1 99
+11 1
-8 1
+1 1
-4 1
+3 1
+6 1
+2 13
-34 1
-1 1
+36 113
+3 1
+1 1
-5 85
+57 1
-57 1
+58 1
-1 1
-57 3
+29 1
-29 1
+30 1
-1 1
-29 3
+41 1
-41 1
+42 1
-1 1
-41 3
+35 1
-35 1
+36 1
-1 1
-35 3
+32 1
-32 1
+33 1
-1 1
-32 4
+13 1
-13 1
+14 1
-1 1
-13 3
+10 1
-10 1
+11 1
-1 1
-10 3
+7 1
-7 4
224 1
cfi=(10)
cfn=(18) __GI___tunables_init
calls=1 +58 
* 14770
+3 1
cfi=(12) ./elf/./elf/dl-sort-maps.c
cfn=(22) _dl_sort_maps_init
calls=1 +54 
* 32
fi=(13) ./elf/../sysdeps/unix/sysv/linux/dl-sysdep.c
36 2
cfi=(14) ./elf/../sysdeps/unix/sysv/linux/brk.c
cfn=(28) brk
calls=1 -1 
* 8
fi=(6) ./elf/../sysdeps/x86_64/dl-machine.h
215 1
cfi=(15) ./elf/../sysdeps/x86/dl-get-cpu-features.c
cfn=(32) _dl_x86_init_cpu_features
calls=1 37 
* 7224
fe=(9)
+23 3
+1 1
cfi=(22)
cfn=(60)
calls=1 41 
* 17
* 1
+2 2
cfi=(23) ./elf/../misc/sbrk.c
cfn=(62) sbrk
calls=1 37 
* 15
* 3
+12 3
+3 5
cfi=(2) ./elf/./elf/rtld.c
cfn=(64) dl_main
calls=1 1320 
* 111679
+2 9

fl=(77) ./elf/../sysdeps/x86/dl-cet.c
fn=(270) _dl_cet_check
252 8
42 1
+9 1
-10 1
+4 1
-4 1
+3 1
+4 2
+1 2
-1 2
+14 2
254 8

fl=(144) ./elf/./elf/dl-init.c
fn=(474) _dl_init
77 12
+1 1
+1 1
+3 3
+8 2
+25 1
+1 5
+1 2
-86 4
+86 6
-86 12
+2 20
cfn=(476) call_init.part.0
calls=3 -7 
* 199
+83 12
+7 8
-92 4
+2 6
cfn=(476)
calls=1 -7 
* 61
+52 2

fn=(476)
26 32
+13 4
-13 4
+16 4
-3 8
+3 8
+5 6
+8 9
+1 6
cob=(2)
cfi=(51)
cfn=(478)
calls=1 -56 
* 26
+3 3
+1 6
+6 2
+2 2
-2 1
+3 7
+1 4
cob=(3)
cfi=(149)
cfn=(504)
calls=1 +13 
* 12
* 4
cob=(3)
cfi=(146)
cfn=(496)
calls=1 -24 
* 80
-1 6
+3 24
-29 2

fl=(41) ./elf/./elf/dl-hwcaps_split.c
fn=(116) _dl_hwcaps_split_masked
51 55
-25 42
+4 24
+4 48
+1 12
-1 24
+2 24
+5 27
cfi=(42)
cfn=(118)
calls=9 -18 
* 216
+1 18
+3 6
+11 12
+1 12
+1 6
-1 6
+1 6
-2 6
+1 6
+1 3
-1 3
+1 27
cfn=(120) _dl_hwcaps_contains
calls=6 +8 
* 30
* 12
-3 5
+7 44
-19 6
cfi=(22)
cfn=(60)
calls=3 -2 
* 51
* 3

fn=(122) _dl_hwcaps_split
25 4
+1 3
+21 1
-20 1
+20 3

fn=(120)
66 6
+1 12
+1 6
+9 6

fl=(79) ./elf/./elf/dl-lookup.c
fn=(284) check_match
70 98
+3 98
-3 1176
+3 388
+13 96
-13 96
+13 96
-13 96
+13 288
+3 328
cfi=(32)
cfn=(90)
calls=34 +19 
* 1687
* 68
+4 96
+1 192
+2 188
+19 188
+1 752
-38 96
+84 576
-18 4
+2 4
+1 2
-1 4
+1 6
-1 4
+16 12
-45 282
cfi=(32)
cfn=(90)
calls=94 -9 
* 2435
* 188
-44 8
+82 4

fn=(282) do_lookup_x
363 824
+1 103
-1 515
+48 103
-30 206
-11 103
+41 103
-30 309
+30 103
fi=(80) ./elf/../sysdeps/generic/dl-protected.h
44 309
fe=(79)
381 103
fi=(80)
44 412
fe=(79)
395 969
+4 323
+4 323
-3 323
+3 1292
+1 969
+3 323
+1 646
+7 323
-3 646
-2 323
+5 1292
+3 2261
570 684
374 648
+3 648
+4 654
+4 646
+4 646
+88 192
fi=(4) ./elf/../sysdeps/generic/ldsodefs.h
137 192
+1 288
fe=(79)
528 192
fi=(80)
29 192
fe=(79)
535 740
+16 192
+1 96
+1 192
422 408
-1 204
+2 204
+2 1224
+13 414
-10 1170
+3 98
-1 196
+1 98
-1 98
+2 196
-1 1176
cfn=(284)
calls=98 70 
* 9556
+4 294
+3 4
573 7
+1 824
-35 21
-70 12
171 42
452 768

fn=(280) _dl_lookup_symbol_x
840 1030
+10 103
-10 206
+10 103
-10 103
+10 103
204 103
840 103
204 515
581 412
-1 206
+2 103
-1 103
+1 309
-1 309
+1 1305
-1 1305
+1 3915
-1 3915
+2 103
846 103
-4 103
+1 103
+7 103
-8 103
+1 103
+7 385
+3 103
+2 206
-2 103
+6 206
-7 618
+7 35
+1 1442
cfn=(282)
calls=103 363 
* 36422
* 309
+28 103
-23 103
+23 103
-23 206
+24 560
+7 96
-7 96
+40 384
+79 192
-65 288
+3 288
-62 103
+69 927
-86 42
+18 21
+59 2

fl=(129) ./elf/./elf/dl-find_object.c
fn=(416) _dl_find_object_init
561 4
+3 1
+2 2
+13 1
cfn=(420) _dlfo_process_initial
calls=1 474 
* 79
+1 1
-1 1
+1 1
fi=(28)
56 1
cfi=(27)
cfn=(76)
calls=1 -21 
* 25
fe=(129)
580 1
fi=(28)
56 1
fe=(129)
582 2
+3 2
+5 1
+1 1
cfn=(420)
calls=1 474 
* 280
+3 3
+10 4
-37 2
cfi=(130) ./elf/./dl-find_object.h
cfn=(418) _dl_find_object_from_map
calls=1 95 
* 68
* 1
+29 2
cfn=(422) _dlfo_sort_mappings
calls=1 -60 
* 80
+3 6
+2 1

fn=(420)
474 2
+3 2
-3 2
+1 2
+3 4
+26 14
+1 6
+1 8
-1 16
+3 28
+3 24
-7 10
+25 2
+2 8
-18 18
+3 6
-1 6
cfi=(130)
cfn=(418)
calls=3 95 
* 189
+2 12

fn=(422)
536 1
+1 2
+3 4
+4 1
+1 1
-1 1
+1 2
-1 1
+1 1
-1 1
+1 6
+1 19
-1 9
+8 6
+1 4
-1 2
-13 4
+14 6
+1 4
-15 4
+17 1

fl=(55)
fn=(178)
28 13
+3 13
-3 39
+3 78
+8 91
+2 3
-2 30
+2 10

fl=(13)
fn=(100) _dl_discover_osversion
46 5
+2 3
+40 2
cfi=(36)
cfn=(102)
calls=1 +32 
* 6
+15 1
-15 2
+20 1
-1 1
+3 12
+4 3
-2 6
+2 11
+3 2
-1 2
+1 6
-3 8
+3 1
-1 1
+1 3
-3 4
+7 3
-1 3
+4 3
-2 3
+2 12
+9 5

fl=(49)
fn=(206)
76 2
+1 8

fn=(154) _dl_audit_activity_map
28 6
+2 1
-1 1
+1 2
+6 6

fn=(466) _dl_audit_activity_nsid
40 6
+4 3
-4 3
+4 3
-4 3
+4 3
-4 6
+4 3
+1 3
+1 12
+4 18

fn=(530)
117 1
+1 4

fn=(762) _dl_audit_objclose
96 4
+1 16

fl=(24)
fn=(66) __tls_pre_init_tp
53 3
+3 8
+5 1
-5 1
+5 1
+1 1
-6 1
+8 1

fn=(266) __tls_init_tp
68 2
fi=(207) ./elf/../include/list.h
-24 1
fe=(24)
+24 1
fi=(207)
-25 1
fe=(24)
+26 1
+3 1
fi=(207)
-29 1
+1 1
+1 1
+2 1
fe=(24)
+28 4
+1 2
+1 1
+5 2
+5 1
+6 1
-3 1
+3 1
-6 3
+6 1
+13 3
fi=(76) ./elf/../sysdeps/unix/sysv/linux/rseq-internal.h
-72 1
fe=(24)
+72 1
cfi=(10)
cfn=(24)
calls=1 405 
* 20
fi=(76)
-74 3
+2 6
+3 2
+3 1
fe=(24)
+83 3
+7 2
+2 1
+1 1
+1 3

fn=(84)
42 8
+2 16

fl=(7)
fn=(428) lookup_malloc_symbol
61 8
+3 4
-3 16
+3 4
-3 4
+3 8
-1 4
+1 12
cfi=(79)
cfn=(280)
calls=4 840 
* 2104
+4 28
+1 28
+2 4
fi=(132) ./elf/./dl-sym-post.h
-30 8
+12 12
fe=(7)
+19 20

fn=(136)
239 2
+3 4
+2 2
+1 4
+4 33
+7 84
-2 56
+13 1
+4 4
-22 14
+15 14
-15 30

fn=(424) __rtld_malloc_init_real
76 2
+10 1
fi=(131) ./elf/../sysdeps/generic/dl-hash.h
-41 1
fe=(7)
+31 1
fi=(131)
-32 1
fe=(7)
+32 5
+11 1
-1 1
fi=(131)
-43 1
+5 3
+14 4
-17 3
+3 15
+14 20
-17 15
fe=(7)
+46 2
fi=(131)
-24 1
fe=(7)
+22 1
+2 2
fi=(131)
-19 1
fe=(7)
+19 1
cfn=(428)
calls=1 -30 
* 575
+1 3
-1 1
+1 1
cfn=(428)
calls=1 -31 
* 575
+1 3
-1 1
+1 1
cfn=(428)
calls=1 -32 
* 561
+1 3
-1 1
+1 1
cfn=(428)
calls=1 -33 
* 553
+5 1
+1 1
+1 1
+1 1
+1 7

fn=(12) __rtld_malloc_init_stubs
42 1
+1 2
+1 2
+1 2
+1 2
+1 1

fl=(130)
fn=(418)
95 8
+1 8
+1 4
+6 20
+1 119
+1 82
+2 12
+5 4

fl=(68)
fn=(230) _dl_cache_libcmp
370 9
+1 9
+32 9
-33 18
+1 20
+2 45
+2 45
-2 90
+20 88
+2 88
-12 36
+2 36
+14 36
+1 36
-29 72
+32 3
-28 2
+8 1
-2 2
+1 2
-1 1
+2 3
+2 1
-3 1
+3 3
+2 2
+9 24

fn=(468) _dl_unload_cache
537 1
+1 4
-1 1
+3 2
cfi=(72)
cfn=(470) munmap
calls=1 117 
* 6
+1 1
+4 1
+2 2

fn=(222)
416 10
+2 2
+3 3
+74 1
208 1
495 2
+3 3
fi=(70) ./elf/../sysdeps/x86/dl-procinfo.h
39 2
+3 3
cfi=(32)
cfn=(90)
calls=1 +66 
* 25
* 4
fe=(68)
212 6
cfi=(10)
cfn=(24)
calls=1 405 
* 21
* 1
+16 2
-16 1
+6 2
+10 1
-7 5
+9 3
+1 1
-37 2
+37 1
+4 2
-5 21
+1 7
-37 14
+37 7
+4 14
+4 24
cfn=(230)
calls=8 370 
* 608
+1 16
359 7
+3 2
228 2
360 6
228 15
+2 5
+20 2
+3 2
+2 4
cfn=(230)
calls=1 370 
* 74
* 2
-7 2
-30 2
+1 1
+95 1
-95 1
-1 8
+96 3
-47 2
+10 2
+1 3
fi=(69) ./elf/../sysdeps/generic/dl-cache.h
125 5
fe=(68)
294 2
+9 2
+3 2
+2 3
+1 2
+5 2
+1 4
+7 2
+21 4
513 2
+12 2
cfi=(22)
cfn=(60)
calls=1 41 
* 33
* 12
+1 1
-1 1
+1 1
-1 1
+1 1
cfi=(29)
cfn=(80)
calls=1 212 
* 11
* 1
+1 1
cfi=(45)
cfn=(140)
calls=1 40 
* 89
+1 8
-3 2
424 4
cfi=(54)
cfn=(224) _dl_sysdep_read_whole_file
calls=1 36 
* 91
* 1
+8 5
+1 8
+3 4
+1 1
-1 3
fi=(69)
194 1
+1 5
fe=(68)
444 1
+1 2

fl=(195)
fn=(732)
31 9
+20 3
-3 7
+3 4
+3 2
cob=(3)
cfi=(196)
cfn=(734)
calls=1 +23 
* 43
+2 1
+3 2
+2 6
+7 2
-2 1
+2 1
cfi=(49)
cfn=(466)
calls=1 -28 
* 21
+5 14
+5 1
-5 1
+5 3
+2 8
+2 8
+2 8
+1 4
+1 4
+4 4
-12 12
+14 6
+1 4
+6 5
cfi=(12)
cfn=(246) _dl_sort_maps
calls=1 290 
* 300
+9 2
cob=(3)
cfi=(197)
cfn=(736)
calls=1 367 
* 34
+5 6
+2 1
+2 3
-2 3
+2 9
+3 8
+3 12
+4 2
+11 4
+1 1
+1 2
+1 5
+1 2
cob=(5)
cfi=(150)
cfn=(738) 0x00000000000015c0
calls=1 0 
* 92
-1 5
+5 3
+1 6
cob=(2)
cfi=(51)
cfn=(764)
calls=1 0 
* 110
cob=(2)
cfi=(51)
cfn=(760)
calls=1 0 
* 4
+6 8
cfi=(49)
cfn=(762)
calls=4 -57 
* 20
+5 4
-45 12
+49 3
cfi=(49)
cfn=(466)
calls=1 40 
* 21
* 2
-38 9
+3 2
+41 6
+6 2
+7 8
73 2

fl=(16) ./elf/../sysdeps/x86/cpu-features.c
fn=(40) update_active.constprop.0
43 7
+45 1
-41 1
+28 1
-18 1
+31 1
+4 1
-36 1
-1 1
+37 1
-26 1
-11 1
+1 1
+36 2
+1 1
-17 1
-21 1
+25 1
-4 1
-11 1
+28 1
-1 1
-36 1
+18 1
+19 1
-13 1
-4 1
-11 1
+19 1
+11 1
-3 1
-12 1
+14 1
-29 1
+18 1
+9 1
-18 1
+13 1
-13 1
-9 1
+29 2
+3 1
-14 1
-9 1
+9 1
+4 1
+10 1
-17 1
+7 1
+5 1
+5 1
+1 1
-1 1
+1 2
+2 2
+1 4
+3 1
+1 1
-1 1
+1 1
-1 1
+1 1
-1 1
+1 1
+4 2
+4 2
+2 4
+83 3
+12 2
+1 1
+3 3
+4 1
-4 1
+4 1
+67 3
+4 3
fi=(18) ./elf/../sysdeps/x86/get-isa-level.h
31 1
-3 1
+3 1
-1 2
fe=(16)
296 1
+1 8
-75 3
+1 2
+3 1
-1 1
+9 1
-5 1
+2 1
-2 1
+5 1
fi=(18)
32 3
+4 3
fe=(16)
+83 2
+2 1
+3 2
+10 1
+10 1
-10 1
+10 1
-10 1
+6 1
+4 1
-4 1
-6 1
+6 1
+2 1
-2 1
+2 3
+7 4
fi=(18)
39 3
+1 4
+5 1
-7 1
+7 3
+2 1
+1 2
+1 3
+2 4
+1 2
+1 2
+6 1
-4 1
+4 1
-3 2
fe=(16)
+75 1
-5 2
+4 1

fn=(34) init_cpu_features.constprop.0
399 1
+16 1
-16 6
+3 1
+1 1
+1 1
+11 2
+3 6
593 1
+94 5
+1 1
+3 2
+1 1
+6 1
+3 1
fi=(19) ./elf/../sysdeps/x86/dl-cacheinfo.h
+5 1
+2 1
fe=(16)
-9 1
fi=(19)
+23 2
840 1
+46 1
-46 17
+45 2
+25 2
+21 2
-21 2
+13 3
+8 1
-8 1
+8 1
cfi=(10)
cfn=(24)
calls=1 405 
* 21
* 1
+2 2
+3 4
cfi=(10)
cfn=(24)
calls=1 405 
* 21
* 1
+2 1
+3 2
-3 2
+3 1
-3 1
+3 1
cfi=(10)
cfn=(24)
calls=1 405 
* 21
* 1
+1 5
+16 2
-12 5
cfi=(10)
cfn=(24)
calls=1 405 
* 21
* 1
+1 3
+23 1
-17 5
+3 3
-3 1
cfi=(10)
cfn=(24)
calls=1 405 
* 21
+3 3
-3 2
+3 9
cfi=(10)
cfn=(54) __GI___tunable_set_val
calls=1 157 
* 58
+1 9
cfi=(10)
cfn=(54)
calls=1 157 
* 58
+1 10
cfi=(10)
cfn=(54)
calls=1 157 
* 58
+3 8
cfi=(10)
cfn=(54)
calls=1 157 
* 58
+2 8
cfi=(10)
cfn=(54)
calls=1 157 
* 58
+4 1
fe=(16)
706 1
fi=(19)
967 2
fe=(16)
706 2
fi=(19)
967 4
fe=(16)
706 1
cfi=(10)
cfn=(24)
calls=1 405 
* 19
+4 3
+14 1
-1 2
+1 3
+47 1
-1 1
+1 1
+46 4
cfi=(10)
cfn=(24)
calls=1 405 
* 19
+2 4
cfi=(10)
cfn=(24)
calls=1 405 
* 19
fi=(21) ./elf/../sysdeps/unix/sysv/linux/x86/cpu-features.c
27 6
fe=(16)
829 2
+45 8
fi=(19)
+19 11
fe=(16)
775 3
+27 2
-10 2
+1 2
+2 3
+1 2
+2 3
+1 2
fi=(19)
-75 3
cfn=(46) handle_intel.constprop.0
calls=1 255 
* 437
+1 1
-1 2
+1 1
cfn=(46)
calls=1 255 
* 478
+1 1
-1 1
+1 1
cfn=(46)
calls=1 255 
* 503
+3 1
-3 2
+3 1
cfn=(46)
calls=1 255 
* 459
+2 1
-2 1
+2 1
cfn=(46)
calls=1 255 
* 451
+3 1
-2 1
-1 1
+3 1
cfn=(46)
calls=1 255 
* 428
+2 1
-2 1
+2 1
cfn=(46)
calls=1 255 
* 429
+3 1
-2 1
-1 1
+3 1
cfn=(46)
calls=1 255 
* 469
+2 1
-2 1
+2 1
cfn=(46)
calls=1 255 
* 470
+3 1
-3 1
+3 1
cfn=(46)
calls=1 255 
* 494
+2 1
-2 1
+2 1
cfn=(46)
calls=1 255 
* 495
+2 1
-2 1
+2 1
cfn=(46)
calls=1 255 
* 790
+2 3
-2 1
+2 1
cfn=(52) get_common_cache_info.constprop.0
calls=1 481 
* 215
863 15
fe=(16)
424 6
cfn=(36) get_common_indices.constprop.0
calls=1 -99 
* 71
303 3
+1 2
+1 6
+5 2
+1 6
+5 2
+1 6
429 1
cfn=(40)
calls=1 43 
* 194
+2 1
+2 1
+83 1
-85 2
564 2
+7 2
+2 1
+4 2
+6 2
422 2
-3 1
+14 3
+1 4
+69 1
+10 11
+42 1
+1 1
434 11
+55 3

fn=(36)
325 1
+4 4
+3 3
+5 2
-5 1
+5 1
-5 1
+4 1
+1 1
+1 4
+1 4
+1 3
+1 2
+7 2
+2 5
+5 1
-5 1
+5 1
-5 1
+5 1
-5 2
+5 1
+7 1
-7 4
+7 1
+1 3
+6 1
-6 4
+6 1
fi=(17) ./elf/../sysdeps/unix/sysv/linux/x86/dl-minsigstacksize.h
24 2
+3 2
+1 2
+37 3
+7 1
+2 1
fe=(16)
384 2

fl=(14)
fn=(28)
35 1
+1 3
+1 2
+6 1
+1 1

fl=(43) ./string/../sysdeps/x86_64/memcmp.S
fn=(124) bcmp
22 1
+5 1
+1 1
+1 1
+1 1
+1 1
+1 1
+1 1
+1 1
+3 1
+1 1
+1 1
+1 1
+1 1
+1 1
+1 1
+1 1
+1 1
+2 1
+1 1
+17 1
+1 1
+17 1
+1 1
+1 1
+1 1
+1 1
+4 1
+47 1
+1 1
+1 1
+1 1
+1 1
+1 1
+1 1
+1 1
+1 1
+1 1
+1 1
+1 1
+1 1

fl=(53) ./setjmp/../sysdeps/x86_64/setjmp.S
fn=(168) __sigsetjmp
30 3
+2 3
+9 3
+1 6
+1 3
+4 3
+1 3
+1 3
+1 3
+1 3
+2 6
+2 3
+1 3
+1 3
+2 6
+2 3
+8 3
+3 3
+1 3
+7 3
+1 3

fl=(75) ./elf/./elf/dl-version.c
fn=(254) _dl_check_all_versions
361 6
+4 5
-2 2
+4 24
cfn=(256) _dl_check_map_versions
calls=4 155 
* 3924
-2 4
+2 12
-1 4
-1 8
+5 7

fn=(256)
155 32
+15 4
-15 8
+15 8
+2 20
+2 4
+1 4
-1 4
+1 4
+2 8
+3 4
-16 2
-8 2
+28 2
-4 2
+4 4
+16 2
36 4
200 2
36 10
+1 5
-1 10
+2 21
cfi=(54)
cfn=(174)
calls=7 +30 
* 958
* 14
208 6
+5 2
-71 4
+71 6
+8 2
-2 2
-2 4
+4 2
-4 12
+4 6
-2 6
-2 12
+4 6
-4 61
56 32
+8 24
+6 24
+16 8
+1 16
+2 8
+5 72
+14 150
+12 201
+4 67
-30 134
224 32
+3 24
+5 6
-11 6
110 8
+3 32
cfi=(32)
cfn=(90)
calls=8 -5 
* 246
* 34
236 8
+14 4
+3 8
+10 42
-7 168
+3 126
-3 8
+3 6
+8 6
+6 3
fi=(28)
44 3
fe=(75)
273 3
fi=(28)
44 3
cfi=(27)
cfn=(72)
calls=3 +34 
* 108
fe=(75)
272 3
fi=(28)
44 3
fe=(75)
274 6
+13 3
-3 3
+3 12
+2 9
+3 8
+4 6
+7 8
+1 8
-1 24
+1 8
+1 8
-2 8
+2 16
+1 24
+3 24
+5 6
-15 6
+2 6
-2 6
+2 6
-2 6
+2 12
-2 2
+2 2
-2 2
+2 2
-2 2
+2 4
+16 6
+39 36
-29 9
+3 8
+4 42
+6 42
+1 42
+1 42
-1 126
+1 42
-1 42
+1 42
+1 42
+3 126
+4 42
-14 88
+10 6
164 2
+86 2
-94 2
+94 3

fl=(67)
fn=(220)
28 20
+1 40
cfi=(59)
cfn=(192)
calls=10 153 
* 98

fl=(38)
fn=(108)
175 5
+1 1
-1 6
+1 1
-1 1
+1 1
-1 1
+1 1
-1 1
+1 2
cfi=(10)
cfn=(24)
calls=1 405 
* 21
* 1
+2 2
+1 3
+26 2
-26 1
+25 1
cfi=(39) ./elf/../sysdeps/x86_64/dl-hwcaps-subdirs.c
cfn=(110) _dl_hwcaps_subdirs_active
calls=1 29 
* 47
fi=(40) ./elf/./dl-hwcaps.h
54 1
fe=(38)
205 1
-1 1
fi=(40)
56 1
+32 1
+1 1
+1 1
fe=(38)
-35 2
cfi=(41)
cfn=(116)
calls=1 -4 
* 13
* 2
fi=(40)
-1 1
+2 2
-2 1
+34 2
+1 2
+1 1
fe=(38)
-32 2
-1 2
+1 2
+1 2
-1 2
-3 4
cfi=(41)
cfn=(116)
calls=2 -4 
* 114
* 2
cfi=(41)
cfn=(116)
calls=1 -4 
* 122
* 6
+48 5
fi=(28)
-47 1
cfi=(27)
cfn=(76)
calls=1 -21 
* 25
fe=(38)
+47 1
+2 2
+3 2
fi=(40)
-52 1
fe=(38)
+55 1
-3 1
fi=(40)
-54 2
+3 1
fe=(38)
+58 2
cfi=(41)
cfn=(122)
calls=1 -90 
* 12
* 2
fi=(40)
-61 1
+2 2
-2 1
+34 2
+1 2
+1 1
fe=(38)
+40 4
+1 2
-1 6
+2 2
+1 2
-2 6
-3 4
cfi=(41)
cfn=(116)
calls=2 -77 
* 114
* 2
cfi=(41)
cfn=(116)
calls=1 -77 
* 122
* 6
+8 2
+9 1
-15 1
+15 2
-15 1
+15 8
+9 2
+4 7
cfi=(43)
cfn=(124)
calls=1 22 
* 41
+1 2
+1 1
+4 1
+1 2
+1 1
-20 2
+19 1
+1 1
-20 2
-1 4
+70 1
+1 1
+4 1
-5 2
+1 4
+4 2
-4 1
+4 4
+1 1
-1 1
+1 2
+1 2
-2 5
+1 1
-1 1
+1 2
+1 2
-2 5
+5 1
+3 2
-3 2
+3 15
+7 1
-7 2
+2 3
+1 4
+2 1
fi=(208) ./elf/../sysdeps/x86/dl-hwcap.h
57 1
fe=(38)
233 2
fi=(208)
57 1
fe=(38)
233 2
fi=(208)
57 1
fe=(38)
233 1
+1 1
cfi=(22)
cfn=(60)
calls=1 41 
* 17
+1 1
+1 1
-6 1
+4 1
+1 1
-5 1
+5 1
+1 1
-1 2
-5 4
+10 3
-2 3
+2 1
+1 1
+1 1
-1 1
+4 4
+1 1
-1 1
+4 2
+4 1
-1 1
+1 4
-1 2
+4 3
+1 3
+19 10
+6 2
fi=(28)
56 1
cfi=(27)
cfn=(76)
calls=1 -21 
* 25
* 1
fe=(38)
283 2
+8 1
fi=(40)
54 1
+2 1
+34 1
-2 2
fe=(38)
-5 1
291 1
fi=(40)
54 1
+35 1
fe=(38)
291 1
fi=(40)
90 1
fe=(38)
-10 2
cfi=(41)
cfn=(116)
calls=1 -29 
* 13
* 2
fi=(40)
-26 2
+2 1
fe=(38)
+27 1
fi=(40)
-29 1
+34 2
+1 2
+1 1
fe=(38)
-8 2
+1 4
+7 2
-7 10
cfi=(29)
cfn=(128)
calls=2 199 
* 26
+4 2
+2 2
+2 2
-2 4
-9 4
cfi=(41)
cfn=(116)
calls=2 -29 
* 114
* 2
cfi=(41)
cfn=(116)
calls=1 -29 
* 122
* 6
304 1
+2 1
-2 1
-48 2
+72 1
-72 1
376 2
+13 2
-58 1
+45 1
+13 1
-58 1
-75 1
+82 1
+10 2
-92 1
+88 1
+4 3
-4 1
+3 7
-3 2
-3 1
+3 1
cfi=(29)
cfn=(128)
calls=1 199 
* 18
* 2
-3 1
+3 1
cfi=(29)
cfn=(128)
calls=1 199 
* 18
* 2
+3 2
-3 4
+3 5
+1 12
+1 2
-2 1
+2 1
cfi=(29)
cfn=(128)
calls=1 199 
* 15
* 2
-2 2
+5 8
cfi=(29)
cfn=(128)
calls=2 199 
* 30
* 4
+2 5
+5 6
+1 1
-1 3
+1 7
-1 25
+5 11
+4 1
-1 1
+1 2
-4 12
+4 2
-1 2
+1 13
-1 9
+1 18
+1 24
-1 12
-1 12
+2 24
-1 24
-1 24
+4 9
+3 1
+2 2
-1 1
-1 1
+2 1
-2 1
+2 2
-1 1
+1 2
+2 6
+1 2
+3 2
-6 2
+6 3
+7 8
+1 1
-1 2
+3 2
-3 3
+1 3
-1 6
+3 6
+3 4
-80 2
+86 9
-20 1
+1 2
-6 3
259 2
+1 2
+1 4
-1 3
+12 4
-44 2
+34 4
-2 3

fl=(73) ./malloc/./malloc/scratch_buffer_set_array_size.c
fn=(240) __libc_scratch_buffer_set_array_size
30 20
+4 2
+1 4
+11 2
-1 4
+18 8

fl=(25) ./elf/./elf/dl-environ.c
fn=(68) _dl_next_ld_env_entry
28 3
+1 3
+3 38
+13 28
-13 56
+2 60
+1 18
+5 2
-3 2
+3 2
+2 2
+7 1

fl=(19)
fn=(52)
481 1
+17 1
-17 4
+16 1
-16 1
+15 1
-15 3
+18 1
-1 1
+9 2
+3 3
+11 1
-11 1
-5 1
+21 3
+4 2
681 4
+1 5
+4 2
+9 2
-2 1
+2 2
-1 1
+1 3
535 6
+3 8
+7 2
-7 9
+7 6
+3 26
+14 2
+4 1
+3 1
+1 1
-4 2
+3 3
+6 2
-37 6
+15 2
+4 1
+1 1
-1 2
+18 2
-68 6
+74 4
+8 7
+2 2
+4 3
+2 1
+2 5
-4 1
+16 1
-16 3
+21 2
-21 4
+3 1
+1 4
-4 1
+6 4
+3 2
+5 1
+2 2
+1 1
+1 1
-2 2
+1 1
-19 5
+46 2
+1 1
+1 2
+2 2
-1 3
-23 2
+7 1
+2 2
-16 1
+22 1
-6 2
+1 1
+5 1

fn=(46)
255 24
-5 24
+16 12
-16 72
+13 12
+1 36
-3 24
+11 60
+5 24
+2 12
+1 12
-1 12
+5 48
cfn=(48) intel_check_word.constprop.0
calls=12 123 
* 3876
+2 24
+3 60
cfn=(48)
calls=12 123 
* 1156
+2 24
+3 5
cfn=(48)
calls=1 123 
* 20
+2 2
+3 5
cfn=(48)
calls=1 123 
* 255
+2 2
-35 3
+39 3
+5 96

fn=(48)
123 78
-4 78
+10 104
-10 26
+10 52
+2 52
+71 200
-71 102
+2 63
+2 126
+8 126
+51 102
+22 51
fi=(20) ./elf/../bits/stdlib-bsearch.h
28 51
-1 102
+4 102
+1 51
fe=(19)
+78 102
fi=(20)
-79 76
+1 38
fe=(19)
+78 76
+3 345
fi=(20)
-84 820
+2 512
+1 256
fe=(19)
+78 512
+15 15
246 104
fi=(20)
37 63
-8 151
fe=(19)
155 36
+3 36
-6 54
+3 14
+9 14
+23 19
-32 57
+3 57
+4 50
+2 100
+2 50
+2 36
+4 11
+2 22
+6 14
+3 8
+1 12
-8 4
+2 4
-1 4
-1 4
+2 8
-2 4
+3 12
-2 12
+2 8
-10 24
+1 10
+11 12
-26 4
+9 4
+23 2
-32 6
+3 6
+4 8
+2 16
+2 8
-11 3
+7 6
+2 12

fl=(39)
fn=(110)
29 1
fi=(18)
+2 1
fe=(39)
+7 1
fi=(18)
-7 2
-1 2
fe=(39)
+22 1
fi=(18)
-20 3
+4 1
fe=(39)
+2 1
fi=(18)
-2 2
+3 4
+1 4
+5 1
fe=(39)
-7 1
fi=(18)
+7 3
fe=(39)
-2 1
fi=(18)
+5 2
+1 3
+2 4
+1 2
+1 2
+6 1
fe=(39)
-11 1
fi=(18)
+11 1
-3 2
fe=(39)

fl=(59)
fn=(192)
153 26
-55 26
+70 30
+1 4
-2 18
+1 18

fl=(50) ./string/../sysdeps/x86_64/strcspn.S
fn=(158) strcspn
25 1
+2 1
+7 1
+1 1
+2 1
+1 1
+1 1
+1 1
+1 33
+3 3
+7 1
+1 1
+1 1
+1 1
+2 1
+1 1
+1 1
+1 1
+2 1
+1 1
+1 1
+9 3
+12 1
+2 1
+1 1
+1 1
-4 12
+2 12
+1 12
+1 12
+2 13
+1 13
+1 13
+2 13
+1 13
+1 13
+2 13
+1 13
+1 13
+2 1
+1 1
+1 1
+2 1
+7 1
+4 1

fl=(54)
fn=(224)
36 2
+3 1
-3 6
+3 1
-3 1
+3 1
cfi=(55)
cfn=(178)
calls=1 -11 
* 19
+1 2
+23 7
-21 4
cfi=(58)
cfn=(190)
calls=1 -13 
* 15
* 2
+2 2
+3 2
+13 2
cfi=(64)
cfn=(204)
calls=1 -35 
* 6
* 1
-11 6
cfi=(60)
cfn=(194)
calls=1 -2 
* 9
* 2

fn=(174)
68 84
+1 28
cfi=(32)
cfn=(90)
calls=14 +39 
* 635
* 28
+3 14
+2 28
+6 15
-6 30
+1 54
cfi=(32)
cfn=(90)
calls=18 +33 
* 871
* 36
+8 3
-13 3
+13 20
-1 11
+1 33

fl=(1) ???
fn=(0) 0x0000000000020290
0 2
cfi=(2)
cfn=(2) _dl_start
calls=1 527 
0 136258
0 14
cfi=(144)
cfn=(474)
calls=1 77 
0 361
0 3
cob=(5)
cfi=(150)
cfn=(508) (below main)
calls=1 0 
0 15231979128

fl=(46)
fn=(152) _dl_debug_state
116 2
+1 2

fn=(146) _dl_debug_initialize
56 1
+3 2
+4 1
-6 1
+4 1
+2 2
+22 2
+5 2
+1 1
+1 1
-1 1
-1 1
+5 2
+4 2
+8 2
-43 2
+32 6

fn=(186)
38 3
+3 3
-1 6
+4 6
+4 3

fl=(66) ./elf/./elf/dl-deps.c
fn=(210) _dl_map_object_deps
159 5
+1 3
-1 1
+1 1
-1 2
+1 1
-1 3
+1 1
-1 4
+1 12
-8 1
-7 1
+15 1
-14 1
+6 1
+8 1
-15 1
+7 1
-8 1
+1 1
+7 1
-7 1
+31 3
-28 3
-2 1
+31 1
-33 2
+2 2
+30 2
-30 1
-1 4
+7 4
+24 2
-32 1
+60 1
-60 2
+36 1
fi=(74) ./elf/../include/scratch_buffer.h
77 3
fe=(66)
198 1
fi=(74)
78 1
fe=(66)
200 2
+98 1
198 1
+4 1
+7 1
+4 4
-4 3
+4 12
+11 12
-18 2
+18 4
433 12
+2 2
+3 2
-3 4
+3 2
fi=(28)
56 2
cfi=(27)
cfn=(76)
calls=2 -21 
* 50
* 2
fe=(66)
439 4
+6 2
+1 10
cfi=(29)
cfn=(80)
calls=2 212 
* 22
+1 10
cfi=(29)
cfn=(80)
calls=2 212 
* 22
+4 2
-1 2
+5 16
204 9
458 9
-1 4
+1 8
199 3
+27 10
+5 2
+6 2
-5 2
-1 2
+2 4
+4 8
-31 2
+31 2
+1 6
+6 8
cfi=(31)
cfn=(212)
calls=2 -6 
* 108
* 6
+4 4
-2 2
+2 4
cob=(2)
cfi=(51)
cfn=(164)
calls=2 0 
* 6843
+1 4
+9 2
+2 4
+5 10
+6 2
+2 2
-8 4
+3 2
+1 2
+1 2
+1 2
+4 10
+4 6
+1 3
-43 200
+1 96
+44 144
-38 4
fi=(74)
85 3
fe=(66)
464 6
+1 1
+3 4
+11 3
fi=(28)
56 1
cfi=(27)
cfn=(76)
calls=1 -21 
* 25
* 1
fe=(66)
481 2
+5 3
+1 1
-1 2
+4 2
-2 1
+2 1
-2 2
+13 3
+5 3
-16 9
-2 3
+6 3
+7 3
-2 6
-5 1
+7 1
-2 2
+2 2
+5 1
-16 6
+19 2
+52 3
+37 3
+15 1
-11 1
+11 1
-14 2
+20 1
-1 3
+1 3
-1 5
cfi=(12)
cfn=(246)
calls=1 290 
* 260
+5 1
+3 1
-1 1
+2 2
+7 3
+3 3
+3 8
214 25
+3 2
fi=(74)
-86 6
cfi=(73)
cfn=(240)
calls=2 30 
* 40
fe=(66)
+86 4
+4 6
613 2
cfi=(29)
cfn=(80)
calls=1 212 
* 11
* 1
-53 2
160 2
380 6

fn=(214) openaux
61 6
+7 2
-4 4
+1 2
-1 16
cfi=(31)
cfn=(172)
calls=2 2022 
* 6685
* 2
+5 4

fl=(8)
fn=(14)
25 4
+3 4
-3 4
+3 8
+3 12
+1 8
+2 4
-1 4
+3 12
+1 4
+4 4
-3 4
+7 4
-4 4
-3 4
+2 8
+5 4
-5 4
-2 4
+7 4
-5 4
+10 4

fl=(142) ./elf/./elf/dl-runtime.c
fn=(458) _dl_fixup
46 16
+2 10
+1 2
+6 2
fi=(209) ./elf/../sysdeps/x86_64/dl-runtime.h
-27 2
fe=(142)
+21 2
+5 2
+1 2
-6 2
+6 4
+1 2
+2 2
-2 2
+2 2
-2 10
+7 4
+4 4
+4 6
+4 6
+1 8
-7 8
+16 2
-1 2
+1 4
+10 20
cfi=(79)
cfn=(280)
calls=2 840 
* 1363
* 2
+4 10
+10 20
+15 8
+9 6
+26 6
fi=(6)
+70 2
fe=(142)
-66 12

fl=(12)
fn=(246)
290 20
+8 2
-8 2
+8 4
+4 16
-79 4
-37 2
+37 2
-36 8
+1 2
-1 2
+1 2
-1 4
+1 6
-1 6
+1 6
-1 12
+36 30
+8 6
-3 2
+2 2
+1 2
-8 2
+5 2
+3 8
+2 18
+2 8
-90 40
cfn=(248) dfs_traversal.part.0
calls=8 -5 
* 284
+93 16
+18 4
+13 2
+33 2
-26 8
cfi=(29)
cfn=(80)
calls=2 -64 
* 22
* 2

fn=(22)
281 2
+1 4
cfi=(10)
cfn=(24)
calls=1 405 
* 20
+2 3
-1 1
+2 2

fn=(248)
140 64
+10 8
-2 8
+2 16
+2 20
+3 20
-3 40
+9 16
+15 24
+1 8
+1 48
-17 12

fl=(22)
fn=(60)
41 16
+44 16
+1 16
+1 16
+1 16
+1 16
+1 16
+1 16
+2 16
+2 16
+31 15
+1 15
+1 15
+1 15
+1 15
+1 10
+2 10
+4 5
+1 5
+1 5
+1 5
+1 5
+1 5
+1 5
+1 5
+1 5
+1 5
+1 5
+1 5
+5 40
+4 1
+1 14
+1 8

fl=(23)
fn=(62)
37 5
+3 1
+18 2
+4 2
+16 5

fl=(27)
fn=(72)
78 8
+4 8
-4 32
+7 8
+1 24
fi=(28)
-30 8
cfi=(27)
cfn=(76)
calls=8 -21 
* 235
fe=(27)

fn=(144)
95 3
+2 12

fn=(76)
35 120
+1 24
+11 24
-11 48
+11 48
+3 24
-3 24
+3 136
+18 24
+1 24
+2 96
-16 8
+1 4
+2 2
+1 14
cfi=(60)
cfn=(194)
calls=2 -12 
* 18
* 2
+2 4
+2 4
+2 2
+4 2
-4 4
-23 1
-1 1
+1 1
+1 2
-2 2

fl=(44)
fn=(132)
125 7
+1 35
+6 7
+1 7
+1 7
+1 7
+2 1
+1 1
+1 1
+65 4
+1 4
+2 4
+76 6
+1 6
+5 6
+3 6
+1 6
+3 2
+1 2
+13 2
+1 2
+2 2
+3 1
+3 2
+3 1
+1 1
+1 1
+1 1
+1 1
+1 1
+1 1
-6 27
+1 27
+1 27
+1 27
+1 27
+1 27
+1 27
+3 2
+1 2
+1 2
+1 2
+5 2

fl=(78) ./elf/./elf/dl-reloc.c
fn=(272) _dl_relocate_object
194 8
+14 4
-14 36
+16 4
-16 8
+14 4
+2 8
+3 4
-1 4
+1 8
+19 8
+6 20
-34 6
+38 6
+7 12
fi=(6)
71 10
+6 4
+4 3
+14 1
-8 1
+8 2
+20 2
+4 5
-2 2
fe=(78)
288 160
-83 1
fi=(6)
474 4
fe=(78)
205 2
+83 2
fi=(5) ./elf/./elf/do-rel.h
49 1
fe=(78)
288 1
fi=(5)
60 1
-11 2
+11 2
fe=(78)
288 3
-83 3
fi=(6)
474 12
fe=(78)
205 6
+83 6
fi=(5)
49 3
fe=(78)
288 3
fi=(5)
60 3
-11 6
+11 6
fe=(78)
288 8
fi=(5)
49 4
fe=(78)
288 4
fi=(5)
60 4
-11 8
+11 8
-7 1
-1 1
+11 8
fi=(6)
545 28
+4 28
+3 42
+1 14
fi=(5)
63 42
+2 216
+2 120
-4 120
+13 6
+1 8
+1 80
fi=(6)
545 40
+34 80
+2 40
cob=(3)
cfi=(128)
cfn=(408)
calls=1 31 
* 23
cob=(3)
cfi=(127)
cfn=(406)
calls=1 31 
* 7
cob=(3)
cfi=(126)
cfn=(402)
calls=1 33 
* 22
cob=(3)
cfi=(125)
cfn=(400)
calls=1 29 
* 7
cob=(3)
cfi=(123)
cfn=(396)
calls=1 29 
* 23
cob=(3)
cfi=(122)
cfn=(392)
calls=1 33 
* 17
cob=(3)
cfi=(120)
cfn=(388)
calls=1 29 
* 22
cob=(3)
cfi=(119)
cfn=(384)
calls=1 29 
* 17
cob=(3)
cfi=(118)
cfn=(380)
calls=1 29 
* 21
cob=(3)
cfi=(117)
cfn=(378)
calls=1 31 
* 7
cob=(3)
cfi=(116)
cfn=(374)
calls=1 29 
* 17
cob=(3)
cfi=(115)
cfn=(370)
calls=1 31 
* 21
cob=(3)
cfi=(114)
cfn=(366)
calls=1 29 
* 21
cob=(3)
cfi=(112)
cfn=(362)
calls=2 31 
* 38
cob=(3)
cfi=(110)
cfn=(358)
calls=1 29 
* 22
cob=(3)
cfi=(109)
cfn=(356)
calls=1 31 
* 7
cob=(3)
cfi=(108)
cfn=(352)
calls=1 29 
* 17
cob=(3)
cfi=(107)
cfn=(350)
calls=1 43 
* 7
cob=(3)
cfi=(106)
cfn=(348)
calls=1 29 
* 7
cob=(3)
cfi=(105)
cfn=(346)
calls=1 31 
* 7
cob=(3)
cfi=(104)
cfn=(344)
calls=1 66 
* 17
cob=(3)
cfi=(102)
cfn=(340)
calls=2 31 
* 46
cob=(3)
cfi=(100)
cfn=(336)
calls=1 31 
* 17
cob=(3)
cfi=(99)
cfn=(332)
calls=1 30 
* 21
cob=(3)
cfi=(98)
cfn=(328)
calls=2 29 
* 44
cob=(3)
cfi=(97)
cfn=(324)
calls=1 28 
* 21
cob=(3)
cfi=(96)
cfn=(322)
calls=1 61 
* 19
cob=(3)
cfi=(94)
cfn=(318)
calls=2 31 
* 42
cob=(3)
cfi=(92)
cfn=(314)
calls=1 29 
* 22
cob=(3)
cfi=(91)
cfn=(310)
calls=1 29 
* 19
cob=(3)
cfi=(89)
cfn=(306)
calls=1 29 
* 24
cob=(3)
cfi=(87)
cfn=(302)
calls=1 29 
* 19
cob=(3)
cfi=(86)
cfn=(300)
calls=1 65 
* 17
cob=(3)
cfi=(85)
cfn=(298)
calls=1 29 
* 7
cob=(3)
cfi=(83)
cfn=(294)
calls=2 31 
* 42
-36 40
+37 40
fi=(5)
77 121
fe=(78)
288 32
+3 24
+24 4
+3 8
+17 12
+2 32
-98 8
+3 2
+7 4
-9 2
fi=(5)
86 14
+2 14
+12 7
-14 28
+14 14
+10 10
+3 13
+1 3
fi=(6)
529 3
fi=(5)
114 3
fi=(6)
529 6
fi=(5)
114 1198
fi=(6)
529 1198
fi=(5)
114 1198
fi=(6)
529 2396
+5 2402
+1 1201
fi=(5)
113 1201
fi=(6)
535 1201
-5 1201
fi=(5)
113 2402
+7 28
+4 20
+2 10
-73 3
fi=(6)
484 3
fi=(5)
52 3
fi=(6)
484 6
fi=(5)
128 6
+1 3
+1 3
-2 3
+2 3
+3 3
-5 3
+2 3
-2 3
+1 6
+2 3
-2 3
+2 9
+2 6
-5 218
+1 109
+1 109
-2 109
+2 109
+3 109
-5 109
+2 109
-2 109
+1 218
+2 109
-2 109
+2 327
+2 218
+9 110
fi=(6)
262 220
+21 220
+4 220
+7 440
fi=(4)
138 282
fi=(6)
294 3617
cfi=(79)
cfn=(280)
calls=91 840 
* 51597
* 819
+2 282
+30 658
450 276
fi=(5)
145 310
-19 336
+32 15
+1 6
fi=(6)
294 2
+22 2
-22 4
fi=(5)
160 6
+3 2
+4 2
-4 2
+4 4
-2 2
-2 2
+2 2
+1 2
-1 4
fi=(6)
294 8
508 2
-1 4
+1 4
+1 2
cfi=(15)
cfn=(436) __x86_cpu_features
calls=1 71 
* 6
cob=(3)
cfi=(81)
cfn=(290)
calls=1 86 
* 28
+1 2
fi=(5)
159 2
fi=(6)
510 2
fi=(5)
159 8
-14 3
+1 48
fi=(6)
490 3
+5 2
-1 3
+1 2
-1 1
cfi=(29)
cfn=(80)
calls=1 212 
* 11
+2 4
+1 1
-75 51
+4 68
+5 17
+9 17
-9 34
+9 17
fi=(5)
145 66
fi=(6)
296 155
+3 107
-3 107
+3 214
+2 5
+3 2
+1 3
+11 2
+7 1
cob=(3)
cfi=(86)
cfn=(300)
calls=1 65 
* 17
* 3
+3 2
fi=(5)
135 10
+3 2
fi=(6)
296 91
+3 91
-3 198
+3 4
fi=(5)
50 8
fe=(78)
308 14
fi=(6)
-14 29
fe=(78)
+49 20
+3 4
-3 4
+3 4
+4 8
+1 16
cfi=(72)
cfn=(236)
calls=4 117 
* 24
* 8
-63 6
fi=(5)
53 2
175 7
+2 2
+1 2
-1 1
+3 1
-3 4
+3 2
-3 10
+1 10
-1 5
+3 5
-3 20
+3 10
+8 6
fi=(6)
+74 12
+21 12
+4 12
+7 24
fi=(4)
138 18
fi=(6)
294 204
cfi=(79)
cfn=(280)
calls=6 840 
* 3251
* 54
+2 18
+30 36
450 12
fi=(5)
191 18
-16 18
+30 4
fi=(6)
+91 2
+3 2
-3 2
+3 4
-3 2
+3 2
-3 4
fe=(78)

fl=(15)
fn=(32)
37 1
+2 3
+2 1
cfi=(16)
cfn=(34)
calls=1 399 
* 7219

fn=(436)
71 1
-32 3
+32 2

fl=(45)
fn=(140)
40 15
+1 3
cfi=(22)
cfn=(60)
calls=3 * 
* 87
* 3
fi=(210) ./string/../include/rtld-malloc.h
+15 6
cfi=(27)
cfn=(76)
calls=3 -21 
* 75
fe=(45)
-12 6
+4 3
-1 9
+1 6
-1 3
cfi=(29)
cfn=(80)
calls=3 212 
* 41

fl=(135) ./elf/./elf/dl-call-libc-early-init.c
fn=(438) _dl_call_libc_early_init
27 1
+2 2
-2 1
+6 3
-6 1
+6 3
-6 1
+6 1
cfi=(134)
cfn=(434)
calls=1 +41 
* 177
+4 2
+2 4
+2 1
-1 1
+1 2
-1 1
cob=(3)
cfi=(136)
cfn=(440)
calls=1 -7 
* 1108

fl=(65) ./io/../sysdeps/unix/sysv/linux/access.c
fn=(208) access
25 1
+2 7
+4 1

fl=(26)
fn=(70)
59 42
+3 6
+18 2
+3 2
-3 2
+3 2
cfi=(22)
cfn=(60)
calls=2 -42 
* 52
+4 4
-4 4
+9 4
fi=(28)
-48 6
cfi=(27)
cfn=(72)
calls=2 +34 
* 100
fe=(26)
+48 1
fi=(28)
-48 3
cfi=(27)
cfn=(72)
calls=1 +34 
* 43
* 3
fe=(26)
+51 6
+5 3
-2 3
+6 3
-4 3
+4 3
-5 3
+4 3
+1 3
-1 3
+1 6
cfi=(29)
cfn=(80)
calls=3 212 
* 44
* 6
+2 3
+13 6
+6 1
+2 7
+3 2
-3 14
+3 4
+9 3
-7 3
+4 3
+3 15
+2 1
-2 3
+2 15
-2 45
+16 6
-5 3
+5 3
-6 3
+6 3
-6 3
+6 6
+2 4
+3 4
-3 4
+7 8
+4 4
+8 2
+3 2
+10 3
-10 4
+10 6
+2 2
+21 2
-21 2
cfi=(22)
cfn=(60)
calls=2 41 
* 70
* 6
+17 2
-13 6
+50 6
cfi=(29)
cfn=(128)
calls=2 -46 
* 34
* 2
+5 4
+1 4
-1 80
+1 80
+2 4
+3 2
+3 2
+4 27
131 8
-12 4
+34 1
+7 4
+8 8
fi=(28)
56 4
cfi=(27)
cfn=(76)
calls=2 -21 
* 50
* 2
fe=(26)
200 8
64 2
+2 3
+1 2
+10 5
-6 2

fn=(82)
31 6
+2 3
-2 6
+2 3
-2 6
+2 3
cfi=(24)
cfn=(84)
calls=3 +9 
* 9
+2 23
+3 20
+2 2
+2 2
+4 2
+4 2
-4 4
+1 2
+4 2
-4 2
+1 2
+3 2
-3 2
+3 2
-1 2
cfi=(24)
cfn=(84)
calls=2 -8 
* 6
-4 1
+4 1
-4 2
+1 1
+4 1
-4 1
+1 1
+3 1
-3 1
+3 1
-1 1
cfi=(24)
cfn=(84)
calls=1 -8 
* 3
-5 2

fl=(71)
fn=(232)
25 8
+1 16
+1 4

fl=(29)
fn=(128)
199 32
+1 32
+1 32
+1 32
+17 32
+1 32
+2 6
+1 6
+1 6
+2 5
+1 5
+1 5
+2 5
360 26
+1 26
+2 8
+4 8
+1 3
+1 3
+1 2
+1 2
+1 2
+1 2
+2 2
+2 3
+6 5
+1 5
+1 5
+1 5
+1 5
+29 18
+1 18
+1 18
+1 18
+1 18
+7 1
+1 1
+1 1
+1 1
+1 1
+1 1
+1 1
+11 1
+1 1
+2 1
+1 1
+1 1

fn=(80)
212 17
+1 17
+6 17
+1 17
+2 10
+1 10
+1 10
+2 7
+1 7
+1 7
+2 7
360 7
+1 7
+2 1
+4 1
+1 1
+1 1
+1 1
+1 1
+4 1
+2 1
+39 6
+1 6
+1 6
+1 6
+1 6
+7 3
+1 3
+1 3
+1 3
+1 3
+1 3
+1 3
+11 3
+1 3
+2 3
+1 3
+1 3

fl=(10)
fn=(54)
157 15
-55 5
+55 5
-55 5
+55 5
-55 35
+9 5
+1 5
fi=(211) ./elf/./dl-tunable-types.h
-22 10
fe=(10)
+22 20
+1 40
fi=(11) ./elf/./elf/dl-tunables.h
+8 10
+1 5
fe=(10)
-6 15
fi=(11)
+15 5
fe=(10)
-12 10
+4 10
+7 10
+1 10
+3 30
+1 5
+1 5
+1 5
+24 5
fi=(11)
-30 15
fe=(10)

fn=(18)
282 9
-9 7
71 95
+6 30
-3 30
+3 2161
-3 30
-3 60
357 8
81 60
+5 90
fi=(11)
+54 30
fe=(10)
-54 30
fi=(11)
+54 30
+1 80
-1 70
+1 20
-1 30
+1 60
fe=(10)
323 120
-18 4200
+6 6600
fi=(11)
140 270
+1 540
-1 11
+1 44
-1 55
fe=(10)

fn=(24)
405 33
+3 231
+9 33
-9 126
+9 10
+17 165
+2 33
-9 23
+1 23

fl=(60)
fn=(194)
47 24
+3 24
+8 48
+2 12

fl=(2)
fn=(252) version_check_doit
696 3
+2 4
cfi=(75)
cfn=(254)
calls=1 361 
* 3996
* 2
+4 2

fn=(156) handle_preload_list
894 10
+5 1
-5 2
+5 2
+6 1
-64 1
+54 3
+7 3
cfi=(50)
cfn=(158)
calls=1 25 
* 233
* 1
+1 3
+9 1
191 1
914 2
191 2
916 2
-80 1
+5 5
-10 1
+8 1
-4 1
+1 1
+1 1
+4 1
cob=(2)
cfi=(51)
cfn=(160)
calls=1 0 
* 2784
+1 3
+8 3
+67 1
-18 2
+21 9
-15 4
cfi=(29)
cfn=(80)
calls=1 212 
* 19
+1 2

fn=(170) map_doit
663 2
+2 1
-2 1
+2 1
+1 2
-1 2
+1 3
cfi=(31)
cfn=(172)
calls=1 2022 
* 2683
* 1
+2 2

fn=(64)
1320 2
205 1
311 1
1320 2
2818 1
1320 3
2829 1
1320 2
2698 1
1320 2
311 1
1320 3
207 1
310 1
205 1
+99 3
1332 1
cfi=(24)
cfn=(66)
calls=1 53 
* 17
2677 3
+6 5
-4 1
+4 1
+2 3
cfi=(25)
cfn=(68)
calls=1 28 
* 35
* 4
cfi=(25)
cfn=(68)
calls=2 28 
* 180
* 9
+4 6
-2 2
+2 6
+1 2
-1 6
+1 17
-1 89
+9 12
2845 4
+32 2
1348 1
+1 2
-1 2
+1 2
2774 3
+1 3
-56 2
+7 2
1627 9
cfi=(26)
cfn=(70)
calls=1 59 
* 230
* 1
+2 2
+1 1
+6 2
-6 1
+1 2
+1 3
+4 1
cfi=(26)
cfn=(82)
calls=1 31 
* 36
+1 2
1140 1
1326 1
1169 1
-29 1
+11 1
+18 2
-21 1
+21 1
-19 1
-4 1
+23 1
-21 1
+21 2
+57 1
-83 1
+23 1
+4 1
+19 1
+22 1
+15 5
-56 116
1275 4
+2 1
1169 18
fi=(30)
105 2
fe=(2)
1282 22
+6 4
cfi=(31)
cfn=(88)
calls=1 868 
* 20
-7 26
+1 13
+6 13
-6 26
fi=(30)
212 4
+1 2
95 8
+10 2
212 1
105 1
-2 1
-3 1
+2 1
+3 1
-4 2
+92 4
-1 1
-87 3
+3 3
+1 2
+1 2
+4 3
+4 3
+3 3
+1 2
+4 1
+1 4
+58 3
+2 4
-56 4
+1 2
+3 4
+3 2
+1 8
+5 4
+2 4
+5 4
+14 2
-1 4
+2 2
fe=(2)
1174 1
-5 1
+5 2
-5 2
+30 1
-9 1
+27 1
-27 1
+2 1
-3 1
+10 2
-20 2
-10 1
+10 1
+1 9
-11 2
+57 4
-1 4
+1 8
-1 4
+2 8
+1 1
+2 12
+1 14
+4 8
+1 8
+1 4
+1 10
+1 1
+4 1
-74 1
+74 2
-74 2
+74 3
-74 3
+74 6
-74 6
fi=(30)
165 2
fe=(2)
1271 1
1169 1
1271 1
1169 2
1294 1
+3 2
+2 1
-5 2
+3 2
+2 2
+2 2
1662 3
+2 1
-1 1
+1 2
+1 2
-2 1
+2 1
-2 2
cfi=(32)
cfn=(90)
calls=1 108 
* 34
* 2
+7 1
+3 1
-5 1
+3 1
+2 1
+1 2
+4 2
+2 2
fi=(3) ./elf/./get-dynamic-info.h
39 3
+6 1
-2 1
+2 2
+9 1
+5 1
+3 1
+2 1
-3 1
-3 1
-3 17
+13 5
-23 20
+23 21
-23 84
+4 52
+5 24
+2 5
+16 3
+25 3
+5 2
+7 2
+1 3
+22 3
+5 2
+2 2
+2 2
+2 2
+1 1
+3 3
+2 3
+1 2
+9 2
+6 2
+1 2
+3 2
fe=(2)
1688 3
+7 2
cfi=(8)
cfn=(14)
calls=1 25 
* 29
+3 2
fi=(33) ./elf/./setup-vdso.h
24 2
fi=(35) ./elf/../sysdeps/unix/sysv/linux/dl-vdso-setup.h
+21 1
fe=(2)
1723 1
cfi=(13)
cfn=(100)
calls=1 46 
* 109
* 8
fi=(37) ./elf/./dl-main.h
109 5
cfi=(31)
cfn=(106)
calls=1 706 
* 2926
fe=(2)
1731 3
cfi=(46)
cfn=(146)
calls=1 56 
* 30
+7 1
-7 1
+2 1
+5 1
+4 1
+3 1
-3 3
+1 2
+3 1
+5 1
-7 1
+7 1
+1 3
+12 2
+1 2
+5 1
-3 2
+2 1
+1 2
+5 3
+1 5
-1 2
233 1
-1 1
+1 3
+1 2
-2 1
+2 2
1793 2
+5 1
-1 1
+1 1
+24 1
cfi=(47)
cfn=(148)
calls=1 197 
* 6
* 1
fi=(48) ./elf/../sysdeps/generic/dl-debug.h
29 3
+1 2
fe=(2)
1828 2
+1 1
cfi=(46)
cfn=(152)
calls=1 116 
* 2
+1 1
+4 3
cfi=(49)
cfn=(154)
calls=1 28 
* 16
+5 3
+2 1
+2 2
+9 2
+16 4
cfi=(65)
cfn=(208)
calls=1 25 
* 9
* 2
+76 4
+16 3
85 1
1970 1
85 2
1970 2
85 1
1970 5
cfi=(66)
cfn=(210)
calls=1 159 
* 8348
92 1
1976 1
92 2
+9 2
1976 2
+1 5
-1 4
+1 6
-1 12
+4 4
+1 3
+1 1
+2 2
+1 4
-1 9
+1 9
+12 3
+1 2
+2 1
+2 3
+2 1
-4 1
+5 1
-1 2
+14 2
+1 2
+1 3
+11 2
+2 1
-2 1
+2 2
-2 1
+1 2
+1 1
-1 2
+1 1
cfi=(52)
cfn=(250) _dl_receive_error
calls=1 238 
* 4024
+10 2
+1 2
+3 2
862 1
fi=(212) ./elf/../sysdeps/unix/sysv/linux/dl-osinfo.h
64 2
fe=(2)
864 1
+6 1
+3 1
+7 1
-5 1
2052 3
2282 3
1778 2
+6 1
-6 2
+6 1
+2 3
fi=(30)
198 4
+2 1
+1 1
+2 1
-3 3
+3 1
fi=(3)
59 4
+3 4
+2 4
fi=(34) ./elf/../sysdeps/unix/sysv/linux/dl-vdso.h
-24 1
+1 2
fe=(2)
2331 1
1325 1
2342 1
-4 2
+10 1
-6 1
+6 1
+3 2
+8 1
fi=(30)
36 1
fe=(2)
2359 1
fi=(30)
37 3
+3 1
+13 6
-13 3
+9 6
-9 1
+9 20
+4 15
-16 12
+34 3
cfi=(77)
cfn=(270)
calls=1 252 
* 30
fe=(2)
2361 2
+54 3
+3 1
85 4
2422 1
+1 19
+2 8
+5 8
+2 8
+6 4
+2 12
+1 24
cfi=(78)
cfn=(272)
calls=3 194 
* 80268
+4 10
+1 2
-23 1
+23 1
cfi=(47)
cfn=(412)
calls=1 1015 
* 28
-23 6
92 3
+1 1
2454 1
93 1
2454 1
+5 4
+2 1
+7 3
cfi=(47)
cfn=(414)
calls=1 528 
* 146
+3 2
fi=(3)
72 2
+10 3
+1 4
+1 4
+1 4
+2 4
+5 4
+1 4
+1 5
fi=(35)
-64 3
+3 1
+3 1
+3 1
fi=(34)
+16 2
fe=(2)
2434 1
+1 1
-3 2
+49 3
+2 4
+10 1
cfi=(129)
cfn=(416)
calls=1 561 
* 571
+5 2
cfi=(7)
cfn=(424)
calls=1 76 
* 2372
+3 1
cfi=(133) ./elf/../sysdeps/nptl/dl-mutex.c
cfn=(432) __rtld_mutex_init
calls=1 30 
* 415
85 1
2507 1
+1 3
85 3
2508 2
cfi=(78)
cfn=(272)
calls=1 194 
* 4806
92 3
+9 2
2516 3
cfi=(135)
cfn=(438)
calls=1 27 
* 1309
+7 1
cfi=(9)
cfn=(464)
calls=1 262 
* 2
+4 3
cfi=(49)
cfn=(466)
calls=1 40 
* 21
+5 2
cfi=(46)
cfn=(186)
calls=1 38 
* 7
+1 1
-1 1
+2 1
cfi=(46)
cfn=(152)
calls=1 116 
* 2
+1 1
+4 1
cfi=(68)
cfn=(468)
calls=1 537 
* 18
+5 8
1741 4
1995 2
+50 2
cfn=(258) init_tls
calls=1 756 
* 784
* 2
2726 4
+2 2
+1 1
+46 2
+2 1
+1 1
-1 1
+1 1
+1 1
85 1
1847 1
85 2
1847 1
85 1
1847 2
cfn=(156)
calls=1 894 
* 3107
* 1
92 3
+9 3
1948 16
+1 1
-1 1
+4 3
+1 1
+1 2
+1 2
-7 2
fi=(30)
170 3
-39 2
fe=(2)

fn=(2)
527 10
85 1
fi=(6)
-40 1
fe=(2)
557 1
-4 1
85 2
556 1
85 1
fi=(3)
-40 1
fe=(2)
556 1
fi=(3)
45 2
+9 1
+5 1
+3 1
+2 1
+4 1
-7 1
-3 1
-3 14
+13 4
-23 16
+23 14
-23 56
+4 36
+5 20
+2 5
+3 4
fi=(4)
+21 1
fi=(3)
-8 3
+10 4
+1 4
+1 4
+1 4
+2 4
+5 4
+1 4
+1 4
+3 3
+5 2
+7 3
+1 3
+8 2
+1 2
+5 3
+3 3
fe=(2)
573 1
fi=(6)
71 1
fe=(2)
573 42
fi=(6)
414 1
fi=(5)
86 1
fe=(2)
573 2
fi=(5)
49 1
+37 1
-37 1
+37 1
+2 1
-2 1
+2 1
-2 1
+27 2
-27 1
fe=(2)
573 2
fi=(5)
49 1
+37 1
-37 1
+37 1
+2 1
-2 1
+2 1
-2 1
+27 3
+1 2
fi=(6)
534 2
fi=(5)
114 282
fi=(6)
534 282
+1 142
fi=(5)
113 142
fi=(6)
535 284
fi=(5)
113 284
+5 4
+8 7
fi=(6)
326 12
fi=(5)
126 21
+2 7
+2 7
-2 7
fi=(6)
287 7
fi=(5)
130 7
-2 7
+1 14
fi=(6)
287 14
+9 70
+3 14
+27 33
fe=(2)
573 6
fi=(5)
50 1
fi=(4)
+30 2
fi=(6)
326 2
+20 12
+1 6
fe=(2)
575 1
+13 1
cfi=(7)
cfn=(12)
calls=1 42 
* 10
+4 2
85 1
488 2
85 3
488 1
cfi=(8)
cfn=(14)
calls=1 25 
* 29
+2 2
-1 1
+1 2
+17 1
-15 1
-2 1
+17 1
-15 1
+9 1
-11 1
+17 1
cfi=(9)
cfn=(16)
calls=1 85 
* 134165
* 1
+2 2
+98 9
fi=(3)
62 4
+2 4
fe=(2)
573 3

fn=(258)
756 3
+2 1
+4 1
-4 1
+4 2
+11 1
fi=(28)
44 1
fe=(2)
768 1
+4 1
fi=(28)
44 1
cfi=(27)
cfn=(72)
calls=1 +34 
* 36
fe=(2)
783 1
-12 1
+6 1
-9 1
+11 1
+4 1
+2 3
-1 2
+3 8
+4 1
+2 1
-2 2
-5 1
-1 2
+10 3
+3 2
cfi=(47)
cfn=(260)
calls=1 97 
* 79
+3 1
cfi=(47)
cfn=(262)
calls=1 221 
* 76
+7 1
cfi=(47)
cfn=(264)
calls=1 422 
* 442
* 1
+1 2
+6 1
+3 2
-3 1
+3 6
+3 1
cfi=(24)
cfn=(266)
calls=1 68 
* 75
+1 1
+3 5
-39 3
-1 7

fl=(141)
fn=(456)
67 2
+5 2
+3 2
+2 2
+10 2
+6 2
+1 2
+1 2
+1 2
+1 2
+1 2
+1 2
+4 2
+1 2
+3 2
+1 2
+2 2
+1 2
+1 2
+1 2
+1 2
+1 2
+2 2
+7 2
+1 2
+1 2
cfi=(142)
cfn=(458)
calls=2 -80 
* 1555
+1 2
+5 2
+1 2
+1 2
+2 2
+1 2
+1 2
+1 2
+1 2
+1 2
+1 2
+2 2
+2 2
+4 2
+2 2

fl=(42)
fn=(118)
23 15
+1 15
+1 15
+1 15
+1 15
+1 15
+1 15
+1 15
+1 15
+1 15
+1 15
+1 15
+1 15
+1 15
+1 15
+1 15
+1 15
+1 15
+1 13
+4 13
+1 13
+1 13
+1 13
+2 13
+4 2
+1 2
+1 2
+1 2
+1 2
+1 2
+1 2
+1 2
+1 2
+1 2
+1 2
+1 2
+1 2
+1 2
+1 2
+1 2
+1 2
+1 2
+1 2
+1 2
+1 2
+1 2
+1 2
+1 2
+52 2
+4 2
+1 2
+1 2
+1 2
+2 2

fl=(52)
fn=(250)
238 6
+1 1
+1 1
+3 1
+1 1
+2 1
cfi=(2)
cfn=(252)
calls=1 696 
* 4007
+2 1
+1 1
+1 4

fn=(162)
225 10
+2 2
cob=(2)
cfi=(51)
cfn=(164)
calls=1 0 
* 2759
+1 2
+1 1
+1 1
-1 1
+1 1
+2 5

fn=(166)
175 9
+5 3
-5 9
+5 3
-2 6
+22 3
-1 3
+7 6
-6 3
+3 6
+3 3
cfi=(53)
cfn=(168)
calls=3 30 
* 72
* 12
+2 9
cfi=(66)
cfn=(214)
calls=2 61 
* 6721
cfi=(2)
cfn=(170)
calls=1 663 
* 2698
+2 3
-1 3
+1 3
-1 3
+1 6
+9 12

fl=(133)
fn=(432)
30 2
+10 3
-10 1
+10 2
-10 1
+7 1
+3 2
cfi=(134)
cfn=(434)
calls=1 +34 
* 175
+4 2
+1 8
+2 3
-2 1
+2 3
cfi=(134)
cfn=(434)
calls=1 +27 
* 198
+4 2
+1 6
+1 2
-1 1
+1 2

fl=(64)
fn=(204)
25 3
+1 12
+1 3

fl=(72)
fn=(236)
117 25
+5 5

fn=(470)
117 5
+5 1

ob=(5)
fl=(157)
fn=(620) newRecipe
131 14292
+2 4764
-2 4764
+2 1588
cob=(2)
cfi=(51)
cfn=(572)
calls=1588 0 
* 993553
* 3176
-55 3176
-2 1588
+2 3176
+1 14785
-1 44355
+1 14785
-1 44355
+3 1588
+61 3176
+1 1588
-1 1588
+1 1588
cob=(2)
cfi=(51)
cfn=(622)
calls=1588 0 
* 926560
fi=(177) /usr/include/x86_64-linux-gnu/bits/string_fortified.h
-64 3176
fe=(157)
+64 1588
fi=(177)
-64 1588
fe=(157)
+64 1588
fi=(177)
-64 1588
cob=(2)
cfi=(51)
cfn=(626)
calls=1588 -79 
* 81086
fe=(157)
+66 1588
+5 4134
+4 114
cob=(2)
cfi=(51)
cfn=(658)
calls=38 0 
* 950
* 2004
cob=(2)
cfi=(51)
cfn=(658)
calls=668 0 
* 16736
* 1412
+10 170
-11 340
+14 68461
+7 314685
cob=(2)
cfi=(51)
cfn=(572)
calls=62937 0 
* 68988158
* 5260
cob=(2)
cfi=(51)
cfn=(572)
calls=1052 0 
* 1170855
* 127978
+1 127978
cob=(2)
cfi=(51)
cfn=(622)
calls=63989 0 
* 33316962
fi=(177)
-96 191967
fe=(157)
+96 127978
fi=(177)
-96 63989
cob=(2)
cfi=(51)
cfn=(626)
calls=63989 -79 
* 3267997
fe=(157)
+98 63989
fi=(186) /usr/include/x86_64-linux-gnu/bits/stdio.h
49 63989
fe=(157)
178 63989
-1 63989
fi=(186)
49 63989
cob=(2)
cfi=(51)
cfn=(638)
calls=63989 -49 
* 1343769
fe=(157)
181 195123
+5 1052
fi=(185) /usr/include/x86_64-linux-gnu/bits/stdio2.h
-74 1052
fe=(157)
+74 1052
+1 1052
fi=(185)
-75 1052
cob=(2)
cfi=(51)
cfn=(642)
calls=1052 0 
* 163975
fe=(157)
+80 19056
fi=(185)
-80 536
fe=(157)
+45 536
fi=(185)
-45 536
cob=(2)
cfi=(51)
cfn=(642)
calls=536 0 
* 83537
fi=(186)
-63 857370
cob=(2)
cfi=(51)
cfn=(638)
calls=428685 -49 
* 9019239
fe=(157)
157 1287127
-6 3680

fn=(662) tryBaking
290 91292460
+13 7607705
-13 7607705
+13 15215410
+10 22823115
+1 22823115
78 333149108
-2 166574554
+3 83287277
-1 249861831
+1 83287277
-1 249861831
+1 698865012
-1 2096595036
+1 698865012
-1 2096595036
+3 83287277
316 166574554
+2 166574554
-1 164680340
+28 280217736
cob=(2)
cfi=(51)
cfn=(658)
calls=93405912 0 
* 2251786592
* 280217736
+9 11172046
-36 44583547
+1 280440315
+3 569948
+2 573282
+1 573282
+1 286641
cob=(2)
cfi=(51)
cfn=(678)
calls=286641 0 
* 31938546
-5 859923
+14 1667
-2 3334
+4 95
+3 190
cob=(2)
cfi=(51)
cfn=(678)
calls=95 0 
* 11494
* 3144
cob=(2)
cfi=(51)
cfn=(678)
calls=1572 0 
* 196837
* 1667
+2 1667
-37 13336
426 13336
-84 7595960
-37 60767680
426 60767680
305 80624
426 80624
-80 493403196
+16 75689650
-48 151379300
+57 20156
+2 20156
78 2483484
-2 1241742
+3 620871
-1 1862613
+1 620871
-1 1862613
+1 5207746
-1 15623238
+1 5207746
-1 15623238
+3 620871
375 620871
+2 620871
-1 620871
-1 1241742
+2 620871
+4 1241742
+36 81881
-36 327524
+1 245643
cob=(2)
cfi=(51)
cfn=(658)
calls=81881 0 
* 1974357
* 1862613
cob=(2)
cfi=(51)
cfn=(658)
calls=620871 0 
* 14975399
* 2026375
+4 1054038
+2 1054038
-2 3162114
+2 434644
-1 434644
+4 434644
-3 434644
+3 434644
+1 434644
cob=(2)
cfi=(51)
cfn=(678)
calls=434644 0 
* 48648445
+3 869288
-10 2110814
+35 620871
-47 1241742
+4 1832379
-42 3144
+64 108
-2 216
+5 20
+2 40
cob=(2)
cfi=(51)
cfn=(678)
calls=20 0 
* 1820
* 176
cob=(2)
cfi=(51)
cfn=(678)
calls=88 0 
* 8152
+1 108
+3 619394
+1 619394
-1 619394
+1 619394
+2 619394
+12 20156
+2 20156
-26 264

fn=(670) newBatch
428 48369
+5 18927
cob=(2)
cfi=(51)
cfn=(572)
calls=2103 0 
* 3735218
* 4380210
cob=(2)
cfi=(51)
cfn=(572)
calls=730035 0 
* 1283400216
* 1464276
78 1464276
-2 732138
+2 2196414
+1 732138
-1 2196414
+1 732138
-1 2196414
+1 6140012
-1 18420036
+1 6140012
-1 18420036
+3 732138
437 2196414
+1 1465996
+7 97431
-7 292047
+1 291555
cob=(2)
cfi=(51)
cfn=(658)
calls=97185 0 
* 2324003
* 2191254
cob=(2)
cfi=(51)
cfn=(658)
calls=730418 0 
* 17326368
* 1655206
+1 2920688
cfn=(676) newBunch
calls=730172 249 
* 445565146
* 730172
+1 1460344
fi=(186)
49 1460344
cob=(2)
cfi=(51)
cfn=(638)
calls=730172 -49 
* 15333612
* 3932
cob=(2)
cfi=(51)
cfn=(638)
calls=1966 -49 
* 41286
fe=(157)
465 2211135
+17 2103
+1 4206
-1 8611785
+1 18228395
+1 1004825
+1 1004825
-2 2009650
+1 95559
+1 95559
-2 191118
-2 25841664
+8 12618
-13 2103
-1 2103
78 2103
491 2103
78 7592241
491 7585932
78 22757796
-2 7588035
+3 7588035
-1 22764105
+1 7588035
-1 22764105
+1 63437732
-1 190313196
+1 63437732
-1 190313196
+3 7588035
492 22764105
+1 15176070
+4 438313
-4 876626
+1 24079044
cob=(2)
cfi=(51)
cfn=(658)
calls=8026348 0 
* 207346438
* 16052696
+6 144172665
cfn=(662)
calls=7588035 290 
* 11585493249
* 22764105
+2 7588035
-2 37940175
+3 30352140
+3 15302
+6 7648
+1 7648
-1 7648
+1 7648
+6 15302
+1 1
+2 2
-33 37932524
fi=(185)
112 4206
cob=(2)
cfi=(51)
cfn=(642)
calls=2103 0 
* 327934
fe=(157)
559 31545
+1 25236
-34 115115094
+4 38359287
-5 115077861
+8 339
+5 678
+3 339
-92 3932
cob=(2)
cfi=(51)
cfn=(622)
calls=1966 0 
* 372068
fi=(177)
79 7864
cob=(2)
cfi=(51)
cfn=(626)
calls=1966 -79 
* 100408
fe=(157)
451 1966
+2 1966
-1 1966
-1 3932
+1 1966
+1 1966
cob=(2)
cfi=(51)
cfn=(622)
calls=1966 0 
* 257926
+1 1966
+1 1966
+1 1966
+2 1966
-1 1966
-3 1966
+1 1966
+1 1966
+2 1966
+3 492
+48 18
+24 7311
+2 14630
+3 7307
+3 7307
-82 3440

fn=(718) removeRecipe
194 84
+2 21
-2 126
+2 63
cob=(2)
cfi=(51)
cfn=(572)
calls=21 0 
* 13070
* 42
+10 21
+1 42
+5 47331
-5 94662
+1 142038
cob=(2)
cfi=(51)
cfn=(658)
calls=47346 0 
* 1143125
* 94692
fi=(185)
-96 40
cob=(2)
cfi=(51)
cfn=(642)
calls=20 0 
* 3060
fe=(157)
247 210
-33 6
+1 12
78 4
-2 2
+3 1
-1 3
+1 1
-1 3
+1 7
-1 21
+1 7
-1 21
+3 1
226 2
+1 5
cob=(2)
cfi=(51)
cfn=(658)
calls=1 0 
* 23
* 2
-7 18994
-5 37988
+1 56997
cob=(2)
cfi=(51)
cfn=(658)
calls=18999 0 
* 454837
* 38003
+12 1
+1 1
-1 1
+1 1
cob=(2)
cfi=(51)
cfn=(678)
calls=1 0 
* 91
fi=(185)
112 2
cob=(2)
cfi=(51)
cfn=(642)
calls=1 0 
* 157
* 1
fe=(157)

fn=(676)
249 5841376
+4 2920688
-1 1460344
+5 44158281
+4 43484439
-8 173891881
+1 88337472
+1 10455
+1 10455
+20 736632
-11 1347684
cob=(2)
cfi=(51)
cfn=(622)
calls=673842 0 
* 70429591
+1 673842
+1 673842
+1 673842
+1 1347684
+3 1123050
+4 3644400
-11 91750
cob=(2)
cfi=(51)
cfn=(622)
calls=45875 0 
* 4432188
+1 45875
+1 45875
+1 45875
+4 137625

fn=(540)
695 2
+4 2
-4 3
+12 1
-12 6
+4 1
cob=(2)
cfi=(51)
cfn=(542)
calls=1 0 
* 34634
+1 2
-1 1
+1 1
cob=(2)
cfi=(51)
cfn=(542)
calls=1 0 
* 33015
+7 2
-2 2
+2 1
-2 4
+2 1
cob=(2)
cfi=(51)
cfn=(572)
calls=1 0 
* 1213
* 6
cob=(2)
cfi=(51)
cfn=(572)
calls=1 0 
* 803
* 2
-10 3
+21 3179
+2 3176
cfn=(620)
calls=1588 131 
* 123274464
* 1588
+33 1588
-41 6352
cob=(2)
cfi=(51)
cfn=(572)
calls=1588 0 
* 917447
+41 22638
-41 90552
cob=(2)
cfi=(51)
cfn=(572)
calls=22638 0 
* 13358369
* 4
cob=(2)
cfi=(51)
cfn=(572)
calls=1 0 
* 794
* 48454
+2 169577
+4 145356
+4 135828
+2 168
cfn=(718)
calls=21 194 
* 2145822
* 63
+2 67851
+4 41028
-15 216
cfn=(702) loadOrders
calls=24 -82 
* 54565
* 48
+11 8412
+2 21030
cfn=(670)
calls=2103 428 
* 14951939271
* 16824
+27 3
+12 11
-37 82056
+2 205140
cfn=(656) newOrder
calls=20514 562 
* 138980719
* 164112
+23 5

fn=(656)
562 143598
+2 20514
-2 246168
+2 20514
cob=(2)
cfi=(51)
cfn=(622)
calls=20514 0 
* 12251744
+2 41028
-2 20514
+2 82056
cob=(2)
cfi=(51)
cfn=(572)
calls=20514 0 
* 22053567
* 41028
+6 20514
78 20514
571 20514
78 20514
573 20514
-1 20514
78 41028
-2 41028
+3 20514
-1 61542
+1 20514
-1 61542
+1 170736
-1 512208
+1 170736
-1 512208
+3 20514
575 41028
+2 41493
+4 1504
-4 3008
+1 64497
cob=(2)
cfi=(51)
cfn=(658)
calls=21499 0 
* 554097
* 42998
+7 59985
fi=(185)
112 35136
cob=(2)
cfi=(51)
cfn=(642)
calls=17568 0 
* 2732022
fe=(157)
602 52704
+1 17243
280 35136
+1 17567
+1 52701
629 164112
-61 123084
+62 246168
-41 216370
cfn=(662)
calls=19670 290 
* 96995063
* 137690
+6 145225
fi=(185)
112 4854
cob=(2)
cfi=(51)
cfn=(642)
calls=2427 0 
* 377634
fe=(157)
609 4854
+5 7281
fi=(185)
112 519
fe=(157)
599 519
fi=(185)
112 519
cob=(2)
cfi=(51)
cfn=(642)
calls=519 0 
* 80445
fe=(157)
598 1038
cob=(2)
cfi=(51)
cfn=(678)
calls=519 0 
* 47317
+1 519
78 4

fn=(702)
633 240
+8 48
+7 24
+1 72
+3 24
+3 48
-3 14
+3 42
-1 28
+10 11
-9 39
+1 40
+2 11
+1 3
+7 26
+4 4
+1 4
-25 8
+24 5
+1 5
-25 48
+2 38
+1 76
+29 72
+14 48
+1 24
-1 96
+1 24
-1 24
+1 24
-1 24
+1 96
-38 24
+13 48
+3 24
-25 48
+22 10
+3 5
-25 58
fi=(185)
112 168
cob=(2)
cfi=(51)
cfn=(704)
calls=24 0 
* 31144
* 98
cob=(2)
cfi=(51)
cfn=(704)
calls=14 0 
* 17976
fe=(157)
681 76
+1 38
cob=(2)
cfi=(51)
cfn=(678)
calls=38 0 
* 3458
-4 100

fl=(150)
fn=(754) 0x0000000000001550
0 5

fn=(508)
0 12
cob=(3)
cfi=(151)
cfn=(510)
calls=1 242 
0 15231979116

fn=(520)
0 12

fn=(738)
0 9
cob=(2)
cfi=(51)
cfn=(744)
calls=1 0 
0 74
0 1
cfn=(754)
calls=1 0 
0 5
0 3

ob=(4)
fl=(145)
fn=(490)
0 5

fn=(766)
0 11
cob=(2)
cfi=(51)
cfn=(772)
calls=1 0 
0 74
0 10
cfn=(778) 0x0000000000001070
calls=1 0 
0 5
0 5

fn=(778)
0 5

fn=(482)
0 12

totals: 15232115766
