# callgrind format
version: 1
creator: callgrind-3.18.1
pid: 280928
cmd:  ./first
part: 1


desc: I1 cache: 
desc: D1 cache: 
desc: LL cache: 

desc: Timerange: Basic block 0 - 32245899
desc: Trigger: Program termination

positions: line
events: Ir
summary: 153102628


ob=(5) /usr/libexec/valgrind/vgpreload_core-amd64-linux.so
fl=(163) ???
fn=(556) 0x00000000000012f0
0 5

fn=(548) 0x0000000000001170
0 12

ob=(6) /home/colinux/Bakery/first
fl=(176) /home/colinux/Bakery/first.c
fn=(732) newOrder
702 4907
+2 701
-2 9113
+2 701
cob=(2) ???
cfi=(51) ???
cfn=(698) 0x00000000001091a0
calls=701 0 
* 39544
+6 701
-4 701
+4 701
-6 701
+6 701
-5 701
+5 701
-3 701
+3 1402
cob=(2)
cfi=(51)
cfn=(648) 0x00000000001091e0
calls=701 0 
* 760856
* 1402
86 1402
-2 701
+2 1402
+1 6591
-1 19773
+1 6591
-1 19773
+3 701
718 1402
+2 1416
+1 2061
cob=(2)
cfi=(51)
cfn=(734) 0x0000000000109180
calls=687 0 
* 15893
* 1374
+14 687
-5 687
+5 687
-5 1374
+5 499
+1 499
fi=(204) /usr/include/x86_64-linux-gnu/bits/stdio2.h
112 998
cob=(2)
cfi=(51)
cfn=(718) 0x0000000000109150
calls=499 0 
* 77516
* 134
cob=(2)
cfi=(51)
cfn=(718)
calls=67 0 
* 10385
fe=(176)
754 1698
536 1132
+1 565
+1 1695
712 4206
+71 8412
-43 188
+3 1692
-2 188
+2 376
cfn=(738) tryBaking
calls=188 546 
* 4884061
* 1316
+3 899
+36 5608
fi=(204)
112 14
fe=(176)
750 14
fi=(204)
112 14
cob=(2)
cfi=(51)
cfn=(718)
calls=14 0 
* 2170
fe=(176)
749 28
cob=(2)
cfi=(51)
cfn=(764) 0x0000000000109120
calls=14 0 
* 1274
+1 14
fi=(204)
112 242
cob=(2)
cfi=(51)
cfn=(718)
calls=121 0 
* 18755
fe=(176)
763 242
+4 367

fn=(776) heapifyDown
182 23034
+3 11517
+3 11517
-3 57373
+3 34339
-3 181118
+3 39888
+3 68678
-24 34339
+1 68678
+3 34339
-2 34339
+1 34339
+1 34339
+1 68678
+21 34339
-5 160494
+7 11517

fn=(696) newRecipe
310 504
+3 112
-3 56
+3 56
-3 168
+3 56
cob=(2)
cfi=(51)
cfn=(648)
calls=56 0 
* 35505
* 112
86 112
-2 56
+2 168
+1 56
-1 168
+1 56
-1 168
+1 487
-1 1461
+1 487
-1 1461
+3 56
319 168
+3 154
+13 42
cob=(2)
cfi=(51)
cfn=(734)
calls=14 0 
* 330
* 28
+25 210
+6 210
cob=(2)
cfi=(51)
cfn=(648)
calls=42 0 
* 46452
* 12815
cob=(2)
cfi=(51)
cfn=(648)
calls=2563 0 
* 2804615
* 5210
+2 5210
cob=(2)
cfi=(51)
cfn=(698)
calls=2605 0 
* 488025
86 2605
368 2605
+1 5210
86 7815
-2 5210
+3 2605
-1 7815
+1 2605
-1 7815
+1 21812
-1 65436
+1 21812
-1 65436
+3 2605
373 7815
+5 5429
+19 510
cob=(2)
cfi=(51)
cfn=(734)
calls=170 0 
* 4036
* 7668
cob=(2)
cfi=(51)
cfn=(734)
calls=2556 0 
* 60372
* 5452
+7 172
-11 344
+17 4
cob=(2)
cfi=(51)
cfn=(698)
calls=2 0 
* 370
fi=(196) /usr/include/x86_64-linux-gnu/bits/string_fortified.h
79 8
cob=(2)
cfi=(51)
cfn=(702) 0x00000000001091b0
calls=2 -79 
* 102
fe=(176)
416 2
-4 2
+2 2
+1 4
+1 2
cob=(2)
cfi=(51)
cfn=(698)
calls=2 0 
* 378
* 4
+5 6
+6 2
fi=(205) /usr/include/x86_64-linux-gnu/bits/stdio.h
49 2
fe=(176)
430 2
fi=(205)
49 2
cob=(2)
cfi=(51)
cfn=(714) 0x00000000001091f0
calls=2 -49 
* 42
fe=(176)
427 2603
fi=(205)
49 2603
fe=(176)
430 2603
fi=(205)
49 2603
cob=(2)
cfi=(51)
cfn=(714)
calls=2603 -49 
* 54663
fe=(176)
435 13067
-53 147
cob=(2)
cfi=(51)
cfn=(698)
calls=49 0 
* 9065
fi=(196)
79 98
fe=(176)
382 49
fi=(196)
79 98
cob=(2)
cfi=(51)
cfn=(702)
calls=49 -79 
* 2501
fe=(176)
387 49
-3 49
+1 49
+1 49
+1 49
cob=(2)
cfi=(51)
cfn=(698)
calls=49 0 
* 9261
+1 49
-1 49
+1 147
+12 2554
+8 2554
+33 42
fi=(204)
112 42
fe=(176)
441 42
+3 42
fi=(204)
112 42
cob=(2)
cfi=(51)
cfn=(718)
calls=42 0 
* 6937
fe=(176)
448 672
fi=(204)
112 14
fe=(176)
341 14
fi=(204)
112 14
cob=(2)
cfi=(51)
cfn=(718)
calls=14 0 
* 2170
fi=(205)
-63 23208
cob=(2)
cfi=(51)
cfn=(714)
calls=11604 -49 
* 243843
fe=(176)
341 34840
-16 84
cob=(2)
cfi=(51)
cfn=(698)
calls=42 0 
* 7770
fi=(196)
79 126
fe=(176)
325 84
fi=(196)
79 42
cob=(2)
cfi=(51)
cfn=(702)
calls=42 -79 
* 2146
fe=(176)
328 42
-1 42
+1 84

fn=(746) newBatch
785 1620
+5 420
cob=(2)
cfi=(51)
cfn=(648)
calls=60 0 
* 105973
* 309792
cob=(2)
cfi=(51)
cfn=(648)
calls=51632 0 
* 89557077
* 103382
86 103382
-2 51691
+2 155073
+1 51691
-1 155073
+1 51691
-1 155073
+1 433627
-1 1300881
+1 433627
-1 1300881
+3 51691
794 206764
+3 104270
+10 3357
-10 10010
+1 9888
cob=(2)
cfi=(51)
cfn=(734)
calls=3296 0 
* 78340
* 152409
cob=(2)
cfi=(51)
cfn=(734)
calls=50803 0 
* 1197941
* 108198
+1 152226
+3 152226
cfn=(752) insertBunch
calls=50742 227 
* 26260380
* 50742
+1 101484
fi=(205)
49 101484
cob=(2)
cfi=(51)
cfn=(714)
calls=50742 -49 
* 1065582
* 1898
cob=(2)
cfi=(51)
cfn=(714)
calls=949 -49 
* 19929
fe=(176)
838 155250
fi=(204)
112 118
cob=(2)
cfi=(51)
cfn=(718)
calls=59 0 
* 9145
fe=(176)
857 236
+1 59
+1 118
-1 483269
+1 966538
+1 1331
+1 1331
-2 2662
-2 1449984
-6 59
+1 59
-2 59
+15 118
+3 11333
-2 11333
86 45332
-2 22666
+3 11333
-1 33999
+1 11333
-1 33999
+1 93494
-1 280482
+1 93494
-1 280482
+3 11333
869 33999
+1 22666
+1 33999
cob=(2)
cfi=(51)
cfn=(734)
calls=11333 0 
* 261407
* 22666
+6 53489
+64 33940
-76 22548
+82 1062
+1 708
-65 34936
cfn=(738)
calls=1588 546 
* 12783101
* 17468
+2 4764
+3 390
+6 193
+1 193
-1 193
+1 193
+6 390
+1 1
+2 3
+29 4179
-26 72289
+4 23794
-5 71382
+8 21
+5 42
+3 21
813 1898
cob=(2)
cfi=(51)
cfn=(698)
calls=949 0 
* 175883
fi=(196)
79 3796
cob=(2)
cfi=(51)
cfn=(702)
calls=949 -79 
* 48465
fe=(176)
815 949
+4 949
-3 949
-1 1898
+1 949
+3 949
cob=(2)
cfi=(51)
cfn=(698)
calls=949 0 
* 168705
+3 949
+3 949
-5 949
+2 1898
+3 949
cob=(2)
cfi=(51)
cfn=(698)
calls=949 0 
* 179361
+1 949
+1 949
+2 949
+2 949
-5 949
+5 949
-4 949
+2 949
+2 949
+3 122
+57 12
+23 173
+2 346
+3 173
+3 173
-90 4562

fn=(772) deleteMinBunch.part.0
282 23034
+8 11517
cfn=(774) getLastNode
calls=11517 -93 
* 3559315
* 11517
+3 34551
+1 23034
+3 34551
+1 23034
+3 5839
+3 5839
cob=(2)
cfi=(51)
cfn=(764)
calls=5839 0 
* 645199
+1 5839
+3 5839
-3 5839
cfn=(776)
calls=5839 182 
* 479843
-6 5678
+5 5678
cob=(2)
cfi=(51)
cfn=(764)
calls=5678 0 
* 628354
+1 5678
+3 5678
-3 5678
cfn=(776)
calls=5678 182 
* 463022

fn=(616) main
1013 2
+4 2
-4 3
+12 1
-12 6
+4 1
cob=(2)
cfi=(51)
cfn=(618) 0x0000000000109170
calls=1 0 
* 67405
+1 2
-1 1
+1 1
cob=(2)
cfi=(51)
cfn=(618)
calls=1 0 
* 65786
+7 2
-2 1
-5 1
+7 1
-2 4
+2 1
cob=(2)
cfi=(51)
cfn=(648)
calls=1 0 
* 1372
* 6
cob=(2)
cfi=(51)
cfn=(648)
calls=1 0 
* 803
* 2
-10 3
+21 114
+2 168
cfn=(696)
calls=56 310 
* 4146193
* 56
+35 56
-43 224
cob=(2)
cfi=(51)
cfn=(648)
calls=56 0 
* 30732
+43 760
-43 3040
cob=(2)
cfi=(51)
cfn=(648)
calls=760 0 
* 436625
* 4
cob=(2)
cfi=(51)
cfn=(648)
calls=1 0 
* 779
* 1634
+2 5714
+4 4902
+4 4566
+4 2283
+4 1402
-4 240
+2 660
cfn=(746)
calls=60 785 
* 142215306
* 531
+2 2804
+2 7711
cfn=(732)
calls=701 702 
* 5931950
* 6309

fn=(738)
546 21312
+17 1776
-17 1776
+17 1776
+1 5328
+1 3552
86 7104
565 104402
86 208804
-2 107954
+3 53977
-1 161931
+1 53977
-1 161931
+1 449204
-1 1347612
+1 449204
-1 1347612
+3 53977
566 215908
+2 107954
-1 107954
+39 172887
cob=(2)
cfi=(51)
cfn=(734)
calls=57629 0 
* 1339577
* 172887
+19 3656
-57 14624
+3 172899
+7 230516
286 2266
cfn=(772)
calls=612 -4 
* 335627
583 612
-4 612
+3 612
+1 1224
-4 1224
+1 1224
+1 273
286 182
581 1042
286 1042
588 2605
-15 4
+1 4
-1 4
+1 32
700 32
574 14176
700 14176
-92 593703
cob=(2)
cfi=(51)
cfn=(756) 0x0000000000109190
calls=53973 0 
* 431784
+2 53973
-2 107946
+2 161919
+26 157551
-72 105034
+82 316
-5 316
+5 316
-5 316
+7 632
+1 19483
86 77932
-2 38966
+3 19483
-1 58449
+1 19483
-1 58449
+1 162746
-1 488238
+1 162746
-1 488238
+3 19483
650 38966
+2 19483
-1 19483
-1 38966
+2 19483
+4 38966
+35 1242
-35 4968
+1 3726
cob=(2)
cfi=(51)
cfn=(734)
calls=1242 0 
* 28854
* 58449
cob=(2)
cfi=(51)
cfn=(734)
calls=19483 0 
* 451867
* 41450
+3 38966
+1 60776
cfn=(772)
calls=10905 282 
* 5658929
+3 10907
+1 10907
+3 10913
-8 21814
+1 30350
+2 30350
-2 91050
+2 10907
-1 10907
286 10907
663 10907
286 10907
+1 2
cob=(2)
cfi=(51)
cfn=(764)
calls=2 0 
* 224
+1 4
682 19443
+1 19443
-1 19443
+1 19443
+11 19443
-46 38886
+46 40
-46 80
+4 57501
+45 632
+2 632

fn=(752)
227 152226
+3 50742
-3 304452
+3 50742
cob=(2)
cfi=(51)
cfn=(698)
calls=50742 0 
* 8367994
+2 50742
-2 50742
+9 50742
-8 50742
+2 50742
+1 50742
+1 50742
+2 152226
+2 101484
+5 152067
cob=(2)
cfi=(51)
cfn=(760) 0x0000000000109130
calls=50689 0 
* 3852364
* 101378
+1 152067
cob=(2)
cfi=(51)
cfn=(698)
calls=50689 0 
* 2283481
* 50689
+5 202756
+1 50689
+1 101378
-1 152067
-1 152067
+1 138592
+1 277184
-1 415776
-1 719910
+8 315006
-2 415776
+1 655746
+5 252837
+7 50689
-1 50689
+1 101378
+3 25013
-96 25013
-8 59737
+3 59737
-1 59737
-1 59737
+2 59737
+1 119474
+4 542562
277 50689
cob=(2)
cfi=(51)
cfn=(764)
calls=50689 0 
* 4612699
+3 354823
-10 51352
+10 53
-40 53
+40 318

fn=(774)
197 57585
+1 34551
+3 46068
cob=(2)
cfi=(51)
cfn=(760)
calls=11517 0 
* 875292
* 23034
+1 34551
cob=(2)
cfi=(51)
cfn=(698)
calls=11517 0 
* 519195
* 11517
+5 46068
+1 11517
+2 23034
-2 34551
-1 34551
+1 31142
+2 62284
-2 93426
-1 93426
+6 34551
+1 46068
+1 31142
+1 93426
-2 31142
+2 31142
-2 62284
+2 34551
-2 11517
+2 11517
-2 23034
+8 11517
cob=(2)
cfi=(51)
cfn=(764)
calls=11517 0 
* 1048047
+3 57585

fl=(169) ???
fn=(584) (below main)
0 12
cob=(3) /usr/lib/x86_64-linux-gnu/libc.so.6
cfi=(170) ./csu/../csu/libc-start.c
cfn=(586) __libc_start_main@@GLIBC_2.34
calls=1 242 
0 152941270

fn=(596) 0x0000000000001660
0 12

ob=(3)
fl=(114) ./string/../sysdeps/x86_64/multiarch/memrchr.c
fn=(366) memrchr
29 1
fi=(84) ./string/../sysdeps/x86_64/multiarch/ifunc-avx2.h
+4 5
-1 2
+2 3
+2 2
+4 3
+3 4
fe=(114)
-14 1

fl=(180) ./malloc/./malloc/morecore.c
fn=(638) __glibc_morecore
25 20
+1 40
-1 20
+4 20
cfi=(181) ./misc/./misc/sbrk.c
cfn=(640) sbrk
calls=20 +8 
* 679
+1 40
+4 40

fl=(126) ./string/../sysdeps/x86_64/multiarch/mempcpy.c
fn=(402) mempcpy
33 1
fi=(93) ./string/../sysdeps/x86_64/multiarch/ifunc-memmove.h
+20 3
-1 2
+4 3
+14 2
+2 2
+8 2
+8 2
+2 5
fe=(126)

fl=(115) ./string/../sysdeps/x86_64/multiarch/strchrnul.c
fn=(370) strchrnul
31 1
fi=(84)
+2 5
-1 2
+2 3
+2 2
+4 3
+3 4
fe=(115)
-12 1

fl=(86) ./string/../sysdeps/x86_64/multiarch/strcmp.c
fn=(300) strcmp
65 2
-24 4
+1 2
-1 4
+1 4
+2 4
+5 6
+3 6
+13 2

fl=(108) ./string/../sysdeps/x86_64/multiarch/strcat.c
fn=(352) strcat
29 1
fi=(101) ./string/../sysdeps/x86_64/multiarch/ifunc-strcpy.h
+7 2
+1 1
-1 2
+1 2
+2 2
+4 3
+3 3
fe=(108)
-17 1

fl=(172) ./csu/../sysdeps/nptl/libc_start_call_main.h
fn=(608) (below main)
29 4
+15 1
-15 5
+15 1
cfi=(173) ./setjmp/../sysdeps/x86_64/bsd-_setjmp.S
cfn=(610) _setjmp
calls=1 -16 
* 34
* 1
+2 2
+5 2
+1 2
+3 2
+3 6
cob=(6)
cfi=(176)
cfn=(616)
calls=1 1013 
* 152940169

fl=(165) ./misc/./misc/init-misc.c
fn=(564) __init_misc
30 1
+1 2
-1 4
+1 3
+2 3
cob=(2)
cfi=(51)
cfn=(566) 0x000000000495b5f0
calls=1 -33 
* 30
+4 5
+1 3
+2 4

fl=(184) ./stdio-common/./stdio-common/isoc99_scanf.c
fn=(650) __isoc99_scanf
25 726349
+4 55873
+1 111746
-1 111746
+1 55873
-1 55873
+1 55873
-1 55873
+1 55873
-1 55873
+1 55873
cfi=(185) ./stdio-common/./stdio-common/vfscanf-internal.c
cfn=(652) __vfscanf_internal
calls=55873 278 
* 91992858
+4 279360

fl=(164) ./csu/./csu/init-first.c
fn=(562) _init_first
46 4
+5 2
+4 5
+8 1
-2 1
+10 1
-9 1
+1 1
+9 2
-1 1
cfi=(165)
cfn=(564)
calls=1 -41 
* 55

fl=(200) ./libio/./libio/getc.c
fn=(716) getc
34 395400
+3 131800
+1 395397
+5 329499
-5 1
cfi=(187) ./libio/./libio/genops.c
cfn=(656) __uflow
calls=1 299 
* 162

fl=(154) ./elf/./elf/libc_early_init.c
fn=(506) __libc_early_init
33 7
+2 1
cfi=(155) ./ctype/./ctype/ctype-info.c
cfn=(508) __ctype_init
calls=1 -6 
* 17
+3 1
fi=(157) ./elf/../sysdeps/nptl/pthread_early_init.h
-5 2
fe=(154)
+8 1
-3 1
fi=(157)
-5 1
cfi=(156) ./resource/../sysdeps/unix/sysv/linux/getrlimit64.c
cfn=(510) getrlimit
calls=1 +5 
* 10
* 3
+1 6
+11 1
fi=(209) ./elf/../nptl/nptl-stack.h
+13 3
fi=(157)
-13 1
fi=(209)
+13 2
fi=(157)
-4 1
fi=(209)
+4 2
fi=(157)
-6 1
fi=(209)
+6 1
fi=(157)
-12 1
+6 6
+1 1
+4 1
cfi=(158) ./nptl/./nptl/pthread_mutex_conf.c
cfn=(514) __pthread_tunables_init
calls=1 -7 
* 928
fe=(154)
-10 3
+2 2
-2 1
cfi=(161) ./nptl/../sysdeps/unix/sysv/linux/x86/elision-conf.c
cfn=(528) __lll_elision_init
calls=1 +49 
* 147

fl=(81) ./string/../sysdeps/x86/cacheinfo.c
fn=(290) __x86_cacheinfo
86 1
fi=(82) ./string/../sysdeps/x86/cacheinfo.h
-25 1
+3 3
+2 1
+1 1
-1 2
+7 3
+2 1
+1 1
-1 2
+5 2
+2 2
+1 2
+1 2
+2 2
fe=(81)
* 2

fl=(189) ./libio/./libio/filedoalloc.c
fn=(664) _IO_file_doallocate
78 18
+6 8
fi=(202) ./libio/./libio/libioP.h
940 6
+2 4
+1 4
fe=(189)
84 6
cfi=(188) ./libio/./libio/fileops.c
cfn=(666) _IO_file_stat
calls=2 1146 
* 36
* 4
+2 8
+11 8
+4 4
cob=(2)
cfi=(51)
cfn=(672) 0x000000000495b380
calls=2 0 
* 533
* 2
+1 4
+2 8
cfi=(187)
cfn=(678) _IO_setb
calls=2 329 
* 48
+1 2
+1 16

fl=(109) ./string/../sysdeps/x86_64/multiarch/strncase_l.c
fn=(356) strncasecmp_l
31 1
fi=(210) ./string/../sysdeps/x86_64/multiarch/ifunc-strcasecmp.h
+1 5
fe=(109)
-1 1

fl=(188)
fn=(726) _IO_do_write@@GLIBC_2.2.5
423 2
+2 6
+1 1
-3 1
fi=(202)
940 1
fe=(188)
423 2
fi=(202)
940 1
fe=(188)
423 1
fi=(202)
940 2
fe=(188)
423 5
+20 1
-10 2
+7 4
fi=(202)
942 2
+1 2
fe=(188)
448 4
cfn=(788) _IO_file_write@@GLIBC_2.2.5
calls=1 1173 
* 46
* 1
+1 5
+2 1
+4 2
-3 2
-1 2
+4 3
-2 1
-28 4
+1 8
+28 3

fn=(788)
1173 7
+2 6
+5 1
cfi=(208) ./io/../sysdeps/unix/sysv/linux/write.c
cfn=(790) write
calls=1 25 
* 9
+1 2
+5 1
+1 1
-12 2
+4 3
+1 2
+10 3
+3 6
-4 3

fn=(724) _IO_file_overflow@@GLIBC_2.2.5
731 10
+1 8
+7 8
+37 1
-2 4
+3 2
+3 3
+1 3
+1 2
+4 1
+1 4
-45 2
+12 2
+9 3
+5 3
+2 2
-3 2
+3 1
+1 1
-6 1
+1 1
+5 4
+16 1
-12 1
+1 1
+11 2
-12 1
cfn=(726)
calls=1 423 
* 5
+3 3
+2 2
-2 3
cfn=(726)
calls=1 423 
* 110
* 2
-34 2
cfi=(187)
cfn=(662) _IO_doallocbuf
calls=1 343 
* 306
+1 1
+9 1
-9 5

fn=(666)
1146 2
+1 4
cfi=(190) ./io/../sysdeps/unix/sysv/linux/fstat64.c
cfn=(668) fstat
calls=2 29 
* 30

fn=(722) _IO_file_xsputn@@GLIBC_2.2.5
1197 4080
+7 816
-7 2448
+6 3264
+9 1632
-2 3264
+17 2448
+1 815
+3 2445
+2 815
+2 815
+2 1630
-2 815
+1 815
+1 815
-2 815
cob=(2)
cfi=(51)
cfn=(742) 0x000000000495b3e0
calls=815 0 
* 13855
* 815
+4 1630
+28 7344
-36 1
+12 1
fi=(202)
940 3
+2 2
+1 2
fe=(188)
1243 3
cfn=(724)
calls=1 731 
* 362
* 2
+6 2
+1 7
+2 2
+11 3
+1 4
cfi=(187)
cfn=(728) _IO_default_xsputn
calls=1 371 
* 63
+2 3

fn=(660) _IO_file_underflow@@GLIBC_2.2.5
461 264
+4 792
-4 2112
+7 528
+6 792
+3 528
+12 526
+9 528
fi=(202)
940 264
+2 264
-2 264
fe=(188)
505 528
cfi=(187)
cfn=(680) _IO_switch_to_get_mode
calls=264 164 
* 6600
+6 264
+5 264
-5 264
fi=(202)
942 528
fe=(188)
511 264
fi=(202)
942 264
fe=(188)
511 792
fi=(202)
943 528
fe=(188)
516 1056
cfn=(682) _IO_file_read
calls=264 1130 
* 3692
+2 526
+16 263
-9 263
+9 526
+2 526
+1 2104
-57 3
+5 2
cfi=(187)
cfn=(662)
calls=1 343 
* 465
+4 4

fn=(682)
1130 264
+1 264
+2 264
-1 264
+1 528
cfi=(192) ./io/../sysdeps/unix/sysv/linux/read.c
cfn=(684) read
calls=264 25 
* 2108

fl=(166) ./string/../sysdeps/x86_64/multiarch/strrchr-avx2.S
fn=(568) __strrchr_avx2
46 1
+1 1
+1 1
+2 1
+1 1
+3 1
+1 1
+1 1
+2 1
+1 1
+1 1
+1 1
+1 1
+1 1
+2 1
+1 1
+12 1
+1 1
219 1
+1 1
+1 1
+1 1
+1 1
+2 1
+1 1
+1 1
+1 2

fl=(179) ./stdlib/../sysdeps/unix/sysv/linux/getrandom.c
fn=(626) getrandom
28 1
+1 7
+1 1

fl=(161)
fn=(528)
96 2
+5 1
-5 1
+5 1
-5 3
+5 3
cob=(2)
cfi=(51)
cfn=(516) 0x000000000495b650
calls=1 0 
* 22
+2 4
cob=(2)
cfi=(51)
cfn=(516)
calls=1 0 
* 22
+2 4
cob=(2)
cfi=(51)
cfn=(516)
calls=1 0 
* 22
+2 4
cob=(2)
cfi=(51)
cfn=(516)
calls=1 0 
* 22
+2 4
cob=(2)
cfi=(51)
cfn=(516)
calls=1 0 
* 22
+4 3
+1 1
+1 6

fl=(173)
fn=(610)
28 1
+2 1
+2 1
cfi=(174) ./setjmp/../sysdeps/x86_64/setjmp.S
cfn=(612) __sigsetjmp
calls=1 -2 
* 31

fl=(158)
fn=(514)
50 2
+1 2
-1 4
+1 3
cob=(2)
cfi=(51)
cfn=(516)
calls=1 -51 
* 884
+2 4
cob=(2)
cfi=(51)
cfn=(516)
calls=1 -53 
* 23
+2 6

fl=(199) ./string/../sysdeps/x86_64/multiarch/memmove-vec-unaligned-erms.S
fn=(712) __memcpy_avx_unaligned_erms
307 1042
+1 1042
+6 1042
+1 1042
+42 1042
+1 1042
+2 1042
+1 1042
+2 36
+4 36
+16 36
+1 36
+1 36
+1 36
+1 36
+29 1006
+1 1006
+1 1006
+1 1006
+1 1006

fn=(744) __mempcpy_avx_unaligned_erms
294 815
+1 815
+1 815
+1 815
+17 815
+1 815
+42 815
+1 815
+2 815
+1 815
+55 815
+1 815
+1 815
+1 815
+1 815

fl=(105) ./string/../sysdeps/x86_64/multiarch/strcasecmp.c
fn=(346) strcasecmp
31 1
fi=(210)
+1 5
fe=(105)
-1 1

fl=(170)
fn=(586)
242 12
343 3
+1 3
cfi=(171) ./stdlib/./stdlib/cxa_atexit.c
cfn=(588) __cxa_atexit
calls=1 69 
* 71
+25 6
+6 2
-3 2
+10 2
cob=(2)
cfi=(51)
cfn=(602) 0x000000000495b6d0
calls=1 0 
* 880
+2 2
+8 4
cfi=(172)
cfn=(608)
calls=1 29 
* 152940229
128 2
+6 3
+1 6
cob=(2)
cfi=(51)
cfn=(592) 0x0000000000109000
calls=1 0 
* 7
* 1
+3 1
+1 2
+3 2
+1 2
-1 1
+2 7
+1 4
cob=(6)
cfi=(169)
cfn=(596)
calls=1 0 
* 12
-1 4

fl=(186) ./nptl/./nptl/libc-cleanup.c
fn=(654) __libc_cleanup_push_defer
24 55873
+3 111746
+3 223492
+1 55873
+2 55873
+1 55873

fn=(692) __libc_cleanup_pop_restore
39 55872
+3 111744
+2 111744
+1 111744
+2 55872

fl=(87) ./wcsmbs/../sysdeps/x86_64/multiarch/wcsnlen.c
fn=(302) wcsnlen
29 1
fi=(88) ./wcsmbs/../sysdeps/x86_64/multiarch/ifunc-wcslen.h
+5 4
-1 2
+2 3
+2 2
+4 3
+3 3
fe=(87)
-15 1

fl=(99) ./wcsmbs/../sysdeps/x86_64/multiarch/wcscmp.c
fn=(332) wcscmp
30 1
fi=(95) ./wcsmbs/../sysdeps/x86_64/multiarch/ifunc-avx2.h
+3 5
-1 2
+2 3
+2 2
+4 3
+3 4
fe=(99)
-13 1

fl=(198) ./string/../sysdeps/x86_64/multiarch/strlen-avx2.S
fn=(708) __strlen_avx2
50 1858
+13 1858
+1 1858
+1 1858
+3 1858
+2 1858
+1 1858
+3 1858
+1 1858
+8 1858
+1 1858
+1 1858
+5 3716

fl=(156)
fn=(510)
38 2
+1 7
+1 1

fl=(193) ./stdlib/../stdlib/strtol.c
fn=(688) __strtol_internal
97 106690
+1 320070
cfi=(194) ./stdlib/../stdlib/strtol_l.c
cfn=(690) ____strtol_l_internal
calls=106690 225 
* 16082756

fl=(128) ./string/../sysdeps/x86_64/multiarch/rawmemchr.c
fn=(408) rawmemchr
31 1
fi=(124) ./string/../sysdeps/x86_64/multiarch/ifunc-evex.h
+4 5
-1 2
+2 3
+5 2
-3 2
+9 3
+3 4
fe=(128)
-19 1

fl=(177) ./malloc/./malloc/malloc.c
fn=(674) malloc
3287 715482
+7 238494
1343 238494
+19 476988
3306 476988
+3 238494
+10 140631
+28 234385
1362 116356
3304 349068
+7 357735
3193 144740
+1 144740
+2 72370
+1 72370
-1 217110
+1 72370
+1 72370
3347 361850
-26 187508
cfn=(632) _int_malloc
calls=46877 1343 
* 6754389
+1 234385
fi=(178) ./malloc/./malloc/arena.c
162 93754
fe=(177)

fn=(630) tcache_init.part.0
3235 3
+9 8
+1 3
cfn=(632)
calls=1 1343 
* 367
* 1
+1 2
+8 4
+7 2
+2 1
+1 2
-1 1
+1 86
+3 4

fn=(634) sysmalloc
2548 171
+20 76
+11 38
+1 57
+26 19
+1 57
+1 19
+9 148
+6 57
+3 57
2941 38
+1 19
+5 38
+3 38
+5 38
-2 19
+2 19
-1 19
+1 19
-3 19
+3 19
+1 19
-1 57
+1 19
+2 38
+6 209
2687 38
+9 76
+13 57
+8 95
+8 38
+39 38
+2 57
+6 74
+1 18
2946 18
2773 54
+2 2
2896 1
-1 1
+1 3
+1 1
+11 2
fi=(178)
565 19
fe=(177)
2727 19
cfi=(180)
cfn=(638)
calls=19 25 
* 831
+1 38
-1 19
+1 19
2028 19
2729 19
2028 19
2729 19
2028 38
2730 19
+3 38
+33 38
2610 38
2775 2
+40 3
+22 1
+1 1
-1 1
+1 6
+2 2
+1 3
cfi=(180)
cfn=(638)
calls=1 25 
* 28
+12 2
-12 1
+12 1
2028 4
2897 4
2765 2
-52 3

fn=(770) _int_free
4421 589912
+10 73739
-10 221217
+10 147478
+6 368695
+1 147478
+4 294956
+8 368695
-1 147478
+1 147478
+29 73739
-20 73739
-6 73739
+6 147478
+20 294956
+14 21492
+11 42984
+2 32238
2012 32238
4527 10746
+1 10746
+4 32238
+2 32238
+4 21492
+2 42984
+1 10746
+19 42866
4702 811129
3181 62993
+4 62993
-4 62993
+2 251972
+1 62993
+1 62993
4482 62993

fn=(620) calloc
3624 4
+10 2
-10 8
+10 16
+8 4
+3 6
+2 6
+32 6
cfn=(632)
calls=2 1343 
* 298
+2 10
fi=(178)
162 6
fe=(177)
3681 4
+3 6
+14 4
+11 2
+5 2
-2 4
-3 2
+12 8
-20 8
+31 2
+2 4
+2 4
fi=(178)
315 1
cfn=(624) ptmalloc_init.part.0
calls=1 -2 
* 1128
* 1
fe=(177)
3657 2
+1 6
+7 2
+97 2
-25 4
+25 8
-25 2
cob=(2)
cfi=(51)
cfn=(644) 0x000000000495b670
calls=2 0 
* 131126
3241 4
cfn=(630)
calls=1 -6 
* 484
* 1

fn=(766) free
3352 73739
+4 147478
-4 73739
+14 73739
-14 147478
+12 73739
+4 73739
-4 73739
+4 147478
+17 221217
fi=(178)
162 221217
fe=(177)
3391 147478
cfn=(770)
calls=73739 4421 
* 4944844
+3 73739
+1 294956

fn=(632)
1343 93760
3771 46880
1362 46880
3771 375040
1362 93760
3811 150
+27 150
+66 45508
+2 45508
-2 45508
+2 91016
1362 93610
3811 93610
4397 93610
3838 93610
+63 2094
+62 146
+1 12
+1 75
3838 150
1362 75
3843 150
+2 150
+2 2736
-6 1368
+9 1368
+1 1368
-1 2736
+1 6840
+5 2736
+1 2736
+7 1368
-1 2736
+1 6840
+5 1368
+1 1368
3183 1368
3870 1368
+5 46890
3181 18756
+2 9378
+2 9378
-2 18756
+2 9378
-8 9378
+8 9378
3869 9378
+1 47040
+2 18756
+2 9378
+1 9378
-1 18756
-21 137274
-10 45758
+2 224911
4399 91016
3903 45508
4399 591604
3983 45508
+1 45508
-1 91016
-1 91016
+2 91016
-1 4
+1 4
-1 8
-1 8
+2 8
-2 136533
+12 45511
-6 45511
+73 182044
-67 136534
-6 1
+73 4
-67 45
2005 4104
4413 421920
4183 91052
+2 12
+3 4
-3 4
+3 8
+68 91052
+1 45526
+1 45526
-1 45526
+1 45526
+1 91052
+1 136578
+5 91052
3963 8
4269 136578
+3 182088
-3 136566
+3 182088
-3 91044
+3 136563
+97 45526
+1 91052
+2 91052
+3 136644
+17 99
+2 28
cfn=(782) malloc_consolidate
calls=14 4715 
* 1260
+3 14
-1 42
+1 14
-1 14
3904 3129
4380 45493
-2 90986
+2 45493
-1 45493
+6 45493
-5 45493
-3 45493
+3 45493
+2 45493
-2 181972
2005 45493
4382 45493
2005 90986
4407 76
cfn=(634)
calls=19 2548 
* 3155
* 19
+1 38
2005 57

fn=(782)
4715 14
+17 14
-17 56
+28 14
-28 42
+15 14
+2 14
+13 28
+1 28
-1 252
+1 252
+62 420
+1 112

fl=(192)
fn=(684)
25 264
+1 1581
+1 263

fl=(118) ./string/../sysdeps/x86_64/multiarch/strlen.c
fn=(380) strlen
29 1
fi=(84)
+4 5
-1 2
+2 3
+2 2
+4 3
+3 4
fe=(118)
-14 1

fl=(100) ./string/../sysdeps/x86_64/multiarch/stpncpy.c
fn=(336) stpncpy
31 1
fi=(101)
+5 2
+1 1
-1 2
+1 2
+2 2
+4 3
+3 3
fe=(100)
-15 1

fl=(187)
fn=(662)
343 2
+1 4
-1 6
+3 8
+1 2
fi=(202)
940 6
+2 4
+1 4
fe=(187)
347 4
cfi=(189)
cfn=(664)
calls=2 78 
* 719
* 4
+3 8

fn=(784) __overflow
199 3
+2 3
+2 1
fi=(202)
940 3
+2 2
+1 2
fe=(187)
203 1
+1 2
-1 1
cfi=(188)
cfn=(724)
calls=1 731 
* 152

fn=(678)
329 18
+1 8
+5 4
-3 2
+3 8
+3 8

fn=(680)
164 1320
+1 792
+3 792
+4 528
+1 528
+7 264
-4 264
+4 264
-2 528
+3 264
+1 1056

fn=(658) _IO_default_uflow
361 528
fi=(202)
940 528
fe=(187)
361 264
fi=(202)
940 264
fe=(187)
361 528
+1 264
fi=(202)
942 528
+1 528
fe=(187)
362 528
cfi=(188)
cfn=(660)
calls=264 +99 
* 26588
+1 526
+2 1052
+1 1052

fn=(728)
371 1
+3 2
-3 8
fi=(202)
940 1
fe=(187)
371 1
fi=(202)
940 1
fe=(187)
371 1
fi=(202)
940 1
fe=(187)
371 2
+18 2
+8 1
+2 2
-20 4
+2 3
+3 2
+20 1
-29 1
+29 7
-11 10
+1 8
-1 4

fn=(656)
299 1320
+1 792
+5 792
+3 264
173 264
308 528
+2 528
+6 528
+7 264
fi=(202)
940 792
+2 528
+1 528
fe=(187)
323 264
+1 264
-1 264
+1 528
-1 264
cfn=(658)
calls=264 +38 
* 33178
-23 528
+21 792

fn=(686) _IO_sputbackc
635 1625615
+3 975369
+1 650246
+9 325123
+3 1300492
-10 650246
+1 325123
+5 325123

fl=(197) ./debug/./debug/strcpy_chk.c
fn=(704) __strcpy_chk
27 3126
+1 1042
-1 4168
+1 1042
cob=(2)
cfi=(51)
cfn=(706) 0x000000000495b490
calls=1042 -28 
* 16672
+1 2084
+4 1042
-1 2084
+1 1042
-1 1042
+1 1042
-1 1042
cob=(2)
cfi=(51)
cfn=(710) 0x000000000495b620
calls=1042 -32 
* 15702

fl=(181)
fn=(640)
37 40
+6 20
-6 20
+3 20
-3 40
+3 20
+3 20
+20 1
+15 100
-20 40
+1 2
cfi=(182) ./misc/../sysdeps/unix/sysv/linux/brk.c
cfn=(642) brk
calls=1 -24 
* 9
* 2
+4 1
-1 40
+4 76
+8 19
cfi=(182)
cfn=(642)
calls=19 -39 
* 171
* 38

fl=(127) ./string/../sysdeps/x86_64/multiarch/strncase.c
fn=(406) strncasecmp
31 1
fi=(210)
+1 5
fe=(127)
-1 1

fl=(102) ./wcsmbs/../sysdeps/x86_64/multiarch/wmemchr.c
fn=(340) wmemchr
31 2
fi=(103) ./wcsmbs/../sysdeps/x86_64/multiarch/ifunc-evex.h
+4 10
-1 4
+2 6
+5 4
-3 4
+9 6
+3 8
fe=(102)
-19 2

fl=(91) ./wcsmbs/../sysdeps/x86_64/multiarch/wcslen.c
fn=(310) wcslen
29 1
fi=(88)
+5 4
-1 2
+2 3
+2 2
+4 3
+3 3
fe=(91)
-15 1

fl=(106) ./string/../sysdeps/x86_64/multiarch/strcspn.c
fn=(348) strcspn
29 1
fi=(211) ./string/../sysdeps/x86_64/multiarch/ifunc-sse4_2.h
+1 5
fe=(106)
-1 1

fl=(125) ./string/../sysdeps/x86_64/multiarch/strspn.c
fn=(400) strspn
29 1
fi=(211)
+1 5
fe=(125)
-1 1

fl=(167) ./libio/./libio/vtables.c
fn=(570) check_stdfiles_vtables
83 1
+1 4
+1 3
+1 3
+2 1

fl=(174)
fn=(612)
30 1
+2 1
+9 1
+1 2
+1 1
+4 1
+1 1
+1 1
+1 1
+1 1
+2 2
+2 1
+1 1
+1 1
+2 2
+2 1
+5 1
+1 1
+17 1
cfi=(175) ./setjmp/./setjmp/sigjmp.c
cfn=(614) __sigjmp_save
calls=1 -56 
* 9

fl=(194)
fn=(690)
225 320070
+54 106690
-54 426760
+19 106690
-19 320070
+14 106690
-14 106690
+26 213380
+31 426760
+9 640140
+2 213380
+5 213380
-1 106690
+6 213380
+4 213380
+10 213380
+10 426760
-82 213380
377 106690
+56 426760
309 106690
449 106690
+10 320070
-10 106690
+10 106690
+12 213380
-5 380394
+5 380394
+1 1141182
-41 760788
+2 1308196
+2 1141182
+28 1141182
+3 760788
+11 213380
+5 320070
+1 106690
+5 213380
324 213380
491 320070
-2 213380
+17 533450
+18 853520

fl=(119) ./string/../sysdeps/x86_64/multiarch/strncpy.c
fn=(384) strncpy
29 1
fi=(101)
+7 2
+1 1
-1 2
+1 2
+2 2
+4 3
+3 3
fe=(119)
-17 1

fl=(185)
fn=(652)
278 726349
+10 279365
+1 55873
fi=(195) ./stdio-common/../include/scratch_buffer.h
78 55873
fe=(185)
289 55873
fi=(195)
77 111746
fe=(185)
339 55873
fi=(195)
77 55873
fe=(185)
339 223492
+6 167620
+3 223492
+4 111746
+13 55873
-6 55873
+8 111746
-8 55873
+8 55873
+5 55873
-5 55873
+5 335238
cfi=(186)
cfn=(654)
calls=55873 24 
* 558730
* 167619
+9 55873
-4 55873
+4 167619
570 55873
284 55873
-1 55873
+10 55873
-11 55873
570 111746
2429 223492
328 111746
+4 55873
-5 55873
-1 55873
-1 55873
-12 55873
2180 55873
2429 55873
2180 279365
418 538502
+24 538502
+1 538502
+3 533445
-65 1077000
3015 279360
222 325124
+1 325124
-1 162562
488 162562
222 162562
488 325124
222 162562
488 325124
345 111744
+27 614603
482 162562
+22 650248
+25 162562
-4 650248
+7 1625620
+80 325124
+5 162562
-1 325124
+1 325124
+1 167619
+3 487686
+1 1300496
+6 1624758
+3 541546
-3 270773
+3 1083172
-3 40
+3 160
-3 541626
+4 1137934
+1 812810
+4 325124
-4 325124
cfi=(187)
cfn=(686)
calls=162562 +2 
* 3088678
+4 1300496
-9 80
cfi=(187)
cfn=(656)
calls=40 299 
* 6952
* 80
3025 726336
cfi=(186)
cfn=(692)
calls=55872 39 
* 446976
fi=(195)
85 167616
fe=(185)
3029 111744
+17 111744
+6 670464
442 106689
+6 213378
618 6
1398 1066910
+5 320073
+9 640146
1733 213382
+9 106691
fi=(195)
113 426764
fe=(185)
1742 213382
fi=(195)
113 320073
fe=(185)
1740 2602446
260 760792
1797 380396
260 760792
+3 1141188
1799 1521584
+2 3423172
-68 760596
+68 97
-68 194
+2 974172
+2 533450
+67 213380
206 106690
1811 213380
214 213380
1812 213380
+28 640140
cfi=(187)
cfn=(686)
calls=106690 635 
* 2027110
260 320070
+3 320070
1844 213380
1669 106690
206 106690
1862 213380
1669 213380
1861 320070
+1 106690
cfi=(193)
cfn=(688)
calls=106690 97 
* 16509516
* 106690
+6 320070
+3 533450
+6 106690
-4 213380
+4 213380
+23 213380
1390 106691
-1 106691
+2 106691
1742 533450
+59 196
cfi=(187)
cfn=(656)
calls=98 299 
* 15846
* 291
1435 426764
+3 426764
637 55871
1017 279355
+2 279355
+2 446968
+10 111742
-10 55871
+10 167613
+71 55871
-81 391097
+81 55871
-81 167613
1144 4181233
1031 1045152
1144 522576
1031 1045402
1144 125
1031 250
1144 466830
-45 1045402
+3 522701
-1 1045402
+1 1045402
-1 1045402
+43 500
cfi=(187)
cfn=(656)
calls=125 299 
* 20250
* 625
2943 111742
+40 167613
+2 111742
+8 111742
-10 55871
+8 111742
1813 1938
+1 1938
+65 213380
+17 1066900
2048 279355
1033 167613
cfi=(187)
cfn=(686)
calls=55871 635 
* 1061549
+1 55871
1881 213380
+1 320070
1019 782194

fl=(201) ./libio/./libio/ioputs.c
fn=(720) puts
33 6528
+2 816
cob=(2)
cfi=(51)
cfn=(706)
calls=816 -35 
* 13056
+1 816
-1 816
+1 9792
+3 816
-3 816
+3 816
-3 816
+3 1632
-1 1630
+1 1
+1 1
fi=(202)
940 3
+2 2
+1 2
fe=(201)
40 815
fi=(202)
940 2445
+2 1630
+1 1630
fe=(201)
40 2448
cfi=(188)
cfn=(722)
calls=816 1197 
* 51836
* 1632
+1 5709
+1 3260
fi=(202)
883 1630
fe=(201)
42 4
fi=(202)
883 2
+1 8160
fe=(201)
46 5712
-5 2
cfi=(187)
cfn=(784)
calls=1 199 
* 170
* 2

fl=(85) ./string/../sysdeps/x86_64/multiarch/strpbrk.c
fn=(298) strpbrk
29 1
fi=(211)
+1 5
fe=(85)
-1 1

fl=(107) ./wcsmbs/../sysdeps/x86_64/multiarch/wcscpy.c
fn=(350) wcscpy
43 1
-6 5
+6 1

fl=(191) ./io/../sysdeps/unix/sysv/linux/fstatat64.c
fn=(670) fstatat
153 4
-55 4
+70 6
+1 2

fl=(190)
fn=(668)
29 4
+1 4
+5 6
cfi=(191)
cfn=(670)
calls=2 153 
* 16

fl=(208)
fn=(790)
25 1
+1 7
+1 1

fl=(120) ./wcsmbs/../sysdeps/x86_64/multiarch/wmemcmp.c
fn=(388) wmemcmp
29 1
fi=(121) ./wcsmbs/../sysdeps/x86_64/multiarch/ifunc-memcmp.h
+5 2
+1 1
-1 2
+1 2
+1 2
+1 3
+2 2
+4 3
+3 3
fe=(120)
-17 1

fl=(178)
fn=(624)
313 1
fi=(177)
3162 3
fe=(178)
313 5
+5 1
fi=(177)
3162 2
cfi=(179)
cfn=(626)
calls=1 28 
* 9
* 2
fe=(178)
343 2
+4 3
fi=(177)
1966 4
+3 1
-3 1
+3 2
-3 2
+3 126
-3 126
+3 252
-3 252
fe=(178)
352 3
fi=(177)
1977 1
+1 1
+2 1
fe=(178)
352 1
cob=(2)
cfi=(51)
cfn=(516)
calls=1 0 
* 23
+1 4
cob=(2)
cfi=(51)
cfn=(516)
calls=1 0 
* 22
+1 4
cob=(2)
cfi=(51)
cfn=(516)
calls=1 0 
* 23
+1 4
cob=(2)
cfi=(51)
cfn=(516)
calls=1 0 
* 23
+1 4
cob=(2)
cfi=(51)
cfn=(516)
calls=1 0 
* 22
+1 4
cob=(2)
cfi=(51)
cfn=(516)
calls=1 0 
* 23
+1 4
cob=(2)
cfi=(51)
cfn=(516)
calls=1 0 
* 23
+2 4
cob=(2)
cfi=(51)
cfn=(516)
calls=1 0 
* 23
+1 4
cob=(2)
cfi=(51)
cfn=(516)
calls=1 0 
* 23
+1 4
cob=(2)
cfi=(51)
cfn=(516)
calls=1 0 
* 23
+3 4
cob=(2)
cfi=(51)
cfn=(516)
calls=1 0 
* 23
+1 4
cob=(2)
cfi=(51)
cfn=(516)
calls=1 0 
* 23
+1 2
+63 7

fl=(183) ./string/../sysdeps/x86_64/multiarch/memset-vec-unaligned-erms.S
fn=(646) __memset_avx2_unaligned_erms
181 2
+1 6
+5 2
+1 2
+1 2
+1 2
+69 2
+1 2
+88 2
+1 2
+1 2
+1 131090
+1 2
+1 4

fl=(94) ./wcsmbs/../sysdeps/x86_64/multiarch/wcschr.c
fn=(318) wcschr
31 2
fi=(95)
+2 10
-1 4
+2 6
+2 4
+4 6
+3 8
fe=(94)
-12 2

fl=(182)
fn=(642)
35 20
+1 80
+1 40
+6 20
+1 20

fl=(89) ./string/../sysdeps/x86_64/multiarch/memset.c
fn=(306) memset
29 1
fi=(90) ./string/../sysdeps/x86_64/multiarch/ifunc-memset.h
+21 5
+3 3
+7 2
+9 2
+2 2
+10 2
+8 2
+2 5
fe=(89)

fl=(97) ./string/../sysdeps/x86_64/multiarch/strrchr.c
fn=(324) rindex
28 1
fi=(84)
+5 5
-1 2
+2 3
+2 2
+4 3
+3 4
fe=(97)
-15 1

fl=(171)
fn=(588)
69 9
-28 2
+2 6
+1 2
cfn=(590) __new_exitfn
calls=1 +38 
* 32
+2 2
+10 1
+2 1
-5 3
+3 1
-1 1
+4 2
+1 1
-1 2
+12 6

fn=(590)
82 1
+6 2
-6 4
+11 4
-10 2
+12 4
-2 1
+10 1
-10 3
+45 1
+5 1
-4 1
+4 4
-18 1
-1 1
+1 1

fl=(110) ./string/../sysdeps/x86_64/multiarch/memcmp.c
fn=(358) bcmp
29 1
fi=(111) ./string/../sysdeps/x86_64/multiarch/ifunc-memcmp.h
+5 2
+1 1
-1 2
+1 2
+1 2
+1 3
+2 2
+4 3
+3 3
fe=(110)
-17 1

fl=(122) ./string/../sysdeps/x86_64/multiarch/stpcpy.c
fn=(392) stpcpy
33 1
fi=(101)
+3 2
+1 1
-1 2
+1 2
+2 2
+4 3
+3 3
fe=(122)
-13 1

fl=(96) ./string/../sysdeps/x86_64/multiarch/strchr.c
fn=(322) index
61 1
-20 2
+1 1
-1 2
-1 2
+2 2
+2 2
+4 3
+3 3
+10 1

fl=(116) ./string/../sysdeps/x86_64/multiarch/strcpy.c
fn=(374) strcpy
29 1
fi=(101)
+7 2
+1 1
-1 2
+1 2
+2 2
+4 3
+3 3
fe=(116)
-17 1

fl=(123) ./string/../sysdeps/x86_64/multiarch/memchr.c
fn=(396) memchr
29 1
fi=(124)
+6 5
-1 2
+2 3
+5 2
-3 2
+9 3
+3 4
fe=(123)
-21 1

fl=(203) ./string/../sysdeps/x86_64/multiarch/strcmp-avx2.S
fn=(736) __strcmp_avx2
83 147213
+23 147213
+1 147213
+2 147213
+1 147213
+1 147213
+1 147213
+1 147213
+2 135904
+1 135904
+1 135904
+1 135904
+1 135904
+1 135904
+1 135904
+1 135904
+18 135904
+1 135904
+1 135904
+3 271808
718 11309
+1 11309
+4 11309
+11 11309
+1 11309
+1 11309
+2 22618
+10 11309
+1 11309
+2 7568
+1 7568
+1 7568
+1 7568
+1 7568
+1 7568
+1 7568
+15 3741
+1 3741
+1 3741
+1 3741
+1 3741
+1 3741
+1 3741
+1 3741
+1 3741

fl=(98) ./string/../sysdeps/x86_64/multiarch/memmove.c
fn=(328) memmove
29 2
fi=(93)
+24 6
-1 4
+4 6
+14 4
+2 4
+8 4
+8 4
+2 10
fe=(98)

fl=(83) ./string/../sysdeps/x86_64/multiarch/strnlen.c
fn=(294) strnlen
31 2
fi=(84)
+2 10
-1 4
+2 6
+2 4
+4 6
+3 8
fe=(83)
-12 2

fl=(112) ./wcsmbs/../sysdeps/x86_64/multiarch/wmemset.c
fn=(362) wmemset
31 2
fi=(113) ./wcsmbs/../sysdeps/x86_64/multiarch/ifunc-wmemset.h
+2 10
+1 6
+2 4
+8 6
+3 8
fe=(112)
-16 2

fl=(117) ./string/../sysdeps/x86_64/multiarch/strcasecmp_l.c
fn=(378) strcasecmp_l
31 1
fi=(210)
+1 5
fe=(117)
-1 1

fl=(155)
fn=(508)
29 1
+2 7
+2 4
+2 4
+1 1

fl=(175)
fn=(614)
28 3
+2 2
-1 1
+5 3

fl=(92) ./string/../sysdeps/x86_64/multiarch/memcpy.c
fn=(314) memcpy@@GLIBC_2.14
29 1
fi=(93)
+24 3
-1 2
+4 3
+14 2
+2 2
+8 2
+8 2
+2 5
fe=(92)

fl=(104) ./string/../sysdeps/x86_64/multiarch/strncmp.c
fn=(344) strncmp
66 1
-25 4
+1 3
+2 2
+5 3
+3 3
+14 1

ob=(2)
fl=(51)
fn=(544) 0x000000000483f000
0 6
cob=(5)
cfi=(163)
cfn=(548)
calls=1 0 
0 12
0 1
cob=(5)
cfi=(163)
cfn=(556)
calls=1 0 
0 5
0 2

fn=(592)
0 7

fn=(718)
0 1632
cob=(3)
cfi=(201)
cfn=(720)
calls=816 33 
0 125446

fn=(764)
0 147478
cob=(3)
cfi=(177)
cfn=(766)
calls=73739 3352 
0 6788319

fn=(602)
0 2
cob=(1) /usr/lib/x86_64-linux-gnu/ld-linux-x86-64.so.2
cfi=(49) ./elf/./elf/dl-audit.c
cfn=(606) _dl_audit_preinit
calls=1 117 
0 5
cob=(1)
cfi=(159) ./elf/../sysdeps/x86_64/dl-trampoline.h
cfn=(522) _dl_runtime_resolve_xsave
calls=1 67 
0 868
0 5

fn=(618)
0 4
cob=(3)
cfi=(177)
cfn=(620)
calls=2 3624 
0 133187

fn=(648)
0 111746
cob=(3)
cfi=(184)
cfn=(650)
calls=55873 25 
0 93669043

fn=(760)
0 124412
cob=(4) /usr/lib/x86_64-linux-gnu/libm.so.6
cfi=(207) ./math/../sysdeps/ieee754/dbl-64/e_log2.c
cfn=(762) log2@@GLIBC_2.29
calls=62206 44 
0 4603244

fn=(164) 0x0000000004002050
0 12
cob=(1)
cfi=(52) ./elf/./elf/dl-error-skeleton.c
cfn=(166) _dl_catch_exception
calls=6 175 
0 15393

fn=(710)
0 2084
cob=(3)
cfi=(199)
cfn=(712)
calls=1042 307 
0 13618

fn=(516)
0 38
cob=(1)
cfi=(10) ./elf/./elf/dl-tunables.c
cfn=(24) __tunable_get_val
calls=19 405 
0 391
cob=(1)
cfi=(159)
cfn=(522)
calls=1 67 
0 857
0 5

fn=(566)
0 2
cob=(3)
cfi=(166)
cfn=(568)
calls=1 46 
0 28

fn=(672)
0 4
cob=(3)
cfi=(177)
cfn=(674)
calls=2 3287 
0 529

fn=(644)
0 4
cob=(3)
cfi=(183)
cfn=(646)
calls=2 181 
0 131122

fn=(698)
0 238490
cob=(3)
cfi=(177)
cfn=(674)
calls=119245 3287 
0 12010542

fn=(702)
0 2084
cob=(3)
cfi=(197)
cfn=(704)
calls=1042 27 
0 51130

fn=(706)
0 3716
cob=(3)
cfi=(198)
cfn=(708)
calls=1858 50 
0 26012

fn=(714)
0 131800
cob=(3)
cfi=(200)
cfn=(716)
calls=65900 34 
0 1252259

fn=(734)
0 294426
cob=(3)
cfi=(203)
cfn=(736)
calls=147213 83 
0 3144191

fn=(572) 0x000000000485a000
0 7

fn=(756)
0 107946
cob=(4)
cfi=(206) ./math/../sysdeps/x86_64/fpu/s_fmin.S
cfn=(758) fmin
calls=53973 23 
0 323838

fn=(160) 0x0000000004002080
0 2
cob=(1)
cfi=(52)
cfn=(162) _dl_catch_error
calls=1 225 
0 2782

fn=(742)
0 1630
cob=(3)
cfi=(199)
cfn=(744)
calls=815 294 
0 12225

ob=(4)
fl=(144) ./math/../sysdeps/x86_64/fpu/multiarch/s_fma.c
fn=(462) fma
49 6

fl=(131) ./math/../sysdeps/x86_64/fpu/multiarch/e_exp.c
fn=(418) __exp_finite@GLIBC_2.15
27 1
fi=(132) ./math/../sysdeps/x86_64/fpu/multiarch/ifunc-avx-fma4.h
+5 5
+1 2
fe=(131)
-6 1

fl=(146) ./math/../sysdeps/x86_64/fpu/multiarch/e_atan2.c
fn=(472) __atan2_finite@GLIBC_2.15
26 1
fi=(132)
+6 5
+1 2
fe=(146)
-7 1

fl=(140) ./math/../sysdeps/x86_64/fpu/multiarch/e_log2f.c
fn=(446) log2f@@GLIBC_2.27
27 1
fi=(130) ./math/../sysdeps/x86_64/fpu/multiarch/ifunc-fma.h
+2 4
+1 3
fe=(140)
-3 1

fl=(168) ???
fn=(576) 0x000000000000e460
0 12

fl=(143) ./math/../sysdeps/x86_64/fpu/multiarch/s_sinf.c
fn=(458) sinf
26 1
fi=(130)
+3 4
+1 3
fe=(143)
-4 1

fl=(129) ./math/../sysdeps/x86_64/fpu/multiarch/s_cosf.c
fn=(414) cosf
26 1
fi=(130)
+3 4
+1 3
fe=(129)
-4 1

fl=(138) ./math/../sysdeps/x86_64/fpu/multiarch/e_pow.c
fn=(442) __pow_finite@GLIBC_2.15
27 1
fi=(139) ./math/../sysdeps/x86_64/fpu/multiarch/ifunc-fma4.h
+4 4
+1 2
fe=(138)
-5 1

fl=(207)
fn=(762)
44 62206
fi=(212) ./math/../sysdeps/ieee754/dbl-64/math_config.h
+23 62206
fe=(207)
-28 62206
+17 186618
-17 62206
+17 124412
+28 186618
+17 62206
+37 62206
-30 62206
-4 62206
-3 62206
+37 62206
-15 62206
-19 62206
-2 62206
+1 62206
+1 62206
-2 62206
+6 62206
+15 62206
-19 62206
+16 248824
-15 62206
+15 62206
-15 62206
+15 62206
-15 62206
+15 124412
fi=(212)
-41 62206
fe=(207)
+41 62206
+8 62206
+10 62206
-4 62206
fi=(212)
-55 62206
fe=(207)
+55 62206
+4 62206
fi=(212)
-59 62206
fe=(207)
+59 62206
fi=(212)
-59 62206
fe=(207)
+59 62206
-15 62206
+15 62206
-3 124412
-6 124412
+9 124412
-8 62206
+8 124412
-8 62206
+8 124412
-16 124412
+2 62206
+15 62206
-15 124412
+6 62206
+9 124412
+1 62206

fl=(136) ./math/../sysdeps/x86_64/fpu/multiarch/s_sincosf.c
fn=(434) sincosf
26 1
fi=(130)
+3 4
+1 3
fe=(136)
-4 1

fl=(142) ./math/../sysdeps/x86_64/fpu/multiarch/e_asin.c
fn=(464) __asin_finite@GLIBC_2.15
27 1
fi=(139)
+4 4
+1 2
fe=(142)
-5 1

fn=(454) __acos_finite@GLIBC_2.15
35 1
fi=(139)
-4 4
+1 2
+3 1
fe=(142)

fl=(135) ./math/../sysdeps/x86_64/fpu/multiarch/e_logf.c
fn=(430) logf@@GLIBC_2.27
27 1
fi=(130)
+2 4
+1 3
fe=(135)
-3 1

fl=(145) ./math/../sysdeps/x86_64/fpu/multiarch/e_exp2f.c
fn=(468) exp2f@@GLIBC_2.27
27 1
fi=(130)
+2 4
+1 3
fe=(145)
-3 1

fl=(206)
fn=(758)
23 53973
+1 53973
+1 53973
+1 53973
+1 53973
+23 53973

fl=(137) ./math/../sysdeps/x86_64/fpu/multiarch/e_powf.c
fn=(438) powf@@GLIBC_2.27
30 1
fi=(130)
-1 4
+1 4
fe=(137)

fl=(141) ./math/../sysdeps/x86_64/fpu/multiarch/e_log.c
fn=(450) __log_finite@GLIBC_2.15
27 1
fi=(132)
+5 5
+1 2
fe=(141)
-6 1

fl=(134) ./math/../sysdeps/x86_64/fpu/multiarch/s_sin.c
fn=(426) cos
34 1
fi=(132)
-2 5
+1 2
fe=(134)
+1 1

fn=(476) sin
27 1
fi=(132)
+5 5
+1 2
fe=(134)
-6 1

fl=(133) ./math/../sysdeps/x86_64/fpu/multiarch/e_expf.c
fn=(422) expf@@GLIBC_2.27
27 1
fi=(130)
+2 4
+1 3
fe=(133)
-3 1

ob=(1)
fl=(56) ./io/../sysdeps/unix/sysv/linux/read_nocancel.c
fn=(180) __read_nocancel
25 3
+1 12
+1 3

fl=(77) ./elf/../sysdeps/x86/dl-cet.c
fn=(270) _dl_cet_check
252 8
42 1
+9 1
-10 1
+4 1
-4 1
+3 1
+4 2
+1 2
-1 2
+14 2
254 8

fl=(58) ./io/../sysdeps/unix/sysv/linux/fstat64.c
fn=(190) fstat
29 8
+1 8
+5 12
cfi=(59) ./io/../sysdeps/unix/sysv/linux/fstatat64.c
cfn=(192) fstatat
calls=4 153 
* 32

fl=(72) ./misc/../sysdeps/unix/syscall-template.S
fn=(536) munmap
117 5
+5 1

fn=(236) mprotect
117 30
+5 6

fl=(79) ./elf/./elf/dl-lookup.c
fn=(284) check_match
70 108
+3 108
-3 1296
+3 426
+13 105
-13 105
+13 105
-13 105
+13 315
+3 370
cfi=(32) ./string/../sysdeps/x86_64/strcmp.S
cfn=(90) strcmp
calls=40 +19 
* 1928
* 80
+4 105
+1 210
+2 206
+19 206
+1 824
-38 105
+84 630
-18 4
+2 4
+1 2
-1 4
+1 6
-1 4
+16 18
-45 309
cfi=(32)
cfn=(90)
calls=103 -9 
* 2819
* 206
-44 12
+82 6

fn=(282) do_lookup_x
363 920
+1 115
-1 575
+48 115
-30 230
-11 115
+41 115
-30 345
+30 115
fi=(80) ./elf/../sysdeps/generic/dl-protected.h
44 345
fe=(79)
381 115
fi=(80)
44 460
fe=(79)
395 1416
+4 472
+4 472
-3 472
+3 1888
+1 1416
+3 472
+1 944
+7 472
-3 944
-2 472
+5 1888
+3 3304
570 1104
374 946
+3 946
+4 954
+4 944
+4 944
+88 210
fi=(4) ./elf/../sysdeps/generic/ldsodefs.h
137 210
+1 315
fe=(79)
528 210
fi=(80)
29 210
fe=(79)
535 804
+16 210
+1 105
+1 210
422 480
-1 240
+2 240
+2 1392
+13 450
-10 1275
+3 108
-1 216
+1 108
-1 108
+2 216
-1 1296
cfn=(284)
calls=108 70 
* 10731
+4 324
+3 6
573 10
+1 920
-35 27
-70 22
171 77
452 840

fn=(280) _dl_lookup_symbol_x
840 1150
+10 115
-10 230
+10 115
-10 115
+10 115
204 115
840 115
204 575
581 460
-1 230
+2 115
-1 115
+1 345
-1 345
+1 1435
-1 1435
+1 4305
-1 4305
+2 115
846 115
-4 115
+1 115
+7 115
-8 115
+1 115
+7 424
+3 115
+2 230
-2 115
+6 230
-7 690
+7 50
+1 1610
cfn=(282)
calls=115 363 
* 45605
* 345
+28 115
-23 115
+23 115
-23 230
+24 614
+7 105
-7 105
+40 420
+79 210
-65 315
+3 315
-62 115
+69 1035
-86 60
+18 30
+59 2

fl=(16) ./elf/../sysdeps/x86/cpu-features.c
fn=(40) update_active.constprop.0
43 7
+45 1
-41 1
+28 1
-18 1
+31 1
+4 1
-36 1
-1 1
+37 1
-26 1
-11 1
+1 1
+36 2
+1 1
-17 1
-21 1
+25 1
-4 1
-11 1
+28 1
-1 1
-36 1
+18 1
+19 1
-13 1
-4 1
-11 1
+19 1
+11 1
-3 1
-12 1
+14 1
-29 1
+18 1
+9 1
-18 1
+13 1
-13 1
-9 1
+29 2
+3 1
-14 1
-9 1
+9 1
+4 1
+10 1
-17 1
+7 1
+5 1
+5 1
+1 1
-1 1
+1 2
+2 2
+1 4
+3 1
+1 1
-1 1
+1 1
-1 1
+1 1
-1 1
+1 1
+4 2
+4 2
+2 4
+83 3
+12 2
+1 1
+3 3
+4 1
-4 1
+4 1
+67 3
+4 3
fi=(18) ./elf/../sysdeps/x86/get-isa-level.h
31 1
-3 1
+3 1
-1 2
fe=(16)
296 1
+1 8
-75 3
+1 2
+3 1
-1 1
+9 1
-5 1
+2 1
-2 1
+5 1
fi=(18)
32 3
+4 3
fe=(16)
+83 2
+2 1
+3 2
+10 1
+10 1
-10 1
+10 1
-10 1
+6 1
+4 1
-4 1
-6 1
+6 1
+2 1
-2 1
+2 3
+7 4
fi=(18)
39 3
+1 4
+5 1
-7 1
+7 3
+2 1
+1 2
+1 3
+2 4
+1 2
+1 2
+6 1
-4 1
+4 1
-3 2
fe=(16)
+75 1
-5 2
+4 1

fn=(34) init_cpu_features.constprop.0
399 1
+16 1
-16 6
+3 1
+1 1
+1 1
+11 2
+3 6
593 1
+94 5
+1 1
+3 2
+1 1
+6 1
+3 1
fi=(19) ./elf/../sysdeps/x86/dl-cacheinfo.h
+5 1
+2 1
fe=(16)
-9 1
fi=(19)
+23 2
840 1
+46 1
-46 17
+45 2
+25 2
+21 2
-21 2
+13 3
+8 1
-8 1
+8 1
cfi=(10)
cfn=(24)
calls=1 405 
* 21
* 1
+2 2
+3 4
cfi=(10)
cfn=(24)
calls=1 405 
* 21
* 1
+2 1
+3 2
-3 2
+3 1
-3 1
+3 1
cfi=(10)
cfn=(24)
calls=1 405 
* 21
* 1
+1 5
+16 2
-12 5
cfi=(10)
cfn=(24)
calls=1 405 
* 21
* 1
+1 3
+23 1
-17 5
+3 3
-3 1
cfi=(10)
cfn=(24)
calls=1 405 
* 21
+3 3
-3 2
+3 9
cfi=(10)
cfn=(54) __GI___tunable_set_val
calls=1 157 
* 58
+1 9
cfi=(10)
cfn=(54)
calls=1 157 
* 58
+1 10
cfi=(10)
cfn=(54)
calls=1 157 
* 58
+3 8
cfi=(10)
cfn=(54)
calls=1 157 
* 58
+2 8
cfi=(10)
cfn=(54)
calls=1 157 
* 58
+4 1
fe=(16)
706 1
fi=(19)
967 2
fe=(16)
706 2
fi=(19)
967 4
fe=(16)
706 1
cfi=(10)
cfn=(24)
calls=1 405 
* 19
+4 3
+14 1
-1 2
+1 3
+47 1
-1 1
+1 1
+46 4
cfi=(10)
cfn=(24)
calls=1 405 
* 19
+2 4
cfi=(10)
cfn=(24)
calls=1 405 
* 19
fi=(21) ./elf/../sysdeps/unix/sysv/linux/x86/cpu-features.c
27 6
fe=(16)
829 2
+45 8
fi=(19)
+19 11
fe=(16)
775 3
+27 2
-10 2
+1 2
+2 3
+1 2
+2 3
+1 2
fi=(19)
-75 3
cfn=(46) handle_intel.constprop.0
calls=1 255 
* 437
+1 1
-1 2
+1 1
cfn=(46)
calls=1 255 
* 478
+1 1
-1 1
+1 1
cfn=(46)
calls=1 255 
* 503
+3 1
-3 2
+3 1
cfn=(46)
calls=1 255 
* 459
+2 1
-2 1
+2 1
cfn=(46)
calls=1 255 
* 451
+3 1
-2 1
-1 1
+3 1
cfn=(46)
calls=1 255 
* 428
+2 1
-2 1
+2 1
cfn=(46)
calls=1 255 
* 429
+3 1
-2 1
-1 1
+3 1
cfn=(46)
calls=1 255 
* 469
+2 1
-2 1
+2 1
cfn=(46)
calls=1 255 
* 470
+3 1
-3 1
+3 1
cfn=(46)
calls=1 255 
* 494
+2 1
-2 1
+2 1
cfn=(46)
calls=1 255 
* 495
+2 1
-2 1
+2 1
cfn=(46)
calls=1 255 
* 790
+2 3
-2 1
+2 1
cfn=(52) get_common_cache_info.constprop.0
calls=1 481 
* 215
863 15
fe=(16)
424 6
cfn=(36) get_common_indices.constprop.0
calls=1 -99 
* 71
303 3
+1 2
+1 6
+5 2
+1 6
+5 2
+1 6
429 1
cfn=(40)
calls=1 43 
* 194
+2 1
+2 1
+83 1
-85 2
564 2
+7 2
+2 1
+4 2
+6 2
422 2
-3 1
+14 3
+1 4
+69 1
+10 11
+42 1
+1 1
434 11
+55 3

fn=(36)
325 1
+4 4
+3 3
+5 2
-5 1
+5 1
-5 1
+4 1
+1 1
+1 4
+1 4
+1 3
+1 2
+7 2
+2 5
+5 1
-5 1
+5 1
-5 1
+5 1
-5 2
+5 1
+7 1
-7 4
+7 1
+1 3
+6 1
-6 4
+6 1
fi=(17) ./elf/../sysdeps/unix/sysv/linux/x86/dl-minsigstacksize.h
24 2
+3 2
+1 2
+37 3
+7 1
+2 1
fe=(16)
384 2

fl=(14) ./elf/../sysdeps/unix/sysv/linux/brk.c
fn=(28) brk
35 1
+1 3
+1 2
+6 1
+1 1

fl=(162) ./elf/./elf/dl-init.c
fn=(540) _dl_init
77 12
+1 1
+1 1
+3 3
+8 2
+25 1
+1 5
+1 2
-86 4
+86 8
-86 16
+2 26
cfn=(542) call_init.part.0
calls=4 -7 
* 265
+83 15
+7 8
-92 4
+2 6
cfn=(542)
calls=1 -7 
* 61
+52 2

fn=(542)
26 40
+13 5
-13 5
+16 5
-3 10
+3 10
+5 8
+8 12
+1 12
cob=(2)
cfi=(51)
cfn=(572)
calls=1 -56 
* 7
cob=(2)
cfi=(51)
cfn=(544)
calls=1 -56 
* 26
+3 4
+1 8
+6 4
+2 4
-2 2
+3 13
+1 4
cob=(3)
cfi=(167)
cfn=(570)
calls=1 +13 
* 12
* 8
cob=(4)
cfi=(168)
cfn=(576)
calls=1 -70 
* 12
cob=(3)
cfi=(164)
cfn=(562)
calls=1 -24 
* 74
-1 9
+3 30
-29 2

fl=(38) ./elf/./elf/dl-hwcaps.c
fn=(108) _dl_important_hwcaps
175 5
+1 1
-1 6
+1 1
-1 1
+1 1
-1 1
+1 1
-1 1
+1 2
cfi=(10)
cfn=(24)
calls=1 405 
* 21
* 1
+2 2
+1 3
+26 2
-26 1
+25 1
cfi=(39) ./elf/../sysdeps/x86_64/dl-hwcaps-subdirs.c
cfn=(110) _dl_hwcaps_subdirs_active
calls=1 29 
* 47
fi=(40) ./elf/./dl-hwcaps.h
54 1
fe=(38)
205 1
-1 1
fi=(40)
56 1
+32 1
+1 1
+1 1
fe=(38)
-35 2
cfi=(41) ./elf/./elf/dl-hwcaps_split.c
cfn=(116) _dl_hwcaps_split_masked
calls=1 -4 
* 13
* 2
fi=(40)
-1 1
+2 2
-2 1
+34 2
+1 2
+1 1
fe=(38)
-32 2
-1 2
+1 2
+1 2
-1 2
-3 4
cfi=(41)
cfn=(116)
calls=2 -4 
* 114
* 2
cfi=(41)
cfn=(116)
calls=1 -4 
* 122
* 6
+48 5
fi=(28) ./elf/../include/rtld-malloc.h
-47 1
cfi=(27) ./elf/./elf/dl-minimal-malloc.c
cfn=(76) __minimal_malloc
calls=1 -21 
* 25
fe=(38)
+47 1
+2 2
+3 2
fi=(40)
-52 1
fe=(38)
+55 1
-3 1
fi=(40)
-54 2
+3 1
fe=(38)
+58 2
cfi=(41)
cfn=(122) _dl_hwcaps_split
calls=1 -90 
* 12
* 2
fi=(40)
-61 1
+2 2
-2 1
+34 2
+1 2
+1 1
fe=(38)
+40 4
+1 2
-1 6
+2 2
+1 2
-2 6
-3 4
cfi=(41)
cfn=(116)
calls=2 -77 
* 114
* 2
cfi=(41)
cfn=(116)
calls=1 -77 
* 122
* 6
+8 2
+9 1
-15 1
+15 2
-15 1
+15 8
+9 2
+4 7
cfi=(43) ./string/../sysdeps/x86_64/memcmp.S
cfn=(124) bcmp
calls=1 22 
* 41
+1 2
+1 1
+4 1
+1 2
+1 1
-20 2
+19 1
+1 1
-20 2
-1 4
+70 1
+1 1
+4 1
-5 2
+1 4
+4 2
-4 1
+4 4
+1 1
-1 1
+1 2
+1 2
-2 5
+1 1
-1 1
+1 2
+1 2
-2 5
+5 1
+3 2
-3 2
+3 15
+7 1
-7 2
+2 3
+1 4
+2 1
fi=(213) ./elf/../sysdeps/x86/dl-hwcap.h
57 1
fe=(38)
233 2
fi=(213)
57 1
fe=(38)
233 2
fi=(213)
57 1
fe=(38)
233 1
+1 1
cfi=(22) ./string/../sysdeps/x86_64/multiarch/strlen-vec.S
cfn=(60) strlen
calls=1 41 
* 17
+1 1
+1 1
-6 1
+4 1
+1 1
-5 1
+5 1
+1 1
-1 2
-5 4
+10 3
-2 3
+2 1
+1 1
+1 1
-1 1
+4 4
+1 1
-1 1
+4 2
+4 1
-1 1
+1 4
-1 2
+4 3
+1 3
+19 10
+6 2
fi=(28)
56 1
cfi=(27)
cfn=(76)
calls=1 -21 
* 25
* 1
fe=(38)
283 2
+8 1
fi=(40)
54 1
+2 1
+34 1
-2 2
fe=(38)
-5 1
291 1
fi=(40)
54 1
+35 1
fe=(38)
291 1
fi=(40)
90 1
fe=(38)
-10 2
cfi=(41)
cfn=(116)
calls=1 -29 
* 13
* 2
fi=(40)
-26 2
+2 1
fe=(38)
+27 1
fi=(40)
-29 1
+34 2
+1 2
+1 1
fe=(38)
-8 2
+1 4
+7 2
-7 10
cfi=(29) ./string/../sysdeps/x86_64/multiarch/memmove-vec-unaligned-erms.S
cfn=(128) mempcpy
calls=2 199 
* 26
+4 2
+2 2
+2 2
-2 4
-9 4
cfi=(41)
cfn=(116)
calls=2 -29 
* 114
* 2
cfi=(41)
cfn=(116)
calls=1 -29 
* 122
* 6
304 1
+2 1
-2 1
-48 2
+72 1
-72 1
376 2
+13 2
-58 1
+45 1
+13 1
-58 1
-75 1
+82 1
+10 2
-92 1
+88 1
+4 3
-4 1
+3 7
-3 2
-3 1
+3 1
cfi=(29)
cfn=(128)
calls=1 199 
* 18
* 2
-3 1
+3 1
cfi=(29)
cfn=(128)
calls=1 199 
* 18
* 2
+3 2
-3 4
+3 5
+1 12
+1 2
-2 1
+2 1
cfi=(29)
cfn=(128)
calls=1 199 
* 15
* 2
-2 2
+5 8
cfi=(29)
cfn=(128)
calls=2 199 
* 30
* 4
+2 5
+5 6
+1 1
-1 3
+1 7
-1 25
+5 11
+4 1
-1 1
+1 2
-4 12
+4 2
-1 2
+1 13
-1 9
+1 18
+1 24
-1 12
-1 12
+2 24
-1 24
-1 24
+4 9
+3 1
+2 2
-1 1
-1 1
+2 1
-2 1
+2 2
-1 1
+1 2
+2 6
+1 2
+3 2
-6 2
+6 3
+7 8
+1 1
-1 2
+3 2
-3 3
+1 3
-1 6
+3 6
+3 4
-80 2
+86 9
-20 1
+1 2
-6 3
259 2
+1 2
+1 4
-1 3
+12 4
-44 2
+34 4
-2 3

fl=(151) ./elf/../sysdeps/nptl/dl-mutex.c
fn=(498) __rtld_mutex_init
30 2
+10 3
-10 1
+10 2
-10 1
+7 1
+3 2
cfi=(152) ./elf/./elf/dl-lookup-direct.c
cfn=(500) _dl_lookup_direct
calls=1 +34 
* 175
+4 2
+1 8
+2 3
-2 1
+2 3
cfi=(152)
cfn=(500)
calls=1 +27 
* 198
+4 2
+1 6
+1 2
-1 1
+1 2

fl=(49)
fn=(154) _dl_audit_activity_map
28 6
+2 1
-1 1
+1 2
+6 6

fn=(532) _dl_audit_activity_nsid
40 2
+4 1
-4 1
+4 1
-4 1
+4 1
-4 2
+4 1
+1 1
+1 4
+4 6

fn=(606)
117 1
+1 4

fn=(206) _dl_audit_objopen
76 3
+1 12

fl=(24) ./elf/../sysdeps/nptl/dl-tls_init_tp.c
fn=(266) __tls_init_tp
68 2
fi=(214) ./elf/../include/list.h
-24 1
fe=(24)
+24 1
fi=(214)
-25 1
fe=(24)
+26 1
+3 1
fi=(214)
-29 1
+1 1
+1 1
+2 1
fe=(24)
+28 4
+1 2
+1 1
+5 2
+5 1
+6 1
-3 1
+3 1
-6 3
+6 1
+13 3
fi=(76) ./elf/../sysdeps/unix/sysv/linux/rseq-internal.h
-72 1
fe=(24)
+72 1
cfi=(10)
cfn=(24)
calls=1 405 
* 20
fi=(76)
-74 3
+2 6
+3 2
+3 1
fe=(24)
+83 3
+7 2
+2 1
+1 1
+1 3

fn=(84) rtld_mutex_dummy
42 10
+2 20

fn=(66) __tls_pre_init_tp
53 3
+3 8
+5 1
-5 1
+5 1
+1 1
-6 1
+8 1

fl=(7) ./elf/./elf/dl-minimal.c
fn=(494) lookup_malloc_symbol
61 8
+3 4
-3 16
+3 4
-3 4
+3 8
-1 4
+1 12
cfi=(79)
cfn=(280)
calls=4 840 
* 2280
+4 28
+1 28
+2 4
fi=(150) ./elf/./dl-sym-post.h
-30 8
+12 12
fe=(7)
+19 20

fn=(136) strsep
239 2
+3 4
+2 2
+1 4
+4 33
+7 84
-2 56
+13 1
+4 4
-22 14
+15 14
-15 30

fn=(490) __rtld_malloc_init_real
76 2
+10 1
fi=(149) ./elf/../sysdeps/generic/dl-hash.h
-41 1
fe=(7)
+31 1
fi=(149)
-32 1
fe=(7)
+32 5
+11 1
-1 1
fi=(149)
-43 1
+5 3
+14 4
-17 3
+3 15
+14 20
-17 15
fe=(7)
+46 2
fi=(149)
-24 1
fe=(7)
+22 1
+2 2
fi=(149)
-19 1
fe=(7)
+19 1
cfn=(494)
calls=1 -30 
* 619
+1 3
-1 1
+1 1
cfn=(494)
calls=1 -31 
* 619
+1 3
-1 1
+1 1
cfn=(494)
calls=1 -32 
* 605
+1 3
-1 1
+1 1
cfn=(494)
calls=1 -33 
* 597
+5 1
+1 1
+1 1
+1 1
+1 7

fn=(12) __rtld_malloc_init_stubs
42 1
+1 2
+1 2
+1 2
+1 2
+1 1

fl=(54) ./elf/./elf/dl-misc.c
fn=(224) _dl_sysdep_read_whole_file
36 2
+3 1
-3 6
+3 1
-3 1
+3 1
cfi=(55) ./io/../sysdeps/unix/sysv/linux/open64_nocancel.c
cfn=(178) __open_nocancel
calls=1 -11 
* 19
+1 2
+23 7
-21 4
cfi=(58)
cfn=(190)
calls=1 -13 
* 15
* 2
+2 2
+3 2
+13 2
cfi=(64) ./io/../sysdeps/unix/sysv/linux/close_nocancel.c
cfn=(204) __GI___close_nocancel
calls=1 -35 
* 6
* 1
-11 6
cfi=(60) ./misc/../sysdeps/unix/sysv/linux/mmap64.c
cfn=(194) mmap
calls=1 -2 
* 9
* 2

fn=(174) _dl_name_match_p
68 234
+1 78
cfi=(32)
cfn=(90)
calls=39 +39 
* 1640
* 78
+3 39
+2 78
+6 39
-6 78
+1 141
cfi=(32)
cfn=(90)
calls=47 +33 
* 2153
* 94
+8 8
-13 8
+13 55
-1 31
+1 93

fl=(1) ???
fn=(0) 0x0000000000020290
0 2
cfi=(2) ./elf/./elf/rtld.c
cfn=(2) _dl_start
calls=1 527 
0 160885
0 14
cfi=(162)
cfn=(540)
calls=1 77 
0 442
0 3
cob=(6)
cfi=(169)
cfn=(584)
calls=1 0 
0 152941282

fl=(12) ./elf/./elf/dl-sort-maps.c
fn=(22) _dl_sort_maps_init
281 2
+1 4
cfi=(10)
cfn=(24)
calls=1 405 
* 20
+2 3
-1 1
+2 2

fn=(246) _dl_sort_maps
290 10
+8 1
-8 1
+8 2
+4 8
-79 2
-37 1
+37 1
-36 4
+1 1
-1 1
+1 1
-1 2
+1 4
-1 4
+1 4
-1 8
+36 15
+8 3
-3 1
+2 1
+1 1
-8 1
+5 1
+3 4
+2 12
+2 5
-90 25
cfn=(248) dfs_traversal.part.0
calls=5 -5 
* 168
+93 10
+18 2
+13 1
+33 1
-26 4
cfi=(29)
cfn=(80) memcpy
calls=1 -64 
* 19
* 1

fn=(248)
140 40
+10 5
-2 5
+2 10
+2 12
+3 12
-3 24
+9 10
+15 15
+1 5
+1 30

fl=(22)
fn=(60)
41 21
+44 21
+1 21
+1 21
+1 21
+1 21
+1 21
+1 21
+2 21
+2 21
+31 20
+1 20
+1 20
+1 20
+1 20
+1 12
+2 12
+4 8
+1 8
+1 8
+1 8
+1 8
+1 8
+1 8
+1 8
+1 8
+1 8
+1 8
+1 8
+5 64
+4 1
+1 14
+1 8

fl=(23) ./elf/../misc/sbrk.c
fn=(62) sbrk
37 5
+3 1
+18 2
+4 2
+16 5

fl=(152)
fn=(500)
74 30
+2 3
-2 3
+4 3
-4 3
+2 3
+2 9
+37 3
-37 9
+1 6
+2 12
+3 25
-52 3
+54 6
-54 3
+54 3
-54 9
+1 9
+2 6
+1 6
+12 12
+3 3
+2 3
-2 3
+2 9
cfi=(32)
cfn=(90)
calls=3 +55 
* 207
* 6
+4 6
+1 3
-1 3
+1 18
+1 9
cfi=(32)
cfn=(90)
calls=3 +49 
* 75
* 6
+57 27
-23 6

fl=(27)
fn=(144) __minimal_free
95 4
+2 16

fn=(76)
35 145
+1 29
+11 29
-11 58
+11 58
+3 29
-3 29
+3 166
+18 29
+1 29
+2 116
-16 8
+1 4
+2 2
+1 14
cfi=(60)
cfn=(194)
calls=2 -12 
* 18
* 2
+2 4
+2 4
+2 2
+4 2
-4 4
-23 1
-1 1
+1 1
+1 2
-2 2

fn=(72) __minimal_calloc
78 10
+4 10
-4 40
+7 10
+1 30
fi=(28)
-30 10
cfi=(27)
cfn=(76)
calls=10 -21 
* 285
fe=(27)

fl=(43)
fn=(124)
22 1
+5 1
+1 1
+1 1
+1 1
+1 1
+1 1
+1 1
+1 1
+3 1
+1 1
+1 1
+1 1
+1 1
+1 1
+1 1
+1 1
+1 1
+2 1
+1 1
+17 1
+1 1
+17 1
+1 1
+1 1
+1 1
+1 1
+4 1
+47 1
+1 1
+1 1
+1 1
+1 1
+1 1
+1 1
+1 1
+1 1
+1 1
+1 1
+1 1
+1 1

fl=(53) ./setjmp/../sysdeps/x86_64/setjmp.S
fn=(168) __sigsetjmp
30 6
+2 6
+9 6
+1 12
+1 6
+4 6
+1 6
+1 6
+1 6
+1 6
+2 12
+2 6
+1 6
+1 6
+2 12
+2 6
+8 6
+3 6
+1 6
+7 6
+1 6

fl=(15) ./elf/../sysdeps/x86/dl-get-cpu-features.c
fn=(32) _dl_x86_init_cpu_features
37 1
+2 3
+2 1
cfi=(16)
cfn=(34)
calls=1 399 
* 7219

fn=(502) __x86_cpu_features
71 1
-32 3
+32 2

fl=(45) ./string/./string/strdup.c
fn=(140) strdup
40 20
+1 4
cfi=(22)
cfn=(60)
calls=4 * 
* 122
* 4
fi=(215) ./string/../include/rtld-malloc.h
+15 8
cfi=(27)
cfn=(76)
calls=4 -21 
* 100
fe=(45)
-12 8
+4 4
-1 12
+1 8
-1 4
cfi=(29)
cfn=(80)
calls=4 212 
* 52

fl=(26) ./elf/./elf/dl-object.c
fn=(82) _dl_add_to_namespace_list
31 8
+2 4
-2 8
+2 4
-2 8
+2 4
cfi=(24)
cfn=(84)
calls=4 +9 
* 12
+2 31
+3 36
+2 3
+2 3
+4 3
+4 3
-4 6
+1 3
+4 3
-4 3
+1 3
+3 3
-3 3
+3 3
-1 3
cfi=(24)
cfn=(84)
calls=3 -8 
* 9
-4 1
+4 1
-4 2
+1 1
+4 1
-4 1
+1 1
+3 1
-3 1
+3 1
-1 1
cfi=(24)
cfn=(84)
calls=1 -8 
* 3
-5 2

fn=(70) _dl_new_object
59 56
+3 8
+18 3
+3 3
-3 3
+3 3
cfi=(22)
cfn=(60)
calls=3 -42 
* 69
+4 6
-4 6
+9 6
fi=(28)
-48 9
cfi=(27)
cfn=(72)
calls=3 +34 
* 136
fe=(26)
+48 1
fi=(28)
-48 3
cfi=(27)
cfn=(72)
calls=1 +34 
* 43
* 4
fe=(26)
+51 8
+5 4
-2 4
+6 4
-4 4
+4 4
-5 4
+4 4
+1 4
-1 4
+1 8
cfi=(29)
cfn=(80)
calls=4 212 
* 55
* 8
+2 4
+13 8
+6 1
+2 7
+3 2
-3 21
+3 6
+9 4
-7 4
+4 4
+3 17
+2 1
-2 3
+2 15
-2 45
+16 8
-5 4
+5 4
-6 4
+6 4
-6 4
+6 8
+2 6
+3 6
-3 6
+7 12
+4 6
+8 2
+3 2
+10 3
-10 6
+10 9
+2 3
+21 3
-21 3
cfi=(22)
cfn=(60)
calls=3 41 
* 105
* 9
+17 3
-13 9
+50 9
cfi=(29)
cfn=(128)
calls=3 -46 
* 47
* 3
+5 6
+1 6
-1 100
+1 100
+2 6
+3 3
+3 3
+4 36
131 11
-12 6
+34 1
+7 4
+8 12
fi=(28)
56 6
cfi=(27)
cfn=(76)
calls=3 -21 
* 75
* 3
fe=(26)
200 12
64 2
+2 3
+1 2
+10 5
-6 2

fl=(10)
fn=(18) __GI___tunables_init
282 9
-9 7
71 98
+6 31
-3 31
+3 2237
-3 31
-3 62
357 8
81 62
+5 93
fi=(11) ./elf/./elf/dl-tunables.h
+54 31
fe=(10)
-54 31
fi=(11)
+54 31
+1 82
-1 70
+1 20
-1 31
+1 62
fe=(10)
323 124
-18 4340
+6 6820
fi=(11)
140 279
+1 558
-1 19
+1 76
-1 95
fe=(10)

fn=(54)
157 15
-55 5
+55 5
-55 5
+55 5
-55 35
+9 5
+1 5
fi=(216) ./elf/./dl-tunable-types.h
-22 10
fe=(10)
+22 20
+1 40
fi=(11)
+8 10
+1 5
fe=(10)
-6 15
fi=(11)
+15 5
fe=(10)
-12 10
+4 10
+7 10
+1 10
+3 30
+1 5
+1 5
+1 5
+24 5
fi=(11)
-30 15
fe=(10)

fn=(24)
405 34
+3 238
+9 34
-9 130
+9 10
+17 170
+2 34
-9 24
+1 24

fl=(60)
fn=(194)
47 32
+3 32
+8 64
+2 16

fl=(2)
fn=(156) handle_preload_list
894 10
+5 1
-5 2
+5 2
+6 1
-64 1
+54 3
+7 3
cfi=(50) ./string/../sysdeps/x86_64/strcspn.S
cfn=(158) strcspn
calls=1 25 
* 233
* 1
+1 3
+9 1
191 1
914 2
191 2
916 2
-80 1
+5 5
-10 1
+8 1
-4 1
+1 1
+1 1
+4 1
cob=(2)
cfi=(51)
cfn=(160)
calls=1 0 
* 2784
+1 3
+8 3
+67 1
-18 2
+21 9
-15 4
cfi=(29)
cfn=(80)
calls=1 212 
* 19
+1 2

fn=(170) map_doit
663 2
+2 1
-2 1
+2 1
+1 2
-1 2
+1 3
cfi=(31) ./elf/./elf/dl-load.c
cfn=(172) _dl_map_object
calls=1 2022 
* 2683
* 1
+2 2

fn=(64) dl_main
1320 2
205 1
311 1
1320 2
2818 1
1320 3
2829 1
1320 2
2698 1
1320 2
311 1
1320 3
207 1
310 1
205 1
+99 3
1332 1
cfi=(24)
cfn=(66)
calls=1 53 
* 17
2677 3
+6 5
-4 1
+4 1
+2 3
cfi=(25) ./elf/./elf/dl-environ.c
cfn=(68) _dl_next_ld_env_entry
calls=1 28 
* 35
* 4
cfi=(25)
cfn=(68)
calls=2 28 
* 186
* 9
+4 6
-2 2
+2 6
+1 2
-1 6
+1 17
-1 89
+9 12
2845 4
+32 2
1348 1
+1 2
-1 2
+1 2
2774 3
+1 3
-56 2
+7 2
1627 9
cfi=(26)
cfn=(70)
calls=1 59 
* 230
* 1
+2 2
+1 1
+6 2
-6 1
+1 2
+1 3
+4 1
cfi=(26)
cfn=(82)
calls=1 31 
* 36
+1 2
1140 1
1326 1
1169 1
-29 1
+11 1
+18 2
-21 1
+21 1
-19 1
-4 1
+23 1
-21 1
+21 2
+57 1
-83 1
+23 1
+4 1
+19 1
+22 1
+15 5
-56 116
1275 4
+2 1
1169 18
fi=(30) ./elf/../sysdeps/x86/dl-prop.h
105 2
fe=(2)
1282 22
+6 4
cfi=(31)
cfn=(88) _dl_process_pt_gnu_property
calls=1 868 
* 20
-7 26
+1 13
+6 13
-6 26
fi=(30)
212 4
+1 2
95 8
+10 2
212 1
105 1
-2 1
-3 1
+2 1
+3 1
-4 2
+92 4
-1 1
-87 3
+3 3
+1 2
+1 2
+4 3
+4 3
+3 3
+1 2
+4 1
+1 4
+58 3
+2 4
-56 4
+1 2
+3 4
+3 2
+1 8
+5 4
+2 4
+5 4
+14 2
-1 4
+2 2
fe=(2)
1174 1
-5 1
+5 2
-5 2
+30 1
-9 1
+27 1
-27 1
+2 1
-3 1
+10 2
-20 2
-10 1
+10 1
+1 9
-11 2
+57 4
-1 4
+1 8
-1 4
+2 8
+1 1
+2 12
+1 14
+4 8
+1 8
+1 4
+1 10
+1 1
+4 1
-74 1
+74 2
-74 2
+74 3
-74 3
+74 6
-74 6
fi=(30)
165 2
fe=(2)
1271 1
1169 1
1271 1
1169 2
1294 1
+3 2
+2 1
-5 2
+3 2
+2 2
+2 2
1662 3
+2 1
-1 1
+1 2
+1 2
-2 1
+2 1
-2 2
cfi=(32)
cfn=(90)
calls=1 108 
* 34
* 2
+7 1
+3 1
-5 1
+3 1
+2 1
+1 2
+4 2
+2 2
fi=(3) ./elf/./get-dynamic-info.h
39 3
+6 1
-2 1
+2 2
+9 1
+5 1
+3 1
+2 1
-3 1
-3 1
-3 17
+13 5
-23 20
+23 22
-23 88
+4 54
+5 24
+2 5
+16 3
+25 3
+5 2
+7 2
+1 3
+22 3
+5 2
+2 2
+2 2
+2 2
+1 1
+3 3
+2 3
+1 2
+9 2
+6 2
+1 2
+3 2
fe=(2)
1688 3
+7 2
cfi=(8) ./elf/./elf/dl-setup_hash.c
cfn=(14) _dl_setup_hash
calls=1 25 
* 29
+3 2
fi=(33) ./elf/./setup-vdso.h
24 2
fi=(35) ./elf/../sysdeps/unix/sysv/linux/dl-vdso-setup.h
+21 1
fe=(2)
1723 1
cfi=(13) ./elf/../sysdeps/unix/sysv/linux/dl-sysdep.c
cfn=(100) _dl_discover_osversion
calls=1 46 
* 109
* 8
fi=(37) ./elf/./dl-main.h
109 5
cfi=(31)
cfn=(106) _dl_init_paths
calls=1 706 
* 2926
fe=(2)
1731 3
cfi=(46) ./elf/./elf/dl-debug.c
cfn=(146) _dl_debug_initialize
calls=1 56 
* 30
+7 1
-7 1
+2 1
+5 1
+4 1
+3 1
-3 3
+1 2
+3 1
+5 1
-7 1
+7 1
+1 3
+12 2
+1 2
+5 1
-3 2
+2 1
+1 2
+5 3
+1 5
-1 2
233 1
-1 1
+1 3
+1 2
-2 1
+2 2
1793 2
+5 1
-1 1
+1 1
+24 1
cfi=(47) ./elf/../elf/dl-tls.c
cfn=(148) _dl_count_modids
calls=1 197 
* 6
* 1
fi=(48) ./elf/../sysdeps/generic/dl-debug.h
29 3
+1 2
fe=(2)
1828 2
+1 1
cfi=(46)
cfn=(152) _dl_debug_state
calls=1 116 
* 2
+1 1
+4 3
cfi=(49)
cfn=(154)
calls=1 28 
* 16
+5 3
+2 1
+2 2
+9 2
+16 4
cfi=(65) ./io/../sysdeps/unix/sysv/linux/access.c
cfn=(208) access
calls=1 25 
* 9
* 2
+76 4
+16 3
85 1
1970 1
85 2
1970 2
85 1
1970 5
cfi=(66) ./elf/./elf/dl-deps.c
cfn=(210) _dl_map_object_deps
calls=1 159 
* 14888
92 1
1976 1
92 2
+9 2
1976 2
+1 5
-1 4
+1 8
-1 16
+4 4
+1 3
+1 1
+2 2
+1 4
-1 13
+1 12
+12 3
+1 2
+2 1
+2 3
+2 1
-4 1
+5 1
-1 2
+14 2
+1 2
+1 3
+11 2
+2 1
-2 1
+2 2
-2 1
+1 2
+1 1
-1 2
+1 1
cfi=(52)
cfn=(250) _dl_receive_error
calls=1 238 
* 7601
+10 2
+1 2
+3 2
862 1
fi=(217) ./elf/../sysdeps/unix/sysv/linux/dl-osinfo.h
64 2
fe=(2)
864 1
+6 1
+3 1
+7 1
-5 1
2052 3
2282 3
1778 2
+6 1
-6 2
+6 1
+2 3
fi=(30)
198 4
+2 1
+1 1
+2 1
-3 3
+3 1
fi=(3)
59 4
+3 4
+2 4
fi=(34) ./elf/../sysdeps/unix/sysv/linux/dl-vdso.h
-24 1
+1 2
fe=(2)
2331 1
1325 1
2342 1
-4 2
+10 1
-6 1
+6 1
+3 2
+8 1
fi=(30)
36 1
fe=(2)
2359 1
fi=(30)
37 3
+3 1
+13 7
-13 4
+9 8
-9 1
+9 25
+4 20
-16 15
+34 3
cfi=(77)
cfn=(270)
calls=1 252 
* 30
fe=(2)
2361 2
+54 3
+3 1
85 4
2422 1
+1 22
+2 10
+5 10
+2 10
+6 5
+2 15
+1 32
cfi=(78) ./elf/./elf/dl-reloc.c
cfn=(272) _dl_relocate_object
calls=4 194 
* 93510
+4 12
+1 2
-23 1
+23 1
cfi=(47)
cfn=(412) _dl_add_to_slotinfo
calls=1 1015 
* 28
-23 6
92 3
+1 1
2454 1
93 1
2454 1
+5 4
+2 1
+7 3
cfi=(47)
cfn=(480) _dl_allocate_tls_init
calls=1 528 
* 146
+3 2
fi=(3)
72 2
+10 3
+1 4
+1 4
+1 4
+2 4
+5 4
+1 4
+1 5
fi=(35)
-64 3
+3 1
+3 1
+3 1
fi=(34)
+16 2
fe=(2)
2434 1
+1 1
-3 2
+49 3
+2 4
+10 1
cfi=(147) ./elf/./elf/dl-find_object.c
cfn=(482) _dl_find_object_init
calls=1 561 
* 713
+5 2
cfi=(7)
cfn=(490)
calls=1 76 
* 2548
+3 1
cfi=(151)
cfn=(498)
calls=1 30 
* 415
85 1
2507 1
+1 3
85 3
2508 2
cfi=(78)
cfn=(272)
calls=1 194 
* 5070
92 3
+9 2
2516 3
cfi=(153) ./elf/./elf/dl-call-libc-early-init.c
cfn=(504) _dl_call_libc_early_init
calls=1 27 
* 1353
+7 1
cfi=(9) ./elf/../elf/dl-sysdep.c
cfn=(530) _dl_sysdep_start_cleanup
calls=1 262 
* 2
+4 3
cfi=(49)
cfn=(532)
calls=1 40 
* 21
+5 2
cfi=(46)
cfn=(186) _dl_debug_update
calls=1 38 
* 7
+1 1
-1 1
+2 1
cfi=(46)
cfn=(152)
calls=1 116 
* 2
+1 1
+4 1
cfi=(68) ./elf/./elf/dl-cache.c
cfn=(534) _dl_unload_cache
calls=1 537 
* 18
+5 8
1741 4
1995 2
+50 2
cfn=(258) init_tls
calls=1 756 
* 789
* 2
2726 4
+2 2
+1 1
+46 2
+2 1
+1 1
-1 1
+1 1
+1 1
85 1
1847 1
85 2
1847 1
85 1
1847 2
cfn=(156)
calls=1 894 
* 3107
* 1
92 3
+9 3
1948 16
+1 1
-1 1
+4 3
+1 1
+1 2
+1 2
-7 2
fi=(30)
170 3
-39 2
fe=(2)

fn=(252) version_check_doit
696 3
+2 4
cfi=(75) ./elf/./elf/dl-version.c
cfn=(254) _dl_check_all_versions
calls=1 361 
* 7573
* 2
+4 2

fn=(2)
527 10
85 1
fi=(6) ./elf/../sysdeps/x86_64/dl-machine.h
-40 1
fe=(2)
557 1
-4 1
85 2
556 1
85 1
fi=(3)
-40 1
fe=(2)
556 1
fi=(3)
45 2
+9 1
+5 1
+3 1
+2 1
+4 1
-7 1
-3 1
-3 14
+13 4
-23 16
+23 14
-23 56
+4 36
+5 20
+2 5
+3 4
fi=(4)
+21 1
fi=(3)
-8 3
+10 4
+1 4
+1 4
+1 4
+2 4
+5 4
+1 4
+1 4
+3 3
+5 2
+7 3
+1 3
+8 2
+1 2
+5 3
+3 3
fe=(2)
573 1
fi=(6)
71 1
fe=(2)
573 42
fi=(6)
414 1
fi=(5) ./elf/./elf/do-rel.h
86 1
fe=(2)
573 2
fi=(5)
49 1
+37 1
-37 1
+37 1
+2 1
-2 1
+2 1
-2 1
+27 2
-27 1
fe=(2)
573 2
fi=(5)
49 1
+37 1
-37 1
+37 1
+2 1
-2 1
+2 1
-2 1
+27 3
+1 2
fi=(6)
534 2
fi=(5)
114 282
fi=(6)
534 282
+1 142
fi=(5)
113 142
fi=(6)
535 284
fi=(5)
113 284
+5 4
+8 7
fi=(6)
326 12
fi=(5)
126 21
+2 7
+2 7
-2 7
fi=(6)
287 7
fi=(5)
130 7
-2 7
+1 14
fi=(6)
287 14
+9 70
+3 14
+27 33
fe=(2)
573 6
fi=(5)
50 1
fi=(4)
+30 2
fi=(6)
326 2
+20 12
+1 6
fe=(2)
575 1
+13 1
cfi=(7)
cfn=(12)
calls=1 42 
* 10
+4 2
85 1
488 2
85 3
488 1
cfi=(8)
cfn=(14)
calls=1 25 
* 29
+2 2
-1 1
+1 2
+17 1
-15 1
-2 1
+17 1
-15 1
+9 1
-11 1
+17 1
cfi=(9)
cfn=(16) _dl_sysdep_start
calls=1 85 
* 158792
* 1
+2 2
+98 9
fi=(3)
62 4
+2 4
fe=(2)
573 3

fn=(258)
756 3
+2 1
+4 1
-4 1
+4 2
+11 1
fi=(28)
44 1
fe=(2)
768 1
+4 1
fi=(28)
44 1
cfi=(27)
cfn=(72)
calls=1 +34 
* 36
fe=(2)
783 1
-12 1
+6 1
-9 1
+11 1
+4 1
+2 3
-1 2
+3 10
+4 1
+2 1
-2 2
-5 1
-1 2
+10 3
+3 2
cfi=(47)
cfn=(260) _dl_tls_static_surplus_init
calls=1 97 
* 79
+3 1
cfi=(47)
cfn=(262) _dl_determine_tlsoffset
calls=1 221 
* 76
+7 1
cfi=(47)
cfn=(264) _dl_allocate_tls_storage
calls=1 422 
* 442
* 1
+1 2
+6 1
+3 2
-3 1
+3 6
+3 1
cfi=(24)
cfn=(266)
calls=1 68 
* 75
+1 1
+3 5
-39 4
-1 9

fl=(25)
fn=(68)
28 3
+1 3
+3 39
+13 29
-13 58
+2 62
+1 18
+5 2
-3 2
+3 2
+2 2
+7 1

fl=(64)
fn=(204)
25 4
+1 16
+1 4

fl=(147)
fn=(482)
561 4
+3 1
+2 2
+13 1
cfn=(486) _dlfo_process_initial
calls=1 474 
* 95
+1 1
-1 1
+1 1
fi=(28)
56 1
cfi=(27)
cfn=(76)
calls=1 -21 
* 25
fe=(147)
580 1
fi=(28)
56 1
fe=(147)
582 2
+3 2
+5 1
+1 1
cfn=(486)
calls=1 474 
* 358
+3 3
+10 4
-37 2
cfi=(148) ./elf/./dl-find_object.h
cfn=(484) _dl_find_object_from_map
calls=1 95 
* 68
* 1
+29 2
cfn=(488) _dlfo_sort_mappings
calls=1 -60 
* 128
+3 6
+2 1

fn=(486)
474 2
+3 2
-3 2
+1 2
+3 4
+26 14
+1 6
+1 10
-1 20
+3 36
+3 32
-7 10
+25 2
+2 8
-18 24
+3 8
-1 8
cfi=(148)
cfn=(484)
calls=4 95 
* 247
+2 16

fn=(488)
536 1
+1 2
+3 4
+4 1
+1 1
-1 1
+1 2
-1 2
+1 2
-1 2
+1 10
+1 36
-1 18
+8 9
+1 6
-1 3
-13 6
+14 9
+1 6
-15 6
+17 1

fl=(19)
fn=(52)
481 1
+17 1
-17 4
+16 1
-16 1
+15 1
-15 3
+18 1
-1 1
+9 2
+3 3
+11 1
-11 1
-5 1
+21 3
+4 2
681 4
+1 5
+4 2
+9 2
-2 1
+2 2
-1 1
+1 3
535 6
+3 8
+7 2
-7 9
+7 6
+3 26
+14 2
+4 1
+3 1
+1 1
-4 2
+3 3
+6 2
-37 6
+15 2
+4 1
+1 1
-1 2
+18 2
-68 6
+74 4
+8 7
+2 2
+4 3
+2 1
+2 5
-4 1
+16 1
-16 3
+21 2
-21 4
+3 1
+1 4
-4 1
+6 4
+3 2
+5 1
+2 2
+1 1
+1 1
-2 2
+1 1
-19 5
+46 2
+1 1
+1 2
+2 2
-1 3
-23 2
+7 1
+2 2
-16 1
+22 1
-6 2
+1 1
+5 1

fn=(46)
255 24
-5 24
+16 12
-16 72
+13 12
+1 36
-3 24
+11 60
+5 24
+2 12
+1 12
-1 12
+5 48
cfn=(48) intel_check_word.constprop.0
calls=12 123 
* 3876
+2 24
+3 60
cfn=(48)
calls=12 123 
* 1156
+2 24
+3 5
cfn=(48)
calls=1 123 
* 20
+2 2
+3 5
cfn=(48)
calls=1 123 
* 255
+2 2
-35 3
+39 3
+5 96

fn=(48)
123 78
-4 78
+10 104
-10 26
+10 52
+2 52
+71 200
-71 102
+2 63
+2 126
+8 126
+51 102
+22 51
fi=(20) ./elf/../bits/stdlib-bsearch.h
28 51
-1 102
+4 102
+1 51
fe=(19)
+78 102
fi=(20)
-79 76
+1 38
fe=(19)
+78 76
+3 345
fi=(20)
-84 820
+2 512
+1 256
fe=(19)
+78 512
+15 15
246 104
fi=(20)
37 63
-8 151
fe=(19)
155 36
+3 36
-6 54
+3 14
+9 14
+23 19
-32 57
+3 57
+4 50
+2 100
+2 50
+2 36
+4 11
+2 22
+6 14
+3 8
+1 12
-8 4
+2 4
-1 4
-1 4
+2 8
-2 4
+3 12
-2 12
+2 8
-10 24
+1 10
+11 12
-26 4
+9 4
+23 2
-32 6
+3 6
+4 8
+2 16
+2 8
-11 3
+7 6
+2 12

fl=(39)
fn=(110)
29 1
fi=(18)
+2 1
fe=(39)
+7 1
fi=(18)
-7 2
-1 2
fe=(39)
+22 1
fi=(18)
-20 3
+4 1
fe=(39)
+2 1
fi=(18)
-2 2
+3 4
+1 4
+5 1
fe=(39)
-7 1
fi=(18)
+7 3
fe=(39)
-2 1
fi=(18)
+5 2
+1 3
+2 4
+1 2
+1 2
+6 1
fe=(39)
-11 1
fi=(18)
+11 1
-3 2
fe=(39)

fl=(59)
fn=(192)
153 28
-55 28
+70 33
+1 5
-2 18
+1 18

fl=(160) ./elf/./elf/dl-runtime.c
fn=(524) _dl_fixup
46 16
+2 10
+1 2
+6 2
fi=(218) ./elf/../sysdeps/x86_64/dl-runtime.h
-27 2
fe=(160)
+21 2
+5 2
+1 2
-6 2
+6 4
+1 2
+2 2
-2 2
+2 2
-2 10
+7 4
+4 4
+4 6
+4 6
+1 8
-7 8
+16 2
-1 2
+1 4
+10 20
cfi=(79)
cfn=(280)
calls=2 840 
* 1451
* 2
+4 10
+10 20
+15 8
+9 6
+26 6
fi=(6)
+70 2
fe=(160)
-66 12

fl=(78)
fn=(272)
194 10
+14 5
-14 45
+16 5
-16 10
+14 5
+2 10
+3 5
-1 5
+1 10
+19 10
+6 25
-34 8
+38 8
+7 16
fi=(6)
71 14
+6 8
+4 6
+14 2
-8 2
+8 4
+20 4
+4 10
-2 4
fe=(78)
288 205
-83 2
fi=(6)
474 8
fe=(78)
205 4
+83 4
fi=(5)
49 2
fe=(78)
288 2
fi=(5)
60 2
-11 4
+11 4
fe=(78)
288 3
-83 3
fi=(6)
474 12
fe=(78)
205 6
+83 6
fi=(5)
49 3
fe=(78)
288 3
fi=(5)
60 3
-11 6
+11 6
fe=(78)
288 10
fi=(5)
49 5
fe=(78)
288 5
fi=(5)
60 5
-11 10
+11 10
-7 2
-1 2
+11 16
fi=(6)
545 48
+4 48
+3 72
+1 24
fi=(5)
63 72
+2 324
+2 171
-4 171
+13 12
+1 16
+1 114
fi=(6)
545 57
+34 114
+2 57
cob=(4)
cfi=(134)
cfn=(476)
calls=1 27 
* 9
cob=(4)
cfi=(146)
cfn=(472)
calls=1 26 
* 9
cob=(4)
cfi=(145)
cfn=(468)
calls=1 27 
* 9
cob=(4)
cfi=(142)
cfn=(464)
calls=1 27 
* 8
cob=(4)
cfi=(144)
cfn=(462)
calls=1 49 
* 6
cob=(4)
cfi=(143)
cfn=(458)
calls=1 26 
* 9
cob=(4)
cfi=(142)
cfn=(454)
calls=1 35 
* 8
cob=(4)
cfi=(141)
cfn=(450)
calls=1 27 
* 9
cob=(4)
cfi=(140)
cfn=(446)
calls=1 27 
* 9
cob=(4)
cfi=(138)
cfn=(442)
calls=1 27 
* 8
cob=(4)
cfi=(137)
cfn=(438)
calls=1 30 
* 9
cob=(4)
cfi=(136)
cfn=(434)
calls=1 26 
* 9
cob=(4)
cfi=(135)
cfn=(430)
calls=1 27 
* 9
cob=(4)
cfi=(134)
cfn=(426)
calls=1 34 
* 9
cob=(4)
cfi=(133)
cfn=(422)
calls=1 27 
* 9
cob=(4)
cfi=(131)
cfn=(418)
calls=1 27 
* 9
cob=(4)
cfi=(129)
cfn=(414)
calls=1 26 
* 9
cob=(3)
cfi=(128)
cfn=(408)
calls=1 31 
* 23
cob=(3)
cfi=(127)
cfn=(406)
calls=1 31 
* 7
cob=(3)
cfi=(126)
cfn=(402)
calls=1 33 
* 22
cob=(3)
cfi=(125)
cfn=(400)
calls=1 29 
* 7
cob=(3)
cfi=(123)
cfn=(396)
calls=1 29 
* 23
cob=(3)
cfi=(122)
cfn=(392)
calls=1 33 
* 17
cob=(3)
cfi=(120)
cfn=(388)
calls=1 29 
* 22
cob=(3)
cfi=(119)
cfn=(384)
calls=1 29 
* 17
cob=(3)
cfi=(118)
cfn=(380)
calls=1 29 
* 21
cob=(3)
cfi=(117)
cfn=(378)
calls=1 31 
* 7
cob=(3)
cfi=(116)
cfn=(374)
calls=1 29 
* 17
cob=(3)
cfi=(115)
cfn=(370)
calls=1 31 
* 21
cob=(3)
cfi=(114)
cfn=(366)
calls=1 29 
* 21
cob=(3)
cfi=(112)
cfn=(362)
calls=2 31 
* 38
cob=(3)
cfi=(110)
cfn=(358)
calls=1 29 
* 22
cob=(3)
cfi=(109)
cfn=(356)
calls=1 31 
* 7
cob=(3)
cfi=(108)
cfn=(352)
calls=1 29 
* 17
cob=(3)
cfi=(107)
cfn=(350)
calls=1 43 
* 7
cob=(3)
cfi=(106)
cfn=(348)
calls=1 29 
* 7
cob=(3)
cfi=(105)
cfn=(346)
calls=1 31 
* 7
cob=(3)
cfi=(104)
cfn=(344)
calls=1 66 
* 17
cob=(3)
cfi=(102)
cfn=(340)
calls=2 31 
* 46
cob=(3)
cfi=(100)
cfn=(336)
calls=1 31 
* 17
cob=(3)
cfi=(99)
cfn=(332)
calls=1 30 
* 21
cob=(3)
cfi=(98)
cfn=(328)
calls=2 29 
* 44
cob=(3)
cfi=(97)
cfn=(324)
calls=1 28 
* 21
cob=(3)
cfi=(96)
cfn=(322)
calls=1 61 
* 19
cob=(3)
cfi=(94)
cfn=(318)
calls=2 31 
* 42
cob=(3)
cfi=(92)
cfn=(314)
calls=1 29 
* 22
cob=(3)
cfi=(91)
cfn=(310)
calls=1 29 
* 19
cob=(3)
cfi=(89)
cfn=(306)
calls=1 29 
* 24
cob=(3)
cfi=(87)
cfn=(302)
calls=1 29 
* 19
cob=(3)
cfi=(86)
cfn=(300)
calls=1 65 
* 17
cob=(3)
cfi=(85)
cfn=(298)
calls=1 29 
* 7
cob=(3)
cfi=(83)
cfn=(294)
calls=2 31 
* 42
-36 57
+37 57
fi=(5)
77 173
fe=(78)
288 40
+3 30
+24 5
+3 10
+17 15
+2 40
-98 10
+3 2
+7 4
-9 2
fi=(5)
86 16
+2 16
+12 8
-14 32
+14 16
+10 12
+3 16
+1 4
fi=(6)
529 4
fi=(5)
114 4
fi=(6)
529 8
fi=(5)
114 1200
fi=(6)
529 1200
fi=(5)
114 1200
fi=(6)
529 2400
+5 2408
+1 1204
fi=(5)
113 1204
fi=(6)
535 1204
-5 1204
fi=(5)
113 2408
+7 32
+4 24
+2 12
-73 4
fi=(6)
484 4
fi=(5)
52 4
fi=(6)
484 8
fi=(5)
128 8
+1 4
+1 4
-2 4
+2 4
+3 4
-5 4
+2 4
-2 4
+1 8
+2 4
-2 4
+2 12
+2 8
-5 240
+1 120
+1 120
-2 120
+2 120
+3 120
-5 120
+2 120
-2 120
+1 240
+2 120
-2 120
+2 360
+2 240
+9 122
fi=(6)
262 244
+21 244
+4 244
+7 488
fi=(4)
138 318
fi=(6)
294 4091
cfi=(79)
cfn=(280)
calls=103 840 
* 62609
* 927
+2 318
+30 730
450 309
fi=(5)
145 345
-19 372
+32 20
+1 6
fi=(6)
294 2
+22 2
-22 4
fi=(5)
160 6
+3 2
+4 2
-4 2
+4 4
-2 2
-2 2
+2 2
+1 2
-1 4
fi=(6)
294 8
508 2
-1 4
+1 4
+1 2
cfi=(15)
cfn=(502)
calls=1 71 
* 6
cob=(3)
cfi=(81)
cfn=(290)
calls=1 86 
* 28
+1 2
fi=(5)
159 2
fi=(6)
510 2
fi=(5)
159 8
-14 3
+1 54
fi=(6)
490 3
+5 2
-1 3
+1 2
-1 1
cfi=(29)
cfn=(80)
calls=1 212 
* 11
+2 4
+1 1
-75 54
+4 72
+5 18
+9 18
-9 36
+9 18
fi=(5)
145 68
fi=(6)
296 164
+3 116
-3 116
+3 232
+2 5
+3 2
+1 3
+11 2
+7 1
cob=(3)
cfi=(86)
cfn=(300)
calls=1 65 
* 17
* 3
+3 2
fi=(5)
135 10
+3 2
fi=(6)
296 100
+3 100
-3 216
+3 4
fi=(5)
50 10
fe=(78)
308 14
fi=(6)
-14 29
fe=(78)
+49 25
+3 5
-3 5
+3 5
+4 10
+1 20
cfi=(72)
cfn=(236)
calls=5 117 
* 30
* 10
-63 6
fi=(5)
53 2
175 7
+2 2
+1 2
-1 1
+3 1
-3 4
+3 2
-3 10
+1 10
-1 5
+3 5
-3 20
+3 10
+8 6
fi=(6)
+74 12
+21 12
+4 12
+7 24
fi=(4)
138 18
fi=(6)
294 204
cfi=(79)
cfn=(280)
calls=6 840 
* 3515
* 54
+2 18
+30 36
450 12
fi=(5)
191 18
-16 18
+30 4
fi=(6)
+91 2
+3 2
-3 2
+3 4
-3 2
+3 2
-3 4
fe=(78)

fl=(50)
fn=(158)
25 1
+2 1
+7 1
+1 1
+2 1
+1 1
+1 1
+1 1
+1 33
+3 3
+7 1
+1 1
+1 1
+1 1
+2 1
+1 1
+1 1
+1 1
+2 1
+1 1
+1 1
+9 3
+12 1
+2 1
+1 1
+1 1
-4 12
+2 12
+1 12
+1 12
+2 13
+1 13
+1 13
+2 13
+1 13
+1 13
+2 13
+1 13
+1 13
+2 1
+1 1
+1 1
+2 1
+7 1
+4 1

fl=(36) ./posix/../sysdeps/unix/syscall-template.S
fn=(102) uname
120 5
+2 1

fl=(46)
fn=(152)
116 2
+1 2

fn=(146)
56 1
+3 2
+4 1
-6 1
+4 1
+2 2
+22 2
+5 2
+1 1
+1 1
-1 1
-1 1
+5 2
+4 2
+8 2
-43 2
+32 6

fn=(186)
38 4
+3 4
-1 8
+4 8
+4 4

fl=(66)
fn=(214) openaux
61 15
+7 5
-4 10
+1 5
-1 40
cfi=(31)
cfn=(172)
calls=5 2022 
* 12251
* 5
+5 10

fn=(210)
159 5
+1 3
-1 1
+1 1
-1 2
+1 1
-1 3
+1 1
-1 4
+1 12
-8 1
-7 1
+15 1
-14 1
+6 1
+8 1
-15 1
+7 1
-8 1
+1 1
+7 1
-7 1
+31 3
-28 3
-2 1
+31 1
-33 2
+2 2
+30 2
-30 1
-1 4
+7 4
+24 2
-32 1
+60 1
-60 2
+36 1
fi=(74) ./elf/../include/scratch_buffer.h
77 3
fe=(66)
198 1
fi=(74)
78 1
fe=(66)
200 2
+98 1
198 1
+4 1
+7 1
+4 4
-4 4
+4 16
+11 14
-18 2
+18 4
433 15
+2 3
+3 3
-3 6
+3 3
fi=(28)
56 3
cfi=(27)
cfn=(76)
calls=3 -21 
* 75
* 3
fe=(66)
439 6
+6 3
+1 15
cfi=(29)
cfn=(80)
calls=3 212 
* 33
+1 15
cfi=(29)
cfn=(80)
calls=3 212 
* 33
+4 3
-1 3
+5 20
204 12
458 12
-1 5
+1 10
199 3
+27 15
+5 3
+6 3
-5 3
-1 3
+2 6
+4 12
-31 3
+31 3
+1 9
+6 12
cfi=(31)
cfn=(212) _dl_dst_count
calls=3 -6 
* 150
* 8
cfi=(31)
cfn=(212)
calls=2 -6 
* 108
* 15
+4 10
-2 5
+2 10
cob=(2)
cfi=(51)
cfn=(164)
calls=5 0 
* 12646
+1 10
+9 5
+2 10
+5 15
+6 3
+2 3
-8 6
+3 3
+1 3
+1 3
+1 3
+4 15
+4 15
+1 9
-43 320
+1 154
+44 225
-38 10
fi=(74)
85 3
fe=(66)
464 6
+1 1
+3 4
+11 3
fi=(28)
56 1
cfi=(27)
cfn=(76)
calls=1 -21 
* 25
* 1
fe=(66)
481 2
+5 3
+1 1
-1 2
+4 2
-2 1
+2 1
-2 2
+13 4
+5 4
-16 12
-2 4
+6 4
+7 4
-2 8
-5 1
+7 1
-2 2
+2 2
+5 1
-16 6
+19 2
+52 3
+37 3
+15 1
-11 1
+11 1
-14 2
+20 1
-1 3
+1 3
-1 5
cfi=(12)
cfn=(246)
calls=1 290 
* 330
+5 1
+3 1
-1 1
+2 2
+7 3
+3 3
+3 8
214 32
+3 3
fi=(74)
-86 9
cfi=(73) ./malloc/./malloc/scratch_buffer_set_array_size.c
cfn=(240) __libc_scratch_buffer_set_array_size
calls=3 30 
* 60
fe=(66)
+86 6
+4 9
613 2
cfi=(29)
cfn=(80)
calls=1 212 
* 19
* 1
-53 2
160 2
380 8

fl=(8)
fn=(14)
25 5
+3 5
-3 5
+3 10
+3 15
+1 10
+2 5
-1 5
+3 15
+1 5
+4 5
-3 5
+7 5
-4 5
-3 5
+2 10
+5 5
-5 5
-2 5
+7 5
-5 5
+10 5

fl=(148)
fn=(484)
95 10
+1 10
+1 5
+6 25
+1 145
+1 100
+2 15
+5 5

fl=(32)
fn=(90)
108 260
+33 260
+1 260
+2 260
+1 260
+21 260
+1 260
+1 227
+1 227
+1 157
+1 157
+1 157
+1 157
+21 157
+1 157
+1 157
+1 157
+1 157
+1 157
+1 157
+5 5
+1 15
+9 5
+1 5
+1 5
+1 5
+1 5
+1 5
+1 5
+1 5
-7 103
+1 103
+1 103
+1 103
+1 103
+1 103
+1 103
+1 103
+1 101
+1 56
+1 56
+1 56
+2 56
+1 56
+1 56
+1 56
+1 56
+1 56
-5 45
+1 45
+1 45
+1 45
+1 45
+1 45
+10 7
+1 7
+1 7
+2 7
+6 7
+1 7
+1 7
+1 7
+1 7
+5 7
+2 4
+1 4
+1 8
+8 4
+1 4
+3 4
+1 4
+1 4
+1 4
+1 4
+1 4
444 7
+1 7
+1 7
+1 7
+1 7
+2 7
+1 7
+1 7
+1 7
+1 7
+1 7
+1 7
+1 2
+3 2
+1 2
+1 2
+6 2
+1 2
+1 4
+4 2
+1 2
+3 2
+1 2
+1 2
+3 2
+1 2
+1 2
+6 2
+1 2
+1 2
+1 2
+1 2
+1 2
818 1
+1 1
+1 1
+1 1
+1 1
+2 1
+1 1
+1 1
+1 1
+1 1
+1 1
+1 1
+1 1
+4 1
+1 1
+1 1
+6 1
+1 1
+1 2
+4 1
+1 1
+3 1
+1 1
+1 1
+3 1
+1 1
+1 1
+6 1
+1 1
+1 1
+1 1
+1 1
+1 1
+72 4
+1 4
+1 4
+1 4
+1 4
+2 4
+1 4
+1 4
+1 4
+1 4
+1 4
+1 4
+1 4
+4 4
+1 4
+1 4
+6 4
+1 4
+1 8
+4 4
+1 4
+3 4
+1 4
+1 4
+3 4
+1 4
+1 4
+6 4
+1 4
+1 4
+1 4
+1 4
+1 4
+72 8
+1 8
+1 8
+1 8
+1 8
+2 8
+1 8
+1 8
+1 8
+1 8
+1 8
+1 8
+1 3
+4 3
+1 3
+1 3
+6 3
+1 3
+1 6
+4 3
+1 3
+3 3
+1 3
+1 3
+3 3
+1 3
+1 3
+6 3
+1 3
+1 3
+1 3
+1 3
+1 3
+7 1
+1 1
+2 1
+1 1
+2 1
+1 1
+1 1
+3 1
+1 1
+1 1
+6 1
+1 1
+1 1
+1 1
+1 1
+1 1
+41 5
+1 5
+1 5
+1 5
+1 5
+2 5
+1 5
+1 5
+1 5
+1 5
+1 5
+1 5
+1 3
+4 3
+1 3
+1 3
+6 3
+1 3
+1 6
+4 3
+1 3
+3 3
+1 3
+1 3
+3 3
+1 3
+1 3
+6 3
+1 3
+1 3
+1 3
+1 3
+1 3
+72 17
+1 17
+1 17
+1 17
+1 17
+2 17
+1 17
+1 17
+1 17
+1 17
+1 17
+1 17
+1 6
+4 6
+1 6
+1 6
+6 6
+1 6
+1 12
+4 6
+1 6
+3 6
+1 6
+1 6
+3 6
+1 6
+1 6
+6 6
+1 6
+1 6
+1 6
+1 6
+1 6
+72 13
+1 13
+1 13
+1 13
+1 13
+2 13
+1 13
+1 13
+1 13
+1 13
+1 13
+1 13
+1 3
+4 3
+1 3
+1 3
+6 3
+1 3
+1 6
+4 3
+1 3
+3 3
+1 3
+1 3
+3 3
+1 3
+1 3
+6 3
+1 3
+1 3
+1 3
+1 3
+1 3
1693 18
+1 18
+1 18
+1 18
+1 18
+2 18
+1 18
+1 18
+1 18
+1 18
+1 18
+1 18
+1 3
+4 3
+1 3
+1 3
+6 3
+1 3
+1 6
+4 3
+1 3
+3 3
+1 3
+1 3
+3 3
+1 3
+1 3
+6 3
+1 3
+1 3
+1 3
+1 3
+1 3
+72 3
+1 3
+1 3
+1 3
+1 3
+2 3
+1 3
+1 3
+1 3
+1 3
+1 3
+1 3
+1 2
+4 2
+1 2
+1 2
+6 2
+1 2
+1 4
+4 2
+1 2
+3 2
+1 2
+1 2
+3 2
+1 2
+1 2
+6 2
+1 2
+1 2
+1 2
+1 2
+1 2
+72 2
+1 2
+1 2
+1 2
+1 2
+2 2
+1 2
+1 2
+1 2
+1 2
+1 2
+1 2
+1 2
+4 2
+1 2
+1 2
+6 2
+1 2
+1 4
+4 2
+1 2
+3 2
+1 2
+1 2
+3 2
+1 2
+1 2
+6 2
+1 2
+1 2
+1 2
+1 2
+1 2
+72 23
+1 23
+1 23
+1 23
+1 23
+2 23
+1 23
+1 23
+1 23
+1 23
+1 23
+1 23
+2 6
+4 6
+1 6
+1 6
+6 6
+1 6
+2 12
+4 6
+1 6
+3 6
+1 6
+1 6
+3 6
+1 6
+1 6
+6 6
+1 6
+1 6
+1 6
+1 6
+1 6
+74 39
+2 39
+1 39
+1 39
+1 39
-3 69
+1 69
+1 69
+1 69
+1 112
+5 56
+6 56
+1 56
+8 56
+1 56
-16 204
+6 204
+1 204
+8 204
+1 204

fl=(73)
fn=(240)
30 30
+4 3
+1 6
+11 3
-1 6
+18 12

fl=(153)
fn=(504)
27 1
+2 2
-2 1
+6 3
-6 1
+6 3
-6 1
+6 1
cfi=(152)
cfn=(500)
calls=1 +41 
* 177
+4 2
+2 4
+2 1
-1 1
+1 2
-1 1
cob=(3)
cfi=(154)
cfn=(506)
calls=1 -7 
* 1152

fl=(159)
fn=(522)
67 2
+5 2
+3 2
+2 2
+10 2
+6 2
+1 2
+1 2
+1 2
+1 2
+1 2
+1 2
+4 2
+1 2
+3 2
+1 2
+2 2
+1 2
+1 2
+1 2
+1 2
+1 2
+2 2
+7 2
+1 2
+1 2
cfi=(160)
cfn=(524)
calls=2 -80 
* 1643
+1 2
+5 2
+1 2
+1 2
+2 2
+1 2
+1 2
+1 2
+1 2
+1 2
+1 2
+2 2
+2 2
+4 2
+2 2

fl=(44) ./string/../sysdeps/x86_64/multiarch/memset-vec-unaligned-erms.S
fn=(132) memset
125 8
+1 40
+6 8
+1 8
+1 7
+1 7
+2 1
+1 1
+1 1
+65 4
+1 4
+2 4
+76 6
+1 6
+5 6
+3 6
+1 6
+3 2
+1 2
+13 2
+1 2
+2 2
+3 1
+3 2
+3 1
+1 1
+1 1
+1 1
+1 1
+1 1
+1 1
-6 27
+1 27
+1 27
+1 27
+1 27
+1 27
+1 27
+3 2
+1 2
+1 2
+1 2
+5 2
+29 1
+1 1
+1 1
+32 1
+1 1
+1 1

fl=(47)
fn=(148)
197 1
+2 2
+1 1
+15 2

fn=(264)
422 2
+13 1
-13 2
+2 1
+12 1
fi=(28)
56 1
cfi=(27)
cfn=(76)
calls=1 -21 
* 53
fe=(47)
437 3
+8 2
fi=(28)
44 1
fe=(47)
445 2
+1 1
+4 321
+19 1
-99 1
+4 1
+1 1
fi=(28)
44 1
cfi=(27)
cfn=(72)
calls=1 +34 
* 36
fe=(47)
376 2
+3 1
+6 2
+90 5

fn=(412)
1015 8
+6 1
+3 1
+1 1
+4 3
+34 2
+3 3
+1 3
+3 6

fn=(480)
528 10
+1 2
+4 1
+6 1
-6 1
+6 1
cfi=(24)
cfn=(84)
calls=1 42 
* 3
+3 3
+12 1
-18 1
-1 1
+43 3
-19 13
+9 3
+1 2
+6 3
+1 1
+2 2
-2 1
+6 1
-4 2
+4 1
-4 2
+3 2
+4 2
+1 4
+2 2
+1 2
+17 1
-8 1
+8 1
+2 3
cfi=(29)
cfn=(128)
calls=1 199 
* 13
* 5
cfi=(44)
cfn=(132)
calls=1 125 
* 25
-49 1
+55 1
-55 4
+6 4
+55 2
cfi=(24)
cfn=(84)
calls=1 42 
* 3
+3 2
+3 9

fn=(262)
221 8
+6 3
+3 2
+36 3
+2 1
-2 1
-2 1
-40 1
-1 1
-1 1
+46 2
+23 3
+3 1
-3 4
+2 2
-2 1
-25 1
+20 1
-20 5
+2 2
+3 1
-1 1
+5 2
-5 1
+1 1
-1 1
+3 2
+2 3
+32 3
-1 1
+1 4
+2 2
-2 2
+53 8

fn=(260)
97 2
+4 1
-4 2
+4 1
-4 2
+4 3
cfi=(10)
cfn=(24)
calls=1 405 
* 21
* 1
+1 4
cfi=(10)
cfn=(24)
calls=1 405 
* 21
* 1
+8 1
-8 1
+6 2
+2 3
+3 1
+2 1
-32 3
+34 3
+1 5

fn=(238) _dl_assign_tls_modid
131 2
+3 1
+13 1
-13 1
+52 1
+2 1
+3 1
+1 2

fl=(31)
fn=(138) expand_dynamic_string_token
385 14
241 2
385 2
241 2
385 2
241 2
cfi=(42) ./string/../sysdeps/x86_64/multiarch/../strchr.S
cfn=(118) index
calls=2 23 
* 72
+3 4
410 2
-11 2
+11 12
-11 2
cfi=(45)
cfn=(140)
calls=2 40 
* 168

fn=(134) fillin_rpath.isra.0
468 7
+4 1
-4 8
+6 3
cfi=(7)
cfn=(136)
calls=1 239 
* 240
* 3
cfi=(7)
cfn=(136)
calls=1 239 
* 8
* 6
+7 2
+2 3
cfn=(138)
calls=1 -98 
* 118
* 1
+4 2
+5 2
cfi=(22)
cfn=(60)
calls=1 41 
* 17
* 1
+1 2
+7 5
+9 15
+1 8
+55 2
fi=(28)
50 2
cfi=(27)
cfn=(144)
calls=1 +45 
* 5
+1 1
fe=(31)
528 2
+4 3
fi=(28)
56 1
cfi=(27)
cfn=(76)
calls=1 -21 
* 25
* 1
fe=(31)
534 2
+5 1
+1 2
-1 1
-1 1
+2 1
cfi=(29)
cfn=(128)
calls=1 199 
* 13
+3 1
-3 1
+1 1
+2 1
+6 1
+1 1
-1 3
+1 11
+1 1
-1 1
+1 2
-1 2
+1 1
-1 1
+1 2
-1 6
+1 1
-1 1
+1 1
-1 3
+1 1
-1 2
+3 1
+1 1
-1 1
+1 2
+1 1
+6 2
+1 2
-57 4
+66 1
+3 8
-46 4

fn=(88)
868 4
+8 4
-8 4
+8 4
-6 4
+12 8
-13 4
+13 4
-13 4
+13 8
+3 12
+1 8
+1 8
+43 4

fn=(176) open_verify.constprop.1
1568 11
+39 3
+19 4
cfi=(55)
cfn=(178)
calls=1 28 
* 19
* 1
+2 2
+11 1
+6 2
-5 1
+5 8
cfi=(56)
cfn=(180)
calls=1 25 
* 6
+2 2
+2 2
+2 2
+6 2
+17 11
fi=(28)
50 2
cfi=(27)
cfn=(144)
calls=1 +45 
* 5
fe=(31)
1856 9
1674 3
+74 2
+5 2
+2 4
+6 2
+6 1
+1 1
-1 3
+1 1
-1 1
+1 2
+1 2
+20 3
+31 1
-31 1
1633 1
1820 2
-31 66
+1 28
+1 8
+4 8
+25 12
+3 18
+3 2
-4 2
+4 4
+6 4
-36 6

fn=(184) _dl_map_object_from_fd
944 30
+10 3
-10 12
+10 3
cfi=(46)
cfn=(186)
calls=3 38 
* 21
* 3
+7 12
+85 12
+10 6
+7 21
cfi=(26)
cfn=(70)
calls=3 59 
* 1078
* 3
+1 6
+11 6
+5 3
-5 3
+1 6
+1 3
+2 3
-2 3
+2 6
+1 9
+1 4
+19 4
-2 2
+2 22
-2 1
+2 40
+10 12
+85 3
-58 3
-34 3
-1 3
+93 3
+6 3
-64 6
+9 3
+55 6
-55 3
-42 3
+97 6
1101 3
-5 6
+15 86
+20 2
+1 1
-22 99
+1 185
1213 6
1110 3
1213 6
1110 9
1218 9
+10 6
+1 3
-1 3
+1 3
-1 9
+1 9
-1 9
+1 9
-1 27
1076 6
1235 6
+10 12
+7 6
fi=(61) ./elf/./dl-map-segments.h
96 3
fe=(31)
1252 9
fi=(61)
28 3
fe=(31)
1252 3
fi=(61)
96 3
fe=(31)
1252 3
fi=(61)
28 6
+1 24
cfi=(60)
cfn=(194)
calls=3 +18 
* 27
+74 6
-1 3
-73 3
+74 3
+3 6
+1 3
+2 3
-3 3
+1 3
+2 3
+7 8
+3 4
cfi=(72)
cfn=(236)
calls=1 -2 
* 6
* 3
+7 3
+2 3
fi=(62) ./elf/./dl-load.h
-37 24
+1 9
+2 24
fi=(61)
+56 48
+8 3
-2 3
+1 3
+2 3
-1 3
+1 3
-1 9
+8 6
+3 6
+8 21
cfi=(44)
cfn=(132)
calls=3 -52 
* 251
+1 6
+5 6
+12 12
-59 60
+2 18
+3 9
-3 18
+2 72
cfi=(60)
cfn=(194)
calls=9 -93 
* 81
* 27
fi=(57) ./elf/../sysdeps/posix/dl-fileid.h
37 9
cfi=(58)
cfn=(190)
calls=3 -8 
* 45
* 6
fe=(31)
999 6
fi=(57)
40 9
fe=(31)
999 3
fi=(57)
40 3
fe=(31)
999 39
+1 18
fi=(57)
49 24
fe=(31)
1515 27
1018 6
+66 13
+1 2
-1 1
+1 1
-1 1
+1 1
cfi=(71) ./io/../sysdeps/unix/sysv/linux/pread64_nocancel.c
cfn=(234) __pread64_nocancel
calls=1 25 
* 7
* 2
+26 38
+26 72
+10 12
-1 12
-1 12
+2 12
+2 12
-2 12
-1 72
+2 24
+1 12
+2 12
-3 12
+3 72
+2 24
+4 24
+1 45
+4 9
+1 9
-1 9
+1 63
-18 9
+28 9
-11 3
+1 3
-1 3
+1 21
-18 3
+28 3
-56 6
+7 3
+2 3
-2 3
+1 3
+1 3
-1 6
+1 24
+50 3
+5 1
-1 2
+5 1
-5 2
-56 1
+61 4
+1 1
+3 1
-3 1
+8 4
+15 6
+1 3
+58 12
+1 9
fi=(63) ./elf/./elf/get-dynamic-info.h
39 6
+6 3
-2 3
+2 6
+9 3
+5 3
+3 3
+2 3
-3 3
-3 3
-3 48
+13 14
-23 56
+23 52
-23 208
+4 132
+5 68
+2 15
+3 12
+13 12
+10 11
+1 12
+1 12
+1 12
+2 12
+5 11
+1 11
+1 12
+3 9
+5 4
+7 6
+1 9
+22 9
+5 4
+2 4
+2 4
+2 4
+4 9
+2 3
+1 2
+9 2
+6 2
+4 6
fe=(31)
1275 6
+1 6
+2 6
+10 9
+19 9
+2 15
+52 9
+1 2
+6 24
+1 60
+6 12
cfn=(88)
calls=3 868 
* 60
-7 78
+1 36
+6 36
-6 72
fi=(30)
95 24
213 3
-1 6
105 6
212 3
105 3
-2 3
-3 3
+2 3
+3 3
-4 6
+92 12
-1 3
-87 9
+3 9
+1 6
+1 6
+4 9
+4 9
+3 9
+1 6
+4 3
+1 12
+58 9
+2 12
-56 10
+1 5
+3 10
+3 5
+1 20
+5 10
+2 10
+5 10
+14 5
-1 10
+2 4
-1 6
fe=(31)
1380 6
cfi=(64)
cfn=(204)
calls=3 25 
* 18
* 6
+13 6
+2 12
+2 6
+16 6
cfi=(8)
cfn=(14)
calls=3 25 
* 87
+4 6
+1 6
+17 6
+1 1
+3 1
+5 1
-5 1
+5 1
-5 2
+5 2
-5 2
+5 2
+10 6
+7 18
+10 6
+1 4
+5 2
cfi=(47)
cfn=(238)
calls=1 131 
* 10
+7 9
cfi=(26)
cfn=(82)
calls=3 31 
* 147
+3 12
+23 21
+1 9
cfi=(49)
cfn=(206)
calls=3 76 
* 15
* 3
fi=(62)
95 10
+2 2
-1 4
+1 2
-1 2
+1 2
-1 2
+1 2
-1 4
+3 8
fe=(31)
1506 15
fi=(30)
198 12
+2 3
+1 3
+2 3
-3 9
fe=(31)
1368 9
fi=(63)
62 12
+2 12
fe=(31)
1084 2
fi=(61)
187 8
cfi=(60)
cfn=(194)
calls=1 47 
* 9
+3 2
fe=(31)
1462 9
+2 2
-1 10
+1 2
-1 2
+1 2
-1 2
cfi=(32)
cfn=(90)
calls=2 108 
* 50
* 4
+2 5
1275 4
fi=(57)
49 3
fi=(30)
170 6
-39 4
fe=(31)

fn=(172)
2022 60
+8 12
+1 24
+3 93
+5 126
+2 54
cfi=(54)
cfn=(174)
calls=18 68 
* 2249
* 36
+4 30
+1 45
+4 6
-1 30
+1 6
+1 6
-1 6
+1 6
cfi=(32)
cfn=(90)
calls=6 108 
* 275
* 12
2329 54
2068 3
+1 3
-1 3
+1 3
-1 3
+1 3
-1 6
-44 3
+53 9
+17 6
-2 3
+2 3
cfi=(42)
cfn=(118)
calls=3 23 
* 72
* 6
2260 2
-1 3
cfn=(138)
calls=1 385 
* 168
+2 1
-3 1
+1 1
+2 2
+4 5
cfn=(176)
calls=1 1568 
* 283
+3 2
-3 1
+3 1
+12 4
+46 1
+1 3
-1 1
+1 9
cfn=(184)
calls=1 944 
* 1819
-1 2
+1 6
-1 2
+1 18
cfn=(184)
calls=2 944 
* 4130
* 9
2098 4
cfi=(22)
cfn=(60)
calls=2 41 
* 34
* 4
+2 4
+7 8
+51 22
cfn=(216) open_path
calls=2 1870 
* 1944
+6 2
-6 2
+6 8
682 2
2165 2
682 4
2252 4
+28 8
+2 8
2111 2
696 6
2111 2
+1 2
696 4
2116 6
682 2
2117 2
682 4
2173 2
+14 4
+2 6
+4 4
cfi=(68)
cfn=(222) _dl_load_cache_lookup
calls=2 416 
* 2337
* 2
+2 4
+4 4
+8 6
+23 12
cfn=(218) open_verify.constprop.0
calls=2 1568 
* 669
+4 4
-4 2
+4 2
+1 4
2131 10
+1 20
682 2
2133 2
682 4
2157 6
+1 4
-16 4

fn=(216)
1870 16
+1 2
-1 12
+1 2
+6 4
+5 32
-7 4
+7 2
-8 2
+8 4
+3 4
+9 12
+7 6
+1 2
-1 2
cfi=(29)
cfn=(128)
calls=2 199 
* 26
-12 2
+12 2
+59 10
-58 8
+3 40
+5 88
cfi=(29)
cfn=(128)
calls=11 199 
* 147
* 44
cfi=(29)
cfn=(128)
calls=11 199 
* 143
+3 22
+6 33
+3 66
cfn=(218)
calls=11 1568 
* 594
* 11
+2 33
+2 20
+65 16
+7 4
-2 4
+2 4
+3 6
-13 2
+27 18
-65 4
+2 2
-50 107
+29 20
+1 70
+6 20
+2 10
-2 10
+2 20
cfi=(67) ./io/../sysdeps/unix/sysv/linux/stat64.c
cfn=(220) stat
calls=10 28 
* 158
* 10
+3 10
-3 20
+1 1
+2 2
-2 1
+2 26
-61 4

fn=(218)
1568 143
+39 39
+19 52
cfi=(55)
cfn=(178)
calls=13 28 
* 280
* 13
+2 26
+11 2
+6 4
-5 2
+5 16
cfi=(56)
cfn=(180)
calls=2 25 
* 12
+2 4
+2 4
+2 4
+6 4
+17 22
fi=(28)
50 4
cfi=(27)
cfn=(144)
calls=2 +45 
* 10
fe=(31)
1856 117
1674 6
+74 4
+5 4
+2 8
+6 4
+6 2
+1 2
-1 6
+1 2
-1 2
+1 4
+1 2
+20 6
+31 2
-31 2
1633 2
1820 4
-31 84
+1 44
+1 16
+4 16
+6 4
+1 28
+10 12
cfi=(71)
cfn=(234)
calls=2 25 
* 14
* 16
+8 36
+15 4
+6 2
-3 2
+1 2
+1 2
+1 4
-3 2
+1 2
+1 2
+2 2
-3 6
-1 2
+4 4
-19 36
+3 4
-4 4
+4 8
+5 2
+1 8
-60 13
+1 3
-1 1
+1 3
cfi=(71)
cfn=(234)
calls=1 25 
* 7
* 3
+16 5
+7 6
1612 22
+62 6
1802 4
-30 2

fn=(212)
238 10
+3 5
-3 10
+7 5
-7 10
+3 5
cfi=(42)
cfn=(118)
calls=5 23 
* 168
+3 10
+20 35

fn=(106)
706 11
+14 1
-14 2
+14 2
cfi=(38)
cfn=(108)
calls=1 175 
* 1847
fi=(28)
56 1
fe=(31)
720 1
fi=(28)
56 1
cfi=(27)
cfn=(76)
calls=1 -21 
* 25
fe=(31)
725 1
+2 2
+7 2
+1 2
-1 3
+5 3
fi=(28)
56 1
cfi=(27)
cfn=(76)
calls=1 -21 
* 25
fe=(31)
739 1
+2 4
+17 1
-10 1
+19 1
-11 1
-9 1
+9 1
+12 2
-10 1
+3 2
+9 1
-7 1
+4 1
+3 2
-3 1
-8 1
+3 1
+8 1
-3 1
+1 16
cfi=(44)
cfn=(132)
calls=4 125 
* 72
+2 18
-14 3
+10 3
+4 3
-12 3
-2 3
+2 3
+4 3
-3 3
+3 3
+1 3
-2 3
+5 6
+1 3
-4 3
+4 3
+15 1
+3 1
-15 1
+7 1
-1 1
+9 2
+2 4
+2 3
+36 5
+2 2
cfi=(22)
cfn=(60)
calls=1 41 
* 17
* 9
-19 1
-2 1
+2 2
+19 9
cfi=(29)
cfn=(80)
calls=1 212 
* 11
* 1
+5 4
-1 2
+2 1
+1 2
-2 4
+1 13
+1 26
-2 52
+5 1
fi=(28)
56 1
cfi=(27)
cfn=(76)
calls=1 -21 
* 25
fe=(31)
836 1
fi=(28)
56 1
fe=(31)
838 2
+6 6
cfn=(134)
calls=1 468 
* 587
+3 3
+6 1
+4 8
-35 2
+5 2

fl=(65)
fn=(208)
25 1
+2 7
+4 1

fl=(68)
fn=(534)
537 1
+1 4
-1 1
+3 2
cfi=(72)
cfn=(536)
calls=1 117 
* 6
+1 1
+4 1
+2 2

fn=(222)
416 20
+2 4
+3 6
+69 3
+5 1
208 1
495 3
208 1
495 2
+3 6
fi=(70) ./elf/../sysdeps/x86/dl-procinfo.h
39 4
+3 6
cfi=(32)
cfn=(90)
calls=2 +66 
* 50
* 8
fe=(68)
212 12
cfi=(10)
cfn=(24)
calls=2 405 
* 42
* 2
+16 4
-16 2
+6 4
+10 2
-7 10
+9 6
+1 2
-37 4
+37 2
+4 4
-5 39
+1 13
-37 26
+37 13
+4 26
+4 45
cfn=(230) _dl_cache_libcmp
calls=15 370 
* 1128
+1 30
359 13
+3 8
228 8
360 9
228 24
+2 10
+20 4
+3 4
+2 8
cfn=(230)
calls=2 370 
* 148
* 4
-7 4
-30 4
+1 2
+95 2
-95 2
-1 16
+96 6
-47 4
+10 4
+1 6
fi=(69) ./elf/../sysdeps/generic/dl-cache.h
125 10
fe=(68)
294 4
+9 4
+3 4
+2 6
+1 4
+5 4
+1 8
+7 4
+21 8
513 4
+12 4
cfi=(22)
cfn=(60)
calls=2 41 
* 68
* 24
+1 2
-1 2
+1 2
-1 2
+1 2
cfi=(29)
cfn=(80)
calls=2 212 
* 22
* 2
+1 2
cfi=(45)
cfn=(140)
calls=2 40 
* 178
+1 16
-3 4
424 4
cfi=(54)
cfn=(224)
calls=1 36 
* 91
* 1
+8 5
+1 8
+3 4
+1 1
-1 3
fi=(69)
194 1
+1 5
fe=(68)
444 1
+1 2

fn=(230)
370 17
+1 17
+32 17
-33 34
+1 38
+2 84
+2 84
-2 168
+20 164
+2 164
-12 67
+2 67
+14 67
+1 67
-29 134
+32 6
-28 4
+8 2
-2 4
+1 4
-1 2
+2 6
+2 2
-3 2
+3 6
+2 4
+9 45

fl=(9)
fn=(16)
85 4
+25 1
-25 6
+25 1
-1 1
+1 102
+11 1
-8 1
+1 1
-4 1
+3 1
+6 1
+2 13
-34 1
-1 1
+36 113
+3 1
+1 1
-5 85
+57 1
-57 1
+58 1
-1 1
-57 3
+29 1
-29 1
+30 1
-1 1
-29 3
+41 1
-41 1
+42 1
-1 1
-41 3
+35 1
-35 1
+36 1
-1 1
-35 3
+32 1
-32 1
+33 1
-1 1
-32 4
+13 1
-13 1
+14 1
-1 1
-13 3
+10 1
-10 1
+11 1
-1 1
-10 3
+7 1
-7 4
224 1
cfi=(10)
cfn=(18)
calls=1 +58 
* 15338
+3 1
cfi=(12)
cfn=(22)
calls=1 +54 
* 32
fi=(13)
36 2
cfi=(14)
cfn=(28)
calls=1 -1 
* 8
fi=(6)
215 1
cfi=(15)
cfn=(32)
calls=1 37 
* 7224
fe=(9)
+23 3
+1 1
cfi=(22)
cfn=(60)
calls=1 41 
* 17
* 1
+2 2
cfi=(23)
cfn=(62)
calls=1 37 
* 15
* 3
+12 3
+3 5
cfi=(2)
cfn=(64)
calls=1 1320 
* 135735
+2 9

fn=(530)
262 1
+1 1

fl=(29)
fn=(128)
199 36
+1 36
+1 36
+1 36
+17 36
+1 36
+2 7
+1 7
+1 7
+2 6
+1 6
+1 6
+2 6
360 29
+1 29
+2 9
+4 9
+1 4
+1 4
+1 2
+1 2
+1 2
+1 2
+2 2
+2 4
+6 5
+1 5
+1 5
+1 5
+1 5
+29 20
+1 20
+1 20
+1 20
+1 20
+7 1
+1 1
+1 1
+1 1
+1 1
+1 1
+1 1
+11 1
+1 1
+2 1
+1 1
+1 1

fn=(80)
212 21
+1 21
+6 21
+1 21
+2 13
+1 13
+1 13
+2 8
+1 8
+1 8
+2 8
360 8
+1 8
+2 1
+4 1
+1 1
+1 1
+1 1
+1 1
+4 1
+2 1
+39 7
+1 7
+1 7
+1 7
+1 7
+7 5
+1 5
+1 5
+1 5
+1 5
+1 5
+1 5
+11 5
+1 5
+2 5
+1 5
+1 5

fl=(42)
fn=(118)
23 19
+1 19
+1 19
+1 19
+1 19
+1 19
+1 19
+1 19
+1 19
+1 19
+1 19
+1 19
+1 19
+1 19
+1 19
+1 19
+1 19
+1 19
+1 16
+4 16
+1 16
+1 16
+1 16
+2 16
+4 3
+1 3
+1 3
+1 3
+1 3
+1 3
+1 3
+1 3
+1 3
+1 3
+1 3
+1 3
+1 3
+1 3
+1 3
+1 3
+1 3
+1 3
+1 3
+1 3
+1 3
+1 3
+1 3
+1 3
+52 3
+4 3
+1 3
+1 3
+1 3
+2 3

fl=(41)
fn=(122)
25 4
+1 3
+21 1
-20 1
+20 3

fn=(120) _dl_hwcaps_contains
66 6
+1 12
+1 6
+9 6

fn=(116)
51 55
-25 42
+4 24
+4 48
+1 12
-1 24
+2 24
+5 27
cfi=(42)
cfn=(118)
calls=9 -18 
* 216
+1 18
+3 6
+11 12
+1 12
+1 6
-1 6
+1 6
-2 6
+1 6
+1 3
-1 3
+1 27
cfn=(120)
calls=6 +8 
* 30
* 12
-3 5
+7 44
-19 6
cfi=(22)
cfn=(60)
calls=3 -2 
* 51
* 3

fl=(52)
fn=(162)
225 10
+2 2
cob=(2)
cfi=(51)
cfn=(164)
calls=1 0 
* 2759
+1 2
+1 1
+1 1
-1 1
+1 1
+2 5

fn=(166)
175 18
+5 6
-5 18
+5 6
-2 12
+22 6
-1 6
+7 12
-6 6
+3 12
+3 6
cfi=(53)
cfn=(168)
calls=6 30 
* 144
* 24
+2 18
cfi=(66)
cfn=(214)
calls=5 61 
* 12341
cfi=(2)
cfn=(170)
calls=1 663 
* 2698
+2 6
-1 6
+1 6
-1 6
+1 12
+9 24

fn=(250)
238 6
+1 1
+1 1
+3 1
+1 1
+2 1
cfi=(2)
cfn=(252)
calls=1 696 
* 7584
+2 1
+1 1
+1 4

fl=(67)
fn=(220)
28 20
+1 40
cfi=(59)
cfn=(192)
calls=10 153 
* 98

fl=(55)
fn=(178)
28 15
+3 15
-3 45
+3 90
+8 105
+2 4
-2 33
+2 11

fl=(13)
fn=(100)
46 5
+2 3
+40 2
cfi=(36)
cfn=(102)
calls=1 +32 
* 6
+15 1
-15 2
+20 1
-1 1
+3 12
+4 3
-2 6
+2 11
+3 2
-1 2
+1 6
-3 8
+3 1
-1 1
+1 3
-3 4
+7 3
-1 3
+4 3
-2 3
+2 12
+9 5

fl=(71)
fn=(234)
25 8
+1 16
+1 4

fl=(75)
fn=(254)
361 6
+4 5
-2 2
+4 30
cfn=(256) _dl_check_map_versions
calls=5 155 
* 7488
-2 5
+2 15
-1 5
-1 10
+5 7

fn=(256)
155 40
+15 5
-15 10
+15 10
+2 25
+2 5
+1 5
-1 5
+1 5
+2 10
+3 6
-16 3
-8 3
+28 3
-4 3
+4 6
+16 3
36 6
200 3
36 15
200 2
36 4
200 2
36 10
+1 16
-1 32
+2 63
cfi=(54)
cfn=(174)
calls=21 +30 
* 2598
* 42
208 15
+5 5
-71 10
+71 15
+8 5
-2 5
-2 10
+4 5
-4 30
+4 9
-2 9
-2 18
+4 9
-4 89
56 56
+8 42
+6 42
+16 14
+1 28
+2 14
+5 126
+14 286
+12 387
+4 129
-30 258
224 56
+3 42
+5 9
-11 9
110 14
+3 56
cfi=(32)
cfn=(90)
calls=14 -5 
* 528
* 61
236 20
+5 4
-44 2
+1 2
+52 6
+3 12
+10 56
-7 224
+3 168
-3 12
+3 9
+8 8
+6 4
fi=(28)
44 4
fe=(75)
273 4
fi=(28)
44 4
cfi=(27)
cfn=(72)
calls=4 +34 
* 144
fe=(75)
272 4
fi=(28)
44 4
fe=(75)
274 8
+13 4
-3 4
+3 16
+2 12
+3 12
+4 15
+7 14
+1 14
-1 42
+1 14
+1 14
-2 14
+2 28
+1 42
+3 42
+5 9
-15 9
+2 9
-2 9
+2 9
-2 9
+2 18
-2 5
+2 5
-2 5
+2 5
-2 5
+2 10
+16 15
+5 2
-28 2
+62 45
-29 12
+3 12
+4 56
+6 56
+1 56
+1 56
-1 168
+1 56
-1 56
+1 56
+1 56
+3 168
+4 56
-14 118
+10 9
164 2
+86 2
-94 2
+94 3

totals: 153102628
