# callgrind format
version: 1
creator: callgrind-3.18.1
pid: 29895
cmd:  ./first
part: 1


desc: I1 cache: 
desc: D1 cache: 
desc: LL cache: 

desc: Timerange: Basic block 0 - 4792816170
desc: Trigger: Program termination

positions: line
events: Ir
summary: 30622691659


ob=(4) /usr/lib/x86_64-linux-gnu/libm.so.6
fl=(140) ./math/../sysdeps/x86_64/fpu/multiarch/e_log2f.c
fn=(446) log2f@@GLIBC_2.27
27 1
fi=(130) ./math/../sysdeps/x86_64/fpu/multiarch/ifunc-fma.h
+2 4
+1 3
fe=(140)
-3 1

fl=(143) ./math/../sysdeps/x86_64/fpu/multiarch/s_sinf.c
fn=(458) sinf
26 1
fi=(130)
+3 4
+1 3
fe=(143)
-4 1

fl=(129) ./math/../sysdeps/x86_64/fpu/multiarch/s_cosf.c
fn=(414) cosf
26 1
fi=(130)
+3 4
+1 3
fe=(129)
-4 1

fl=(138) ./math/../sysdeps/x86_64/fpu/multiarch/e_pow.c
fn=(442) __pow_finite@GLIBC_2.15
27 1
fi=(139) ./math/../sysdeps/x86_64/fpu/multiarch/ifunc-fma4.h
+4 4
+1 2
fe=(138)
-5 1

fl=(136) ./math/../sysdeps/x86_64/fpu/multiarch/s_sincosf.c
fn=(434) sincosf
26 1
fi=(130)
+3 4
+1 3
fe=(136)
-4 1

fl=(142) ./math/../sysdeps/x86_64/fpu/multiarch/e_asin.c
fn=(464) __asin_finite@GLIBC_2.15
27 1
fi=(139)
+4 4
+1 2
fe=(142)
-5 1

fn=(454) __acos_finite@GLIBC_2.15
35 1
fi=(139)
-4 4
+1 2
+3 1
fe=(142)

fl=(135) ./math/../sysdeps/x86_64/fpu/multiarch/e_logf.c
fn=(430) logf@@GLIBC_2.27
27 1
fi=(130)
+2 4
+1 3
fe=(135)
-3 1

fl=(145) ./math/../sysdeps/x86_64/fpu/multiarch/e_exp2f.c
fn=(468) exp2f@@GLIBC_2.27
27 1
fi=(130)
+2 4
+1 3
fe=(145)
-3 1

fl=(168) ???
fn=(880) 0x000000000000e3b0
0 5

fn=(576) 0x000000000000e460
0 12

fn=(870) 0x000000000000e420
0 9
cob=(2) ???
cfi=(51) ???
cfn=(876) 0x000000000485a1e0
calls=1 0 
0 74
0 1
cfn=(880)
calls=1 0 
0 5
0 3

fl=(137) ./math/../sysdeps/x86_64/fpu/multiarch/e_powf.c
fn=(438) powf@@GLIBC_2.27
30 1
fi=(130)
-1 4
+1 4
fe=(137)

fl=(206) ./math/../sysdeps/ieee754/dbl-64/e_log2.c
fn=(770) log2@@GLIBC_2.29
44 47256
fi=(222) ./math/../sysdeps/ieee754/dbl-64/math_config.h
+23 47256
fe=(206)
-28 47256
+17 141768
-17 47256
+17 94512
+28 141768
+17 47256
+37 47256
-30 47256
-4 47256
-3 47256
+37 47256
-15 47256
-19 47256
-2 47256
+1 47256
+1 47256
-2 47256
+6 47256
+15 47256
-19 47256
+16 189024
-15 47256
+15 47256
-15 47256
+15 47256
-15 47256
+15 94512
fi=(222)
-41 47256
fe=(206)
+41 47256
+8 47256
+10 47256
-4 47256
fi=(222)
-55 47256
fe=(206)
+55 47256
+4 47256
fi=(222)
-59 47256
fe=(206)
+59 47256
fi=(222)
-59 47256
fe=(206)
+59 47256
-15 47256
+15 47256
-3 94512
-6 94512
+9 94512
-8 47256
+8 94512
-8 47256
+8 94512
-16 94512
+2 47256
+15 47256
-15 94512
+6 47256
+9 94512
+1 47256

fl=(141) ./math/../sysdeps/x86_64/fpu/multiarch/e_log.c
fn=(450) __log_finite@GLIBC_2.15
27 1
fi=(132) ./math/../sysdeps/x86_64/fpu/multiarch/ifunc-avx-fma4.h
+5 5
+1 2
fe=(141)
-6 1

fl=(134) ./math/../sysdeps/x86_64/fpu/multiarch/s_sin.c
fn=(426) cos
34 1
fi=(132)
-2 5
+1 2
fe=(134)
+1 1

fn=(476) sin
27 1
fi=(132)
+5 5
+1 2
fe=(134)
-6 1

fl=(133) ./math/../sysdeps/x86_64/fpu/multiarch/e_expf.c
fn=(422) expf@@GLIBC_2.27
27 1
fi=(130)
+2 4
+1 3
fe=(133)
-3 1

fl=(144) ./math/../sysdeps/x86_64/fpu/multiarch/s_fma.c
fn=(462) fma
49 6

fl=(131) ./math/../sysdeps/x86_64/fpu/multiarch/e_exp.c
fn=(418) __exp_finite@GLIBC_2.15
27 1
fi=(132)
+5 5
+1 2
fe=(131)
-6 1

fl=(146) ./math/../sysdeps/x86_64/fpu/multiarch/e_atan2.c
fn=(472) __atan2_finite@GLIBC_2.15
26 1
fi=(132)
+6 5
+1 2
fe=(146)
-7 1

ob=(5) /usr/libexec/valgrind/vgpreload_core-amd64-linux.so
fl=(163) ???
fn=(556) 0x00000000000012f0
0 5

fn=(548) 0x0000000000001170
0 12

fn=(850) 0x00000000000010e0
0 11
cob=(2)
cfi=(51)
cfn=(856) 0x000000000483f040
calls=1 0 
0 74
0 10
cfn=(862) 0x0000000000001070
calls=1 0 
0 5
0 5

fn=(862)
0 5

ob=(6) /home/colinux/Bakery/first
fl=(176) /home/colinux/Bakery/first.c
fn=(756) removeRecipe
450 4347
+2 621
-2 3726
+2 1863
cob=(2)
cfi=(51)
cfn=(648) 0x00000000001091c0
calls=621 0 
* 428214
* 1242
86 2484
-2 1242
+3 621
-1 1863
+1 621
-1 1863
+1 6900
-1 20700
+1 6900
-1 20700
+3 621
457 1242
+4 1242
-4 1242
+11 449
-7 1792
+2 1335
cob=(2)
cfi=(51)
cfn=(732) 0x0000000000109170
calls=445 0 
* 10487
* 1863
cob=(2)
cfi=(51)
cfn=(732)
calls=621 0 
* 14751
* 2132
+15 2354
+36 882
+1 882
-1 882
+1 882
cob=(2)
cfi=(51)
cfn=(758) 0x0000000000109110
calls=882 0 
* 83137
-28 3984
+2 882
+3 1764
+30 114
-3 228
+7 66
+3 132
cob=(2)
cfi=(51)
cfn=(758)
calls=66 0 
* 6006
* 96
cob=(2)
cfi=(51)
cfn=(758)
calls=48 0 
* 4368
fi=(204) /usr/include/x86_64-linux-gnu/bits/stdio2.h
112 228
cob=(2)
cfi=(51)
cfn=(718) 0x0000000000109140
calls=114 0 
* 18144
fe=(176)
532 7452
-10 96
fi=(204)
112 1006
cob=(2)
cfi=(51)
cfn=(718)
calls=503 0 
* 76959
fe=(176)
482 503
fi=(204)
112 8
cob=(2)
cfi=(51)
cfn=(718)
calls=4 0 
* 620
fe=(176)
475 4

fn=(774) getLastNode
197 118125
+1 70875
+3 94500
cob=(2)
cfi=(51)
cfn=(768) 0x0000000000109120
calls=23625 0 
* 1795500
* 47250
+1 70875
cob=(2)
cfi=(51)
cfn=(698) 0x0000000000109180
calls=23625 0 
* 1027162
* 23625
+5 94500
+1 23625
+2 47250
-2 70875
-1 70875
+1 12425
+2 24850
-2 37275
-1 37275
+6 70875
+1 94500
+1 12425
+1 37275
-2 12425
+2 12425
-2 24850
+2 70875
-2 23625
+2 23625
-2 47250
+8 23625
cob=(2)
cfi=(51)
cfn=(758)
calls=23625 0 
* 2150022
+3 118125

fn=(696) newRecipe
310 251838
+3 55964
-3 27982
+3 27982
-3 83946
+3 27982
cob=(2)
cfi=(51)
cfn=(648)
calls=27982 0 
* 19337816
* 55964
86 55964
-2 27982
+2 83946
+1 27982
-1 83946
+1 27982
-1 83946
+1 312024
-1 936072
+1 312024
-1 936072
+3 27982
319 83946
+3 86531
+13 68166
cob=(2)
cfi=(51)
cfn=(732)
calls=22722 0 
* 550831
* 60411
cob=(2)
cfi=(51)
cfn=(732)
calls=20137 0 
* 487892
* 85718
+14 39733
-16 79466
+20 34022
cob=(2)
cfi=(51)
cfn=(698)
calls=17011 0 
* 3167908
fi=(196) /usr/include/x86_64-linux-gnu/bits/string_fortified.h
79 34022
fe=(176)
353 17011
fi=(196)
79 17011
fe=(176)
353 17011
fi=(196)
79 17011
cob=(2)
cfi=(51)
cfn=(702) 0x0000000000109190
calls=17011 -79 
* 859407
fe=(176)
355 17011
+1 17011
+4 85055
+6 85055
cob=(2)
cfi=(51)
cfn=(648)
calls=17011 0 
* 20575268
-6 39225
+6 39225
cob=(2)
cfi=(51)
cfn=(648)
calls=7845 0 
* 9492792
* 807565
cob=(2)
cfi=(51)
cfn=(648)
calls=161513 0 
* 192891036
* 372738
+2 372738
cob=(2)
cfi=(51)
cfn=(698)
calls=186369 0 
* 34805229
86 186369
368 186369
+1 372738
86 559107
-2 372738
+3 186369
-1 559107
+1 186369
-1 559107
+1 2013671
-1 6041013
+1 2013671
-1 6041013
+3 186369
373 559107
+5 391339
+19 55776
cob=(2)
cfi=(51)
cfn=(732)
calls=18592 0 
* 427616
* 559080
cob=(2)
cfi=(51)
cfn=(732)
calls=186360 0 
* 4286280
* 409904
+7 18593
-11 37186
+17 2
cob=(2)
cfi=(51)
cfn=(698)
calls=1 0 
* 185
fi=(196)
79 4
cob=(2)
cfi=(51)
cfn=(702)
calls=1 -79 
* 49
fe=(176)
416 1
-4 1
+2 1
+1 2
+1 1
cob=(2)
cfi=(51)
cfn=(698)
calls=1 0 
* 189
* 2
+5 3
+6 1
fi=(205) /usr/include/x86_64-linux-gnu/bits/stdio.h
49 1
fe=(176)
430 1
fi=(205)
49 1
cob=(2)
cfi=(51)
cfn=(714) 0x00000000001091d0
calls=1 -49 
* 21
fe=(176)
427 186368
fi=(205)
49 186368
fe=(176)
430 186368
fi=(205)
49 186368
cob=(2)
cfi=(51)
cfn=(714)
calls=186368 -49 
* 3913728
fe=(176)
435 956701
-53 27
cob=(2)
cfi=(51)
cfn=(698)
calls=9 0 
* 1665
fi=(196)
79 18
fe=(176)
382 9
fi=(196)
79 18
cob=(2)
cfi=(51)
cfn=(702)
calls=9 -79 
* 453
fe=(176)
387 9
-3 9
+1 9
+1 9
+1 9
cob=(2)
cfi=(51)
cfn=(698)
calls=9 0 
* 1701
+1 9
-1 9
+1 27
+12 186359
+8 186359
+33 24856
fi=(204)
112 24856
fe=(176)
441 24856
+3 24856
fi=(204)
112 24856
cob=(2)
cfi=(51)
cfn=(718)
calls=24856 0 
* 3867617
fe=(176)
448 335784
fi=(204)
112 3126
fe=(176)
341 3126
fi=(204)
112 3126
cob=(2)
cfi=(51)
cfn=(718)
calls=3126 0 
* 486012
fi=(205)
-63 792434
cob=(2)
cfi=(51)
cfn=(714)
calls=396217 -49 
* 8336139
fe=(176)
341 1194903
-16 15690
cob=(2)
cfi=(51)
cfn=(698)
calls=7845 0 
* 1450095
fi=(196)
79 23535
fe=(176)
325 15690
fi=(196)
79 7845
cob=(2)
cfi=(51)
cfn=(702)
calls=7845 -79 
* 396513
fe=(176)
328 7845
-1 7845
+1 15690

fn=(616) main
995 2
+4 2
-4 3
+12 1
-12 6
+4 1
cob=(2)
cfi=(51)
cfn=(618) 0x0000000000109160
calls=1 0 
* 67405
+1 2
-1 1
+1 1
cob=(2)
cfi=(51)
cfn=(618)
calls=1 0 
* 65786
+7 2
-2 1
-5 1
+7 1
-2 4
+2 1
cob=(2)
cfi=(51)
cfn=(648)
calls=1 0 
* 1372
* 6
cob=(2)
cfi=(51)
cfn=(648)
calls=1 0 
* 903
* 2
-10 3
+21 55966
+2 83946
cfn=(696)
calls=27982 310 
* 337380692
* 27982
+35 27982
-43 111928
cob=(2)
cfi=(51)
cfn=(648)
calls=27982 0 
* 16440957
+43 106178
-43 424712
cob=(2)
cfi=(51)
cfn=(648)
calls=106178 0 
* 63711020
* 4
cob=(2)
cfi=(51)
cfn=(648)
calls=1 0 
* 779
* 268322
+2 939115
+4 804960
+4 637068
+2 1863
cfn=(756)
calls=621 450 
* 752742
* 1242
+2 316671
+4 206146
-15 1340
cfn=(784) loadOrders
calls=134 -83 
* 16653687
* 402
+11 9936
+2 27324
cfn=(746) newBatch
calls=2484 767 
* 30000064781
* 22356
+31 3
+13 11
-42 412292
+2 1133803
cfn=(740) newOrder
calls=103073 683 
* 180839721
* 927657
+27 5

fn=(776) heapifyDown
182 47250
+3 23625
+3 23625
-3 61783
+3 14533
-3 101390
+3 50264
+3 29066
-24 14533
+1 29066
+3 14533
-2 14533
+1 14533
+1 14533
+1 29066
+21 14533
-5 75314
+7 23625

fn=(748) insertBunch
227 72138
+3 24046
-3 144276
+3 24046
cob=(2)
cfi=(51)
cfn=(698)
calls=24046 0 
* 3997773
+2 24046
-2 24046
+9 24046
-8 24046
+2 24046
+1 24046
+1 24046
+2 72138
+2 48092
+5 70893
cob=(2)
cfi=(51)
cfn=(768)
calls=23631 0 
* 1795956
* 47262
+1 70893
cob=(2)
cfi=(51)
cfn=(698)
calls=23631 0 
* 1343678
* 23631
+5 94524
+1 23631
+1 47262
-1 70893
-1 70893
+1 12428
+1 24856
-1 37284
-1 179070
+8 68742
-2 37284
+1 96974
+5 39435
+7 23631
-1 23631
+1 47262
+3 11497
-96 11497
-8 26796
+3 26796
-1 26796
-1 26796
+2 26796
+1 53592
+4 195981
277 23631
cob=(2)
cfi=(51)
cfn=(758)
calls=23631 0 
* 2150421
+3 165417
-10 24268
+10 415
-40 415
+40 2490

fn=(772) deleteMinBunch.part.0
282 47250
+8 23625
cfn=(774)
calls=23625 -93 
* 6388784
* 23625
+3 70875
+1 47250
+3 70875
+1 47250
+3 12130
+3 12130
cob=(2)
cfi=(51)
cfn=(758)
calls=12130 0 
* 1188311
+1 12130
+3 12130
-3 12130
cfn=(776)
calls=12130 182 
* 325556
-6 11495
+5 11495
cob=(2)
cfi=(51)
cfn=(758)
calls=11495 0 
* 1125047
+1 11495
+3 11495
-3 11495
cfn=(776)
calls=11495 182 
* 270249

fn=(740)
683 721511
+2 103073
-2 1339949
+2 103073
cob=(2)
cfi=(51)
cfn=(698)
calls=103073 0 
* 15301852
+6 103073
-4 103073
+4 103073
-6 103073
+6 103073
-5 103073
+5 103073
-3 103073
+3 206146
cob=(2)
cfi=(51)
cfn=(648)
calls=103073 0 
* 116449614
* 206146
86 206146
-2 103073
+2 206146
+1 1241971
-1 3725913
+1 1241971
-1 3725913
+3 103073
699 206146
+2 207261
+4 80411
-4 160822
+1 540012
cob=(2)
cfi=(51)
cfn=(732)
calls=180004 0 
* 4260513
* 360008
+14 99593
-5 99593
+5 99593
-5 199186
+5 71775
+1 71775
fi=(204)
112 143550
cob=(2)
cfi=(51)
cfn=(718)
calls=71775 0 
* 11168003
* 55542
cob=(2)
cfi=(51)
cfn=(718)
calls=27771 0 
* 4318359
fe=(176)
735 298638
536 199092
+1 99545
+1 298635
693 618438
+72 1236876
-44 27818
+3 250362
-2 27818
+2 55636
cfn=(742) tryBaking
calls=27818 546 
* 7591361
* 194726
+3 222309
+37 824584
-28 55542
fi=(204)
112 3480
fe=(176)
731 3480
fi=(204)
112 3480
cob=(2)
cfi=(51)
cfn=(718)
calls=3480 0 
* 540098
fe=(176)
730 6960
cob=(2)
cfi=(51)
cfn=(758)
calls=3480 0 
* 317449
+1 3480
fi=(204)
112 94
cob=(2)
cfi=(51)
cfn=(718)
calls=47 0 
* 7285
fe=(176)
744 94
+5 145

fn=(742)
546 403326780
+17 33610565
-17 33610565
+17 33610565
+1 100831695
+1 67221130
86 134442260
565 36986344
86 73972688
-2 104207474
+3 52103737
-1 156311211
+1 52103737
-1 156311211
+1 562410292
-1 1687230876
+1 562410292
-1 1687230876
+3 52103737
566 208414948
+2 104207474
-1 104207474
+34 169414350
cob=(2)
cfi=(51)
cfn=(732)
calls=56471450 0 
* 1298843350
* 169414350
+9 5218465
-42 20873860
+1 171966606
+6 225885800
286 6264
cfn=(772)
calls=1515 -4 
* 605997
581 1515
-4 1515
+3 1515
+1 3030
-4 3030
+1 3030
+1 63
286 42
579 3234
286 3234
+1 123
cob=(2)
cfi=(51)
cfn=(758)
calls=123 0 
* 11780
581 123
288 123
580 123
+1 246
+5 8454
-13 302408379
681 268807448
573 77072
681 77072
-79 358770895
+16 55508418
-54 37005612
+63 19268
+2 19268
+1 67385
86 269540
-2 134770
+3 67385
-1 202155
+1 67385
-1 202155
+1 727590
-1 2182770
+1 727590
-1 2182770
+3 67385
631 134770
+2 67385
-1 67385
-1 134770
+2 67385
+4 134770
+35 6724
-35 26896
+1 20172
cob=(2)
cfi=(51)
cfn=(732)
calls=6724 0 
* 154652
* 202155
cob=(2)
cfi=(51)
cfn=(732)
calls=67385 0 
* 1549855
* 148218
+3 134770
+1 178990
cfn=(772)
calls=22110 282 
* 9140825
+3 22396
+1 22396
+3 23254
-8 44792
+1 89052
+2 89052
-2 267156
+2 22396
-1 22396
286 22396
644 22396
286 22396
+1 286
cob=(2)
cfi=(51)
cfn=(758)
calls=286 0 
* 30710
+1 572
663 66656
+1 66656
-1 66656
+1 66656
+11 66656
-46 133312
+46 729
-46 1458
+4 173253
+45 19268
+2 19268

fn=(746)
767 67068
+5 17388
cob=(2)
cfi=(51)
cfn=(648)
calls=2484 0 
* 4744316
* 129372
cob=(2)
cfi=(51)
cfn=(648)
calls=21562 0 
* 40935078
* 48092
86 48092
-2 24046
+2 72138
+1 24046
-1 72138
+1 24046
-1 72138
+1 259690
-1 779070
+1 259690
-1 779070
+3 24046
776 96184
+3 48092
+10 2403
-10 7209
+1 7209
cob=(2)
cfi=(51)
cfn=(732)
calls=2403 0 
* 55269
* 72138
cob=(2)
cfi=(51)
cfn=(732)
calls=24046 0 
* 553058
* 52898
+1 72138
+3 72138
cfn=(748)
calls=24046 227 
* 11574548
* 24046
+1 48092
fi=(205)
49 48092
cob=(2)
cfi=(51)
cfn=(714)
calls=24046 -49 
* 504966
fe=(176)
820 79590
fi=(204)
112 4968
cob=(2)
cfi=(51)
cfn=(718)
calls=2484 0 
* 386417
fe=(176)
839 9936
+1 2484
+1 4968
-1 20346444
+1 40692888
+1 31737030
+1 31737030
-2 63474060
-2 61046784
-6 2484
+1 2484
-2 2484
+15 4968
+3 113851174
-2 113851174
86 455404696
-2 227702348
+3 113851174
-1 341553522
+1 113851174
-1 341553522
+1 1251568855
-1 3754706565
+1 1251568855
-1 3754706565
+3 113851174
851 341553522
+1 227702348
+4 61646143
-4 123292286
+1 526491951
cob=(2)
cfi=(51)
cfn=(732)
calls=175497317 0 
* 4121184906
* 350994634
+6 502090376
+64 341551038
-76 227697380
+82 44712
+1 7452

ob=(2)
fl=(51)
fn=(856)
0 2
cob=(3) /usr/lib/x86_64-linux-gnu/libc.so.6
cfi=(218) ./stdlib/./stdlib/cxa_finalize.c
cfn=(830) __cxa_finalize
calls=1 30 
0 72

fn=(544) 0x000000000483f000
0 6
cob=(5)
cfi=(163)
cfn=(548)
calls=1 0 
0 12
0 1
cob=(5)
cfi=(163)
cfn=(556)
calls=1 0 
0 5
0 2

fn=(592) 0x0000000000109000
0 7

fn=(848) 0x000000000483f334
0 3
cob=(5)
cfi=(163)
cfn=(850)
calls=1 0 
0 105
0 2

fn=(792) 0x000000000495b4d0
0 77072
cob=(3)
cfi=(210) ./string/../sysdeps/x86_64/multiarch/strchr-avx2.S
cfn=(794) __strchrnul_avx2
calls=38536 51 
0 732184

fn=(160) 0x0000000004002080
0 2
cob=(1) /usr/lib/x86_64-linux-gnu/ld-linux-x86-64.so.2
cfi=(52) ./elf/./elf/dl-error-skeleton.c
cfn=(162) _dl_catch_error
calls=1 225 
0 2782

fn=(602) 0x000000000495b6d0
0 2
cob=(1)
cfi=(49) ./elf/./elf/dl-audit.c
cfn=(606) _dl_audit_preinit
calls=1 117 
0 5
cob=(1)
cfi=(159) ./elf/../sysdeps/x86_64/dl-trampoline.h
cfn=(522) _dl_runtime_resolve_xsave
calls=1 67 
0 868
0 5

fn=(618)
0 4
cob=(3)
cfi=(177) ./malloc/./malloc/malloc.c
cfn=(620) calloc
calls=2 3624 
0 133187

fn=(648)
0 952508
cob=(3)
cfi=(184) ./stdio-common/./stdio-common/isoc99_scanf.c
cfn=(650) __isoc99_scanf
calls=476254 25 
0 484056657

fn=(732)
0 464996412
cob=(3)
cfi=(203) ./string/../sysdeps/x86_64/multiarch/strcmp-avx2.S
cfn=(734) __strcmp_avx2
calls=232498206 83 
0 4967383048

fn=(768)
0 94512
cob=(4)
cfi=(206)
cfn=(770)
calls=47256 44 
0 3496944

fn=(886) 0x00000000048d58c8
0 4

fn=(710) 0x000000000495b620
0 49732
cob=(3)
cfi=(199) ./string/../sysdeps/x86_64/multiarch/memmove-vec-unaligned-erms.S
cfn=(712) __memcpy_avx_unaligned_erms
calls=24866 307 
0 311514

ob=(6)
fl=(176)
fn=(746)
930 22356
-65 738820434
cfn=(742)
calls=33582747 546 
* 9504689040
* 369410217
+2 100748241
+3 19174
+6 9563
+1 9563
-1 9563
+1 9563
+6 19174
+1 131
+2 393
+29 100719480
+2 100719480
-28 617616
+4 190896
-5 572688
+8 784
+5 1568
+3 784
-31 144
+23 8672
+2 17994
+3 8347
+3 8347

fn=(784)
932 1340
+8 268
+7 134
+1 268

ob=(2)
fl=(51)
fn=(828) 0x0000000000109100
0 2
cob=(3)
cfi=(218)
cfn=(830)
calls=1 30 
0 72

fn=(516) 0x000000000495b650
0 38
cob=(1)
cfi=(10) ./elf/./elf/dl-tunables.c
cfn=(24) __tunable_get_val
calls=19 405 
0 391
cob=(1)
cfi=(159)
cfn=(522)
calls=1 67 
0 857
0 5

fn=(566) 0x000000000495b5f0
0 2
cob=(3)
cfi=(166) ./string/../sysdeps/x86_64/multiarch/strrchr-avx2.S
cfn=(568) __strrchr_avx2
calls=1 46 
0 28

fn=(672) 0x000000000495b380
0 4
cob=(3)
cfi=(177)
cfn=(674) malloc
calls=2 3287 
0 529

fn=(644) 0x000000000495b670
0 4
cob=(3)
cfi=(183) ./string/../sysdeps/x86_64/multiarch/memset-vec-unaligned-erms.S
cfn=(646) __memset_avx2_unaligned_erms
calls=2 181 
0 131122

fn=(714)
0 1213264
cob=(3)
cfi=(200) ./libio/./libio/getc.c
cfn=(716) getc
calls=606632 34 
0 11541590

fn=(718)
0 268320
cob=(3)
cfi=(201) ./libio/./libio/ioputs.c
cfn=(720) puts
calls=134160 33 
0 20601194

fn=(876)
0 2
cob=(3)
cfi=(218)
cfn=(830)
calls=1 30 
0 72

fn=(164) 0x0000000004002050
0 12
cob=(1)
cfi=(52)
cfn=(166) _dl_catch_exception
calls=6 175 
0 14987

fn=(698)
0 771240
cob=(3)
cfi=(177)
cfn=(674)
calls=385620 3287 
0 60326197

fn=(702)
0 49732
cob=(3)
cfi=(197) ./debug/./debug/strcpy_chk.c
cfn=(704) __strcpy_chk
calls=24866 27 
0 1206690

fn=(706) 0x000000000495b490
0 337320
cob=(3)
cfi=(198) ./string/../sysdeps/x86_64/multiarch/strlen-avx2.S
cfn=(708) __strlen_avx2
calls=168660 50 
0 2361289

fn=(758)
0 170800
cob=(3)
cfi=(177)
cfn=(760) free
calls=85400 3352 
0 7957075

fn=(572) 0x000000000485a000
0 7

fn=(736) 0x000000000495b3e0
0 383838
cob=(3)
cfi=(199)
cfn=(738) __mempcpy_avx_unaligned_erms
calls=191919 294 
0 3015613

ob=(6)
fl=(176)
fn=(784)
948 134
+3 134
+3 268
-3 9500
+3 28500
-1 19000
+10 321830
-9 1284853
+1 657726
+2 321830
+1 681
+7 27844
+4 6889
+1 6889
-25 13778
+24 2467
+1 2467
-25 14434
+2 9500
+1 19000
+44 268
+1 134
-1 536
+1 134
-1 134
+1 134
-1 134
+1 536
-39 268
+13 268
+3 134
-25 268
+22 288
+3 144
-25 690
fi=(204)
112 938
cob=(2)
cfi=(51)
cfn=(786) 0x00000000001091a0
calls=134 0 
* 175259
* 66500
cob=(2)
cfi=(51)
cfn=(786)
calls=9500 0 
* 12528990
fe=(176)
980 19268
+1 19268
+1 9634
cob=(2)
cfi=(51)
cfn=(758)
calls=9634 0 
* 1060624
-5 19402

fl=(169) ???
fn=(838) 0x0000000000001590
0 5

fn=(584) (below main)
0 12
cob=(3)
cfi=(170) ./csu/../csu/libc-start.c
cfn=(586) __libc_start_main@@GLIBC_2.34
calls=1 242 
0 30622532078

fn=(596) 0x0000000000001640
0 10

ob=(2)
fl=(51)
fn=(786)
0 19268
cob=(3)
cfi=(208) ./debug/./debug/printf_chk.c
cfn=(788) __printf_chk
calls=9634 25 
0 12684981

fn=(844) 0x000000000010b1b0
0 4

ob=(6)
fl=(169)
fn=(596)
0 2

fn=(822) 0x0000000000001600
0 9
cob=(2)
cfi=(51)
cfn=(828)
calls=1 0 
0 74
0 1
cfn=(838)
calls=1 0 
0 5
0 3

ob=(3)
fl=(115) ./string/../sysdeps/x86_64/multiarch/strchrnul.c
fn=(370) strchrnul
31 1
fi=(84) ./string/../sysdeps/x86_64/multiarch/ifunc-avx2.h
+2 5
-1 2
+2 3
+2 2
+4 3
+3 4
fe=(115)
-12 1

fl=(189) ./libio/./libio/filedoalloc.c
fn=(664) _IO_file_doallocate
78 18
+6 8
fi=(202) ./libio/./libio/libioP.h
940 6
+2 4
+1 4
fe=(189)
84 6
cfi=(188) ./libio/./libio/fileops.c
cfn=(666) _IO_file_stat
calls=2 1146 
* 36
* 4
+2 8
+11 8
+4 4
cob=(2)
cfi=(51)
cfn=(672)
calls=2 0 
* 533
* 2
+1 4
+2 8
cfi=(187) ./libio/./libio/genops.c
cfn=(678) _IO_setb
calls=2 329 
* 48
+1 2
+1 16

fl=(188)
fn=(726) _IO_do_write@@GLIBC_2.2.5
423 371
+2 1113
+1 1
-3 370
fi=(202)
940 370
fe=(188)
423 740
fi=(202)
940 370
fe=(188)
423 370
fi=(202)
940 740
fe=(188)
423 1850
+20 370
-10 740
+7 1480
fi=(202)
942 740
+1 740
fe=(188)
448 1480
cfn=(780) _IO_file_write@@GLIBC_2.2.5
calls=370 1173 
* 17020
* 370
+1 1850
+2 370
+4 740
-3 740
-1 740
+4 1110
-2 370
-28 1480
+1 2960
+28 1110

fn=(660) _IO_file_underflow@@GLIBC_2.2.5
461 1777
+4 5331
-4 14216
+7 3554
+6 5331
+3 3554
+12 3552
+9 3554
fi=(202)
940 1777
+2 1777
-2 1777
fe=(188)
505 3554
cfi=(187)
cfn=(680) _IO_switch_to_get_mode
calls=1777 164 
* 44425
+6 1777
+5 1777
-5 1777
fi=(202)
942 3554
fe=(188)
511 1777
fi=(202)
942 1777
fe=(188)
511 5331
fi=(202)
943 3554
fe=(188)
516 7108
cfn=(682) _IO_file_read
calls=1777 1130 
* 24878
+2 3554
+16 1776
-9 1776
+9 3552
+2 3552
+1 14208
-6 1
-10 5
+11 1
-11 2
+16 8
-57 3
+5 2
cfi=(187)
cfn=(662) _IO_doallocbuf
calls=1 343 
* 465
+4 4

fn=(682)
1130 1777
+1 1777
+2 1777
-1 1777
+1 3554
cfi=(192) ./io/../sysdeps/unix/sysv/linux/read.c
cfn=(684) read
calls=1777 25 
* 14216

fn=(724) _IO_file_overflow@@GLIBC_2.2.5
731 1855
+1 1484
+7 1853
+37 370
-2 742
+3 48
+3 72
+1 72
+1 48
+4 24
+1 96
-45 2
+12 2
+9 3
+5 3
+2 2
-3 2
+3 1
+1 1
-6 1
+1 1
+5 4
+16 347
-12 347
+1 347
+11 694
-12 347
cfn=(726)
calls=347 423 
* 38065
+3 72
+2 48
-2 72
cfn=(726)
calls=24 423 
* 2640
* 48
-34 2
cfi=(187)
cfn=(662)
calls=1 343 
* 306
+1 1
+9 1
-9 5

fn=(900) _IO_file_sync@@GLIBC_2.2.5
792 10
+5 8
+2 2
+1 4
+11 4
+4 8

fn=(722) _IO_file_xsputn@@GLIBC_2.2.5
1197 1007990
+7 201598
-7 604794
+6 787124
+9 383928
-2 767856
+17 575892
+1 191919
+3 575757
+2 191919
+2 191919
+2 383838
-2 191919
+1 191919
+1 191919
-2 191919
cob=(2)
cfi=(51)
cfn=(736)
calls=191919 0 
* 3399451
* 191919
+4 383838
+28 1814382
-36 45
+12 45
fi=(202)
940 135
+2 90
+1 90
fe=(188)
1243 301
fi=(202)
940 903
+2 602
+1 602
fe=(188)
1243 1038
cfn=(724)
calls=346 731 
* 46247
* 692
+6 692
+1 2422
+2 692
+11 1038
+1 1384
cfi=(187)
cfn=(728) _IO_default_xsputn
calls=346 371 
* 25633
+2 1038

fn=(780)
1173 2590
+2 2220
+5 370
cfi=(207) ./io/../sysdeps/unix/sysv/linux/write.c
cfn=(782) write
calls=370 25 
* 3330
+1 740
+5 370
+1 370
-12 740
+4 1110
+1 740
+10 1110
+3 2220
-4 1110

fn=(896) _IO_file_setbuf@@GLIBC_2.2.5
381 6
+1 2
cfi=(187)
cfn=(898) _IO_default_setbuf
calls=2 +70 
* 138
* 4
+3 2
+4 4
-2 6
+3 4

fn=(666)
1146 2
+1 4
cfi=(190) ./io/../sysdeps/unix/sysv/linux/fstat64.c
cfn=(668) fstat
calls=2 29 
* 30

fl=(86) ./string/../sysdeps/x86_64/multiarch/strcmp.c
fn=(300) strcmp
65 2
-24 4
+1 2
-1 4
+1 4
+2 4
+5 6
+3 6
+13 2

fl=(108) ./string/../sysdeps/x86_64/multiarch/strcat.c
fn=(352) strcat
29 1
fi=(101) ./string/../sysdeps/x86_64/multiarch/ifunc-strcpy.h
+7 2
+1 1
-1 2
+1 2
+2 2
+4 3
+3 3
fe=(108)
-17 1

fl=(166)
fn=(568)
46 1
+1 1
+1 1
+2 1
+1 1
+3 1
+1 1
+1 1
+2 1
+1 1
+1 1
+1 1
+1 1
+1 1
+2 1
+1 1
+12 1
+1 1
219 1
+1 1
+1 1
+1 1
+1 1
+2 1
+1 1
+1 1
+1 2

fl=(81) ./string/../sysdeps/x86/cacheinfo.c
fn=(290) __x86_cacheinfo
86 1
fi=(82) ./string/../sysdeps/x86/cacheinfo.h
-25 1
+3 3
+2 1
+1 1
-1 2
+7 3
+2 1
+1 1
-1 2
+5 2
+2 2
+1 2
+1 2
+2 2
fe=(81)
* 2

fl=(218)
fn=(830)
30 6
+3 6
-3 21
+3 12
+3 9
+4 18
-4 9
+58 12
+4 18
-4 9
+11 6
+1 6
cfi=(219) ./posix/./posix/register-atfork.c
cfn=(832) __unregister_atfork
calls=3 -30 
* 48
+1 12
+1 24

fl=(209) ./stdio-common/./stdio-common/vfprintf-internal.c
fn=(790) __vfprintf_internal
1180 115608
+30 48170
+8 28902
+4 48170
+11 19268
+11 9634
fi=(223) ./stdio-common/./stdio-common/printf-parse.h
111 19268
fe=(209)
1244 48170
fi=(223)
111 9634
cob=(2)
cfi=(51)
cfn=(792)
calls=9634 0 
* 202314
fe=(209)
1259 9634
fi=(223)
111 9634
fe=(209)
1259 28902
239 9634
fi=(224) ./stdio-common/../libio/libioP.h
940 9634
fe=(209)
1263 9634
fi=(224)
942 9634
-2 9634
fe=(209)
1263 9634
fi=(224)
940 19268
+2 19268
+1 19268
fe=(209)
239 38536
cfi=(188)
cfn=(722)
calls=9634 1197 
* 192680
* 19268
127 86706
1263 19268
+4 28902
+4 77072
1532 9634
1214 9634
+34 9634
-8 9634
1532 28902
+23 9634
-39 9634
+39 9634
-39 9634
+39 19268
1313 433530
+39 28902
-51 28902
-1 28902
-1 28902
-1 28902
+5 28902
1501 28902
fi=(223)
88 28902
fe=(209)
1352 28902
-46 28902
-4 28902
+50 28902
1501 28902
1295 28902
-1 28902
-1 28902
-1 28902
-1 28902
+16 57804
1608 19268
+1 19268
+3 115608
-4 86706
1218 19268
+41 38536
cfi=(186) ./nptl/./nptl/libc-cleanup.c
cfn=(654) __libc_cleanup_push_defer
calls=9634 24 
* 96340
+1 125242
-1 19268
1609 19268
cfi=(186)
cfn=(692) __libc_cleanup_pop_restore
calls=9634 39 
* 77072
+2 9634
-47 9634
-47 211948
-1 250484
cfi=(211) ./stdio-common/./stdio-common/_itoa.c
cfn=(796) _itoa_word
calls=19268 163 
* 975666
* 597308
192 38536
+47 19268
fi=(224)
942 57804
+1 38536
fe=(209)
239 77072
cfi=(188)
cfn=(722)
calls=19268 1197 
* 1268080
* 38536
127 317922
1517 57804
-54 19268
+53 38536
+73 28902
fi=(223)
111 28902
fe=(209)
1583 28902
fi=(223)
111 57804
cob=(2)
cfi=(51)
cfn=(792)
calls=28902 0 
* 606942
fe=(209)
239 28902
fi=(224)
942 28902
fe=(209)
1593 28902
fi=(223)
111 28902
fi=(224)
942 28902
fe=(209)
1593 28902
fi=(224)
942 28902
+1 57804
fe=(209)
239 115608
cfi=(188)
cfn=(722)
calls=28902 1197 
* 1909472
* 57804
127 375726
1593 57804
+2 67438
-79 385360
192 38536
1392 38536
1516 154144
+1 19268
cob=(2)
cfi=(51)
cfn=(706)
calls=9634 0 
* 154193
* 19268
-1 192680
239 9634
fi=(224)
942 28902
+1 19268
fe=(209)
239 38536
cfi=(188)
cfn=(722)
calls=9634 1197 
* 612566
* 19268
127 57804
1516 38536

fl=(179) ./stdlib/../sysdeps/unix/sysv/linux/getrandom.c
fn=(626) getrandom
28 1
+1 7
+1 1

fl=(109) ./string/../sysdeps/x86_64/multiarch/strncase_l.c
fn=(356) strncasecmp_l
31 1
fi=(225) ./string/../sysdeps/x86_64/multiarch/ifunc-strcasecmp.h
+1 5
fe=(109)
-1 1

fl=(161) ./nptl/../sysdeps/unix/sysv/linux/x86/elision-conf.c
fn=(528) __lll_elision_init
96 2
+5 1
-5 1
+5 1
-5 3
+5 3
cob=(2)
cfi=(51)
cfn=(516)
calls=1 0 
* 22
+2 4
cob=(2)
cfi=(51)
cfn=(516)
calls=1 0 
* 22
+2 4
cob=(2)
cfi=(51)
cfn=(516)
calls=1 0 
* 22
+2 4
cob=(2)
cfi=(51)
cfn=(516)
calls=1 0 
* 22
+2 4
cob=(2)
cfi=(51)
cfn=(516)
calls=1 0 
* 22
+4 3
+1 1
+1 6

fl=(173) ./setjmp/../sysdeps/x86_64/bsd-_setjmp.S
fn=(610) _setjmp
28 1
+2 1
+2 1
cfi=(174) ./setjmp/../sysdeps/x86_64/setjmp.S
cfn=(612) __sigsetjmp
calls=1 -2 
* 31

fl=(158) ./nptl/./nptl/pthread_mutex_conf.c
fn=(514) __pthread_tunables_init
50 2
+1 2
-1 4
+1 3
cob=(2)
cfi=(51)
cfn=(516)
calls=1 -51 
* 884
+2 4
cob=(2)
cfi=(51)
cfn=(516)
calls=1 -53 
* 23
+2 6

fl=(199)
fn=(712)
307 24866
+1 24866
+6 24866
+1 24866
+42 24866
+1 24866
+2 18931
+1 18931
+2 63
+4 63
+16 63
+1 63
+1 63
+1 63
+1 63
+7 5935
+1 5935
+1 5935
+1 5935
+2 5935
+17 18868
+1 18868
+1 18868
+1 18868
+1 18868

fn=(738)
294 191919
+1 191919
+1 191919
+1 191919
+17 191919
+1 191919
+42 191919
+1 191919
+2 190311
+1 190311
+2 49181
+4 49181
+1 39254
+1 39254
+1 39254
+1 39254
+1 1214
+1 1214
+2 1214
+2 1214
-2 38040
+2 38040
+6 9927
+1 9927
+1 9927
+1 9927
+1 9927
+7 1608
+1 1608
+1 1608
+1 1608
+2 1608
+17 141130
+1 141130
+1 141130
+1 141130
+1 141130

fl=(212) ./misc/../sysdeps/unix/sysv/linux/mmap64.c
fn=(808) mmap
47 122
+3 122
+8 244
+2 61

fl=(170)
fn=(586)
242 12
343 3
+1 3
cfi=(171) ./stdlib/./stdlib/cxa_atexit.c
cfn=(588) __cxa_atexit
calls=1 69 
* 71
+25 6
+6 2
-3 2
+10 2
cob=(2)
cfi=(51)
cfn=(602)
calls=1 0 
* 880
+2 2
+8 4
cfi=(172) ./csu/../sysdeps/nptl/libc_start_call_main.h
cfn=(608) (below main)
calls=1 29 
* 30622531037
128 2
+6 3
+1 6
cob=(2)
cfi=(51)
cfn=(592)
calls=1 0 
* 7
* 1
+3 1
+1 2
+3 2
+1 2
-1 1
+2 7
+1 4
cob=(6)
cfi=(169)
cfn=(596)
calls=1 0 
* 12
-1 4

fl=(186)
fn=(654)
24 485890
+3 971780
+3 1943560
+1 485890
+2 485890
+1 485890

fn=(692)
39 485890
+3 971780
+2 971780
+1 971780
+2 485890

fl=(105) ./string/../sysdeps/x86_64/multiarch/strcasecmp.c
fn=(346) strcasecmp
31 1
fi=(225)
+1 5
fe=(105)
-1 1

fl=(198)
fn=(708)
50 168660
+13 168660
+1 168660
+1 168660
+3 168660
+2 168660
+1 168660
+3 168639
+1 168639
+8 168639
+1 168639
+1 168639
+5 337278
+26 1
+13 1
+1 1
+1 1
+6 2
+97 1
+6 1
+1 1
+1 1
509 21
+1 21
+1 21
+3 21
+15 21
+1 21
+1 20
+7 40

fl=(156) ./resource/../sysdeps/unix/sysv/linux/getrlimit64.c
fn=(510) getrlimit
38 2
+1 7
+1 1

fl=(193) ./stdlib/../stdlib/strtol.c
fn=(688) __strtol_internal
97 337536
+1 1012608
cfi=(194) ./stdlib/../stdlib/strtol_l.c
cfn=(690) ____strtol_l_internal
calls=337536 225 
* 44890148

fl=(87) ./wcsmbs/../sysdeps/x86_64/multiarch/wcsnlen.c
fn=(302) wcsnlen
29 1
fi=(88) ./wcsmbs/../sysdeps/x86_64/multiarch/ifunc-wcslen.h
+5 4
-1 2
+2 3
+2 2
+4 3
+3 3
fe=(87)
-15 1

fl=(99) ./wcsmbs/../sysdeps/x86_64/multiarch/wcscmp.c
fn=(332) wcscmp
30 1
fi=(95) ./wcsmbs/../sysdeps/x86_64/multiarch/ifunc-avx2.h
+3 5
-1 2
+2 3
+2 2
+4 3
+3 4
fe=(99)
-13 1

fl=(177)
fn=(620)
3624 4
+10 2
-10 8
+10 16
+8 4
+3 6
+2 6
+32 6
cfn=(632) _int_malloc
calls=2 1343 
* 298
+2 10
fi=(178) ./malloc/./malloc/arena.c
162 6
fe=(177)
3681 4
+3 6
+14 4
+11 2
+5 2
-2 4
-3 2
+12 8
-20 8
+31 2
+2 4
+2 4
fi=(178)
315 1
cfn=(624) ptmalloc_init.part.0
calls=1 -2 
* 1128
* 1
fe=(177)
3657 2
+1 6
+7 2
+97 2
-25 4
+25 8
-25 2
cob=(2)
cfi=(51)
cfn=(644)
calls=2 0 
* 131126
3241 4
cfn=(630) tcache_init.part.0
calls=1 -6 
* 484
* 1

fn=(632)
1343 607278
3771 303639
1362 303639
3771 2429112
1362 607278
3811 2284
+27 2284
+66 300479
+2 300479
-2 300479
+2 600958
+2 11
+1 22
+6 11
-4 11
+1 11
+1 11
+2 22
+7 44
-1 22
+1 22
3181 11
3927 11
3183 11
3927 11
3181 11
3927 228
+1 136
+4 65
+1 65
+1 130
3181 65
3936 65
3185 65
3937 65
3181 65
+2 325
-6 65
+9 65
-9 65
+8 65
+1 65
1362 604994
3811 604994
4397 604994
3838 604994
+63 49514
+62 146
+1 12
+1 1142
3838 2284
1362 1142
3843 2284
+2 2284
+2 6312
-6 3156
+9 3156
+1 3156
-1 6312
+1 15780
+5 6312
+1 6312
+7 3156
-1 6312
+1 15780
+5 3156
+1 3156
3183 3156
3870 3156
+5 68365
3181 27346
+2 13673
+2 13673
-2 27346
+2 13673
-8 13673
+8 13673
3869 13673
+1 73831
+2 27346
+2 13673
+1 13673
-1 27346
-21 833220
-10 277740
+2 1382658
4399 600936
3903 300468
4399 3906084
3983 300468
+1 300468
-1 600936
-1 600936
+2 600936
-1 4
+1 4
-1 8
-1 8
+2 8
-2 901413
+12 300471
-6 300471
+73 1201884
-67 901414
-6 1
+73 4
-67 363
4158 27
-91 27
+91 54
-91 27
-74 27
3181 27
4067 27
3181 54
4025 54
3183 54
3997 108
+1 27
+2 54
-3 1220
+1 305
+2 610
+1 996
+2 332
+1 1328
+2 1328
-10 332
+12 664
+1 664
+2 664
+11 1328
+31 332
+1 332
+4 664
+29 658
+2 658
+1 987
+1 329
-1 329
+57 329
+2 658
-2 658
+2 329
+7 329
-9 987
+9 329
-7 329
+1 329
+1 329
+6 658
3994 6
2005 9468
4413 2732751
2005 11
3944 11
2005 22
4060 3
+1 3
-1 3
+1 6
+5 3
-21 3
+21 3
+1 12
+99 987
3994 987
4183 601178
+2 12
+3 4
-3 4
+3 8
+68 601178
+1 300589
+1 300589
-1 300589
+1 300589
+1 601178
+1 901767
+5 601788
+16 13
+2 26
-4 584
+8 279
+3 558
+2 26
+1 26
+1 26
-2 104
-27 26
3181 3
+2 3
+2 3
-4 3
+2 12
4071 3
3184 3
+1 3
4071 3
3963 8
+60 54
+1 12
4269 901008
+3 1201328
-3 900996
+3 1201328
-3 600664
+3 900993
+97 300336
+1 600672
+2 600672
+3 901494
+17 729
+2 240
cfn=(800) malloc_consolidate
calls=120 4715 
* 25065
+3 120
-1 360
+1 120
-1 120
3904 74259
4299 759
+3 506
+2 253
+3 506
-3 253
+3 506
cfn=(802) unlink_chunk.constprop.0
calls=253 1626 
* 5566
+3 1012
+15 12
-5 6
+5 12
+1 12
+3 6
+1 6
+1 6
+3 12
+1 6
+1 12
+5 48
+2 18
+1 6
2005 6
4347 6
2005 259
4347 247
2005 494
4313 247
-1 247
+1 494
3193 9
+1 6
+2 12
+1 3
+1 3
4174 3
4380 300093
-2 600186
+2 300093
-1 300093
+6 300093
-5 300093
-3 300093
+3 300093
+2 300093
-2 1200372
2005 300093
4382 300093
2005 600186
4407 492
cfn=(634) sysmalloc
calls=123 2548 
* 27102
* 123
+1 246
2005 369

fn=(764) _int_free
4421 683392
+10 85424
-10 256272
+10 170848
+6 427120
+1 170848
+4 341696
+8 427120
-1 170848
+1 170848
+29 85424
-20 85424
-6 85424
+6 170848
+20 341696
+14 34318
+11 68636
+2 51477
2012 51477
4527 17159
+1 17159
+4 51477
+2 51477
+4 34318
+2 68636
+1 17159
+19 64772
4702 939664
3181 68265
+4 68265
-4 68265
+2 273060
+1 68265
+1 68265
4482 68265

fn=(674)
3287 2313732
+7 771244
1343 771244
+19 1542488
3306 1542488
+3 771244
+10 910908
+28 1518180
1362 362743
3304 1088229
+7 1156860
3193 163972
+1 163972
+2 81986
+1 81986
-1 245958
+1 81986
+1 81986
3347 409930
-26 1214544
cfn=(632)
calls=303636 1343 
* 42925594
+1 1518180
fi=(178)
162 607272
fe=(177)

fn=(800)
4715 120
+17 120
-17 480
+28 120
-28 360
+15 120
+2 120
+13 240
+1 240
-1 2160
+1 2160
+62 3600
+1 960
-31 658
+4 656
+2 328
+1 656
+1 656
+2 656
-4 1
+1 2
+1 2
+2 2
+5 329
+2 329
-2 658
+3 329
+9 969
-56 660
+4 990
+1 1320
+8 330
-3 660
+3 330
-3 330
+4 330
-4 330
+5 330
-5 330
+5 660
+2 660
+1 2
+2 2
-1 2
+2 8
+2 12
cfn=(802)
calls=2 1626 
* 44
* 8
+3 660
+25 1
+1 2
+1 2
-23 1
+1 3
+16 1
-16 1
cfn=(802)
calls=1 1626 
* 22
* 3

fn=(760)
3352 85400
+4 170800
-4 85400
+14 85400
-14 170800
+12 85400
+4 85400
-4 85400
+4 170800
+17 256200
fi=(178)
162 256200
fe=(177)
3391 170800
cfn=(764)
calls=85400 4421 
* 5822075
+3 85400
+1 341600

fn=(802)
1626 256
+2 1280
+3 512
+1 256
-1 768
+3 1024
+3 256
+1 256
+1 512
+24 512

fn=(806) sysmalloc_mmap_fallback.constprop.0
2508 427
+4 61
-4 122
+7 122
+1 5
+3 122
+5 61
-1 122
+3 488
cfi=(212)
cfn=(808)
calls=61 47 
* 549
* 61
+3 122
+4 122
+7 61
+2 61
+2 427
2028 244

fn=(630)
3235 3
+9 8
+1 3
cfn=(632)
calls=1 1343 
* 367
* 1
+1 2
+8 4
+7 2
+2 1
+1 2
-1 1
+1 86
+3 4

fn=(634)
2548 1107
+20 492
+11 246
+1 369
+26 123
+1 369
+1 123
+9 980
+6 369
+3 369
2941 246
+1 123
+5 246
+3 246
+5 246
-2 123
+2 123
-1 123
+1 123
-3 123
+3 123
+1 123
-1 369
+1 123
+2 246
+6 1353
2687 246
+9 492
+13 369
+8 615
+8 246
+21 244
+6 427
cfn=(806)
calls=61 2508 
* 3177
+2 122
-2 61
+2 61
+4 61
+14 183
-10 122
+2 246
+2 369
+6 488
+1 61
2946 61
2773 183
+2 124
+92 122
-65 61
+84 122
+10 62
-1 62
+1 186
+1 62
+11 124
+7 122
+1 183
+8 61
+2 61
+5 122
+2 96
cfn=(764)
calls=24 4421 
* 1536
* 24
+8 24
+5 48
fi=(178)
565 123
fe=(177)
2727 123
cfi=(180) ./malloc/./malloc/morecore.c
cfn=(638) __glibc_morecore
calls=123 25 
* 5547
+1 246
-1 123
+1 123
2028 62
2729 62
2028 62
2729 62
2028 124
2730 123
+3 246
+33 124
2610 124
2775 2
+40 3
+22 1
+1 1
-1 1
+1 6
+2 2
+1 3
cfi=(180)
cfn=(638)
calls=1 25 
* 28
+12 2
-12 1
+12 1
2028 4
2897 4
2765 2
-36 122
-16 3

fl=(192)
fn=(684)
25 1777
+1 10662
+1 1777

fl=(187)
fn=(804) __overflow
199 72
+2 72
+2 24
fi=(202)
940 72
+2 48
+1 48
fe=(187)
203 24
+1 48
-1 24
cfi=(188)
cfn=(724)
calls=24 731 
* 3648

fn=(662)
343 2
+1 4
-1 6
+3 8
+1 2
fi=(202)
940 6
+2 4
+1 4
fe=(187)
347 4
cfi=(189)
cfn=(664)
calls=2 78 
* 719
* 4
+3 8

fn=(728)
371 346
+3 692
-3 2768
fi=(202)
940 346
fe=(187)
371 346
fi=(202)
940 346
fe=(187)
371 346
fi=(202)
940 346
fe=(187)
371 692
+18 692
+8 346
+2 692
-20 1384
+2 1038
+3 692
+20 346
-29 346
+29 2422
-11 2908
+1 64
-1 64
+1 22
-1 22
+1 14
-1 14
+1 12
-1 12
+1 8
-1 8
+1 2
-1 2
+1 1664
-1 800
+1 552
-1 828
+1 1670
-1 2781

fn=(890) _IO_flush_all_lockp
686 12
+5 6
cfi=(186)
cfn=(654)
calls=1 24 
* 10
+1 9
+3 1
-8 1
+5 2
+3 2
fi=(202)
940 4
fe=(187)
706 1
fi=(202)
942 2
+1 2
fe=(187)
706 3
cfi=(188)
cfn=(724)
calls=1 +25 
* 133
+1 3
+2 6
+2 3
-16 9
+2 3
+1 6
+3 20
+14 9
+1 2
cfi=(186)
cfn=(692)
calls=1 39 
* 8
+4 12

fn=(898)
452 4
fi=(202)
940 2
fe=(187)
452 4
fi=(202)
940 2
fe=(187)
452 2
fi=(202)
940 2
fe=(187)
452 8
+1 2
fi=(202)
942 4
+1 4
fe=(187)
453 4
cfi=(188)
cfn=(900)
calls=2 792 
* 36
* 4
+4 2
330 2
462 2
-7 4
332 4
+5 2
-5 2
+5 2
467 2
332 2
466 8
+2 12
-11 2
+1 4
-1 2
330 8

fn=(678)
329 18
+1 8
+5 4
-3 2
+3 8
+3 8

fn=(680)
164 8885
+1 5331
+3 5331
+4 3554
+1 3554
+7 1777
-4 1777
+4 1777
-2 3554
+3 1777
+1 7108

fn=(658) _IO_default_uflow
361 3554
fi=(202)
940 3554
fe=(187)
361 1777
fi=(202)
940 1777
fe=(187)
361 3554
+1 1777
fi=(202)
942 3554
+1 3554
fe=(187)
362 3554
cfi=(188)
cfn=(660)
calls=1777 +99 
* 176398
+1 3554
+2 7104
+1 7108

fn=(888) _IO_cleanup
863 2
+3 1
-3 9
-77 1
+80 1
cfn=(890)
calls=1 686 
* 269
-80 2
+80 1
-80 3
cfi=(186)
cfn=(654)
calls=1 24 
* 10
+1 9
+3 1
-3 2
+3 2
fi=(202)
940 4
fe=(187)
838 3
-48 9
+9 9
+2 6
+6 26
+8 10
+9 2
fi=(202)
942 4
+1 4
fe=(187)
824 8
cfi=(188)
cfn=(896)
calls=2 381 
* 166
+2 6
+4 10
+1 16
+11 9
+1 2
cfi=(186)
cfn=(692)
calls=1 39 
* 8
+35 12
-59 2
-2 2
+3 2
-3 2
+2 6

fn=(656) __uflow
299 8885
+1 5331
+5 5331
+3 1777
173 1777
308 3554
+2 3554
+6 3554
+7 1777
fi=(202)
940 5331
+2 3554
+1 3554
fe=(187)
323 1777
+1 1777
-1 1777
+1 3554
-1 1777
cfn=(658)
calls=1777 +38 
* 220819
-23 3554
+21 5331

fn=(686) _IO_sputbackc
635 8137870
+3 4882722
+1 3255148
+9 1627574
+3 6510296
-10 3255148
+1 1627574
+5 1627574

fl=(197)
fn=(704)
27 74598
+1 24866
-1 99464
+1 24866
cob=(2)
cfi=(51)
cfn=(706)
calls=24866 -28 
* 397856
+1 49732
+4 24866
-1 49732
+1 24866
-1 24866
+1 24866
-1 24866
cob=(2)
cfi=(51)
cfn=(710)
calls=24866 -32 
* 361246

fl=(181) ./misc/./misc/sbrk.c
fn=(640) sbrk
37 248
+6 124
-6 124
+3 124
-3 248
+3 124
+3 124
+20 1
+15 315
-20 248
+1 2
cfi=(182) ./misc/../sysdeps/unix/sysv/linux/brk.c
cfn=(642) brk
calls=1 -24 
* 9
* 2
+4 1
-1 248
+4 492
+8 123
cfi=(182)
cfn=(642)
calls=123 -39 
* 1229
* 246
-14 61
+18 305

fl=(216) ./nptl/./nptl/pthread_mutex_lock.c
fn=(818) pthread_mutex_lock@@GLIBC_2.2.5
77 1
+3 3
+2 1
+2 2
-7 2
+11 2
+79 1
+3 1
+2 1
+3 1
+2 1
+1 3
-81 2
+11 4
+4 1
+3 2
-71 1
+1 8
+1 1
+84 3
+1 2

fl=(128) ./string/../sysdeps/x86_64/multiarch/rawmemchr.c
fn=(408) rawmemchr
31 1
fi=(124) ./string/../sysdeps/x86_64/multiarch/ifunc-evex.h
+4 5
-1 2
+2 3
+5 2
-3 2
+9 3
+3 4
fe=(128)
-19 1

fl=(118) ./string/../sysdeps/x86_64/multiarch/strlen.c
fn=(380) strlen
29 1
fi=(84)
+4 5
-1 2
+2 3
+2 2
+4 3
+3 4
fe=(118)
-14 1

fl=(100) ./string/../sysdeps/x86_64/multiarch/stpncpy.c
fn=(336) stpncpy
31 1
fi=(101)
+5 2
+1 1
-1 2
+1 2
+2 2
+4 3
+3 3
fe=(100)
-15 1

fl=(167) ./libio/./libio/vtables.c
fn=(570) check_stdfiles_vtables
83 1
+1 4
+1 3
+1 3
+2 1

fl=(174)
fn=(612)
30 1
+2 1
+9 1
+1 2
+1 1
+4 1
+1 1
+1 1
+1 1
+1 1
+2 2
+2 1
+1 1
+1 1
+2 2
+2 1
+5 1
+1 1
+17 1
cfi=(175) ./setjmp/./setjmp/sigjmp.c
cfn=(614) __sigjmp_save
calls=1 -56 
* 9

fl=(194)
fn=(690)
225 1012608
+54 337536
-54 1350144
+19 337536
-19 1012608
+14 337536
-14 337536
+26 675072
+31 1350144
+9 2025216
+2 675072
+5 675072
-1 337536
+6 675072
+4 675072
+10 675072
+10 1350144
-82 675072
377 337536
+56 1350144
309 337536
449 337536
+10 1012608
-10 337536
+10 337536
+12 675072
-5 888140
+5 888140
+1 2664420
-41 1776280
+2 2877488
+2 2664420
+28 2664420
+3 1776280
+11 675072
+5 1012608
+1 337536
+5 675072
324 675072
491 1012608
-2 675072
+17 1687680
+18 2700288

fl=(185) ./stdio-common/./stdio-common/vfscanf-internal.c
fn=(652) __vfscanf_internal
278 6191302
+10 2381270
+1 476254
fi=(195) ./stdio-common/../include/scratch_buffer.h
78 476254
fe=(185)
289 476254
fi=(195)
77 952508
fe=(185)
339 476254
fi=(195)
77 476254
fe=(185)
339 1905016
+6 1428763
+3 1905016
+4 952508
+13 476254
-6 476254
+8 952508
-8 476254
+8 476254
+5 476254
-5 476254
+5 2857524
cfi=(186)
cfn=(654)
calls=476254 24 
* 4762540
* 1428762
+9 476254
-4 476254
+4 1428762
570 476254
284 476254
-1 476254
+10 476254
-11 476254
570 952508
2429 1905016
328 952508
+4 476254
-5 476254
-1 476254
-1 476254
-12 476254
2180 476254
2429 476254
2180 2381270
418 2302644
+24 2302644
+1 2302644
+3 1687670
-65 4605284
3015 2381265
222 1627576
+1 1627576
-1 813788
488 813788
222 813788
488 1627576
222 813788
488 1627576
345 952506
+3 2
+24 5238794
482 813788
+22 3255152
+25 813788
-4 3255152
+7 8137880
+80 1627576
+5 813788
-1 1627576
+1 1627576
+1 1428762
+3 2441364
+1 6510304
+6 8483622
+3 2827680
-3 1413840
+3 5655746
-3 193
+3 772
-3 2828068
+3 6
+1 5696516
+1 4068937
+4 1627574
-4 1627574
cfi=(187)
cfn=(686)
calls=813787 +2 
* 15461953
+4 6510296
-9 388
cfi=(187)
cfn=(656)
calls=194 299 
* 31899
* 392
3025 6191302
cfi=(186)
cfn=(692)
calls=476254 39 
* 3810032
fi=(195)
85 1428762
fe=(185)
3029 952508
+17 952506
+6 5715048
442 337534
+6 675068
618 6
3031 3
637 11
1398 3375360
+5 1012608
+9 2025216
1733 675072
+9 337536
fi=(195)
113 1350144
fe=(185)
1742 675072
fi=(195)
113 1012608
fe=(185)
1740 6341448
260 1776280
1797 888140
260 1776280
+3 2664420
1799 3552560
+2 7992440
-68 1775870
+68 205
-68 410
+2 2451352
+2 1687680
+67 675072
206 337536
1811 675072
214 675072
1812 675072
+28 2025216
cfi=(187)
cfn=(686)
calls=337536 635 
* 6413184
260 1012608
+3 1012608
1844 675072
1669 337536
206 337536
1862 675072
1669 675072
1861 1012608
+1 337536
cfi=(193)
cfn=(688)
calls=337536 97 
* 46240292
* 337536
+6 1012608
+3 1687680
+6 337536
-4 675072
+4 675072
+23 675072
1390 337536
-1 337536
+2 337536
1742 1687680
+59 410
cfi=(187)
cfn=(656)
calls=205 299 
* 33210
* 615
1435 1350144
+3 1350144
637 476251
1017 2381260
+2 2381260
+2 3810010
+10 952502
-10 476251
+10 1428753
+71 476251
-81 3333757
+81 476251
-81 1428753
1144 41424536
1031 10354534
1144 5177267
1031 10357094
1144 1280
1031 2560
1144 4702296
-45 10357094
+3 5178547
-1 10357094
+1 10357094
-1 10357094
+43 5120
cfi=(187)
cfn=(656)
calls=1280 299 
* 207360
* 6400
2943 952502
+40 1428753
+2 952502
+8 952502
-10 476251
+8 952502
1813 207222
+1 207222
+65 675072
+17 3375360
2048 2381255
1033 1428753
cfi=(187)
cfn=(686)
calls=476251 635 
* 9048769
+1 476251
1881 675072
+1 1012608
1023 6
-2 3
+1 1
-3 6667528

fl=(127) ./string/../sysdeps/x86_64/multiarch/strncase.c
fn=(406) strncasecmp
31 1
fi=(225)
+1 5
fe=(127)
-1 1

fl=(207)
fn=(782)
25 370
+1 2590
+1 370

fl=(102) ./wcsmbs/../sysdeps/x86_64/multiarch/wmemchr.c
fn=(340) wmemchr
31 2
fi=(103) ./wcsmbs/../sysdeps/x86_64/multiarch/ifunc-evex.h
+4 10
-1 4
+2 6
+5 4
-3 4
+9 6
+3 8
fe=(102)
-19 2

fl=(191) ./io/../sysdeps/unix/sysv/linux/fstatat64.c
fn=(670) fstatat
153 4
-55 4
+70 6
+1 2

fl=(190)
fn=(668)
29 4
+1 4
+5 6
cfi=(191)
cfn=(670)
calls=2 153 
* 16

fl=(91) ./wcsmbs/../sysdeps/x86_64/multiarch/wcslen.c
fn=(310) wcslen
29 1
fi=(88)
+5 4
-1 2
+2 3
+2 2
+4 3
+3 3
fe=(91)
-15 1

fl=(106) ./string/../sysdeps/x86_64/multiarch/strcspn.c
fn=(348) strcspn
29 1
fi=(226) ./string/../sysdeps/x86_64/multiarch/ifunc-sse4_2.h
+1 5
fe=(106)
-1 1

fl=(125) ./string/../sysdeps/x86_64/multiarch/strspn.c
fn=(400) strspn
29 1
fi=(226)
+1 5
fe=(125)
-1 1

fl=(213) ./stdlib/./stdlib/exit.c
fn=(812) __run_exit_handlers
40 11
+5 2
+3 5
+50 1
-42 1
+2 3
+8 6
+2 1
+3 1
-3 1
+3 6
+34 1
+1 1
+1 1
-2 1
+7 1
-3 2
+3 3
+1 3
cob=(1)
cfi=(215) ./elf/./elf/dl-fini.c
cfn=(816) _dl_fini
calls=1 -82 
* 1131
+1 4
+10 2
+1 2
-63 1
+69 4
+2 2
+1 6
cfi=(187)
cfn=(888)
calls=1 863 
* 641
* 3
+2 2
cfi=(221) ./posix/../sysdeps/unix/sysv/linux/_exit.c
cfn=(902) _Exit
calls=1 27 
* 5
-90 1
cfi=(214) ./stdlib/./stdlib/cxa_thread_atexit_impl.c
cfn=(814) __call_tls_dtors
calls=1 149 
* 12
* 1

fn=(810) exit
142 3
+1 3
-1 1
+1 1
cfn=(812)
calls=1 40 
* 1868

fl=(219)
fn=(832)
76 6
+1 3
-1 3
+1 9
fi=(220) ./posix/../malloc/dynarray-skeleton.c
243 3
fe=(219)
65 6
+38 12
+1 6

fl=(208)
fn=(788)
25 105974
+7 9634
-4 19268
+4 19268
-4 9634
+5 9634
-1 9634
+1 9634
-5 9634
+4 9634
+1 9634
-1 9634
+1 9634
cfi=(209)
cfn=(790)
calls=9634 1180 
* 12395961
+4 48170

fl=(119) ./string/../sysdeps/x86_64/multiarch/strncpy.c
fn=(384) strncpy
29 1
fi=(101)
+7 2
+1 1
-1 2
+1 2
+2 2
+4 3
+3 3
fe=(119)
-17 1

fl=(178)
fn=(624)
313 1
fi=(177)
3162 3
fe=(178)
313 5
+5 1
fi=(177)
3162 2
cfi=(179)
cfn=(626)
calls=1 28 
* 9
* 2
fe=(178)
343 2
+4 3
fi=(177)
1966 4
+3 1
-3 1
+3 2
-3 2
+3 126
-3 126
+3 252
-3 252
fe=(178)
352 3
fi=(177)
1977 1
+1 1
+2 1
fe=(178)
352 1
cob=(2)
cfi=(51)
cfn=(516)
calls=1 0 
* 23
+1 4
cob=(2)
cfi=(51)
cfn=(516)
calls=1 0 
* 22
+1 4
cob=(2)
cfi=(51)
cfn=(516)
calls=1 0 
* 23
+1 4
cob=(2)
cfi=(51)
cfn=(516)
calls=1 0 
* 23
+1 4
cob=(2)
cfi=(51)
cfn=(516)
calls=1 0 
* 22
+1 4
cob=(2)
cfi=(51)
cfn=(516)
calls=1 0 
* 23
+1 4
cob=(2)
cfi=(51)
cfn=(516)
calls=1 0 
* 23
+2 4
cob=(2)
cfi=(51)
cfn=(516)
calls=1 0 
* 23
+1 4
cob=(2)
cfi=(51)
cfn=(516)
calls=1 0 
* 23
+1 4
cob=(2)
cfi=(51)
cfn=(516)
calls=1 0 
* 23
+3 4
cob=(2)
cfi=(51)
cfn=(516)
calls=1 0 
* 23
+1 4
cob=(2)
cfi=(51)
cfn=(516)
calls=1 0 
* 23
+1 2
+63 7

fl=(183)
fn=(646)
181 2
+1 6
+5 2
+1 2
+1 2
+1 2
+69 2
+1 2
+88 2
+1 2
+1 2
+1 131090
+1 2
+1 4

fl=(85) ./string/../sysdeps/x86_64/multiarch/strpbrk.c
fn=(298) strpbrk
29 1
fi=(226)
+1 5
fe=(85)
-1 1

fl=(107) ./wcsmbs/../sysdeps/x86_64/multiarch/wcscpy.c
fn=(350) wcscpy
43 1
-6 5
+6 1

fl=(182)
fn=(642)
35 124
+1 496
+1 248
+6 63
+1 63
-5 122
+1 122

fl=(171)
fn=(588)
69 9
-28 2
+2 6
+1 2
cfn=(590) __new_exitfn
calls=1 +38 
* 32
+2 2
+10 1
+2 1
-5 3
+3 1
-1 1
+4 2
+1 1
-1 2
+12 6

fn=(590)
82 1
+6 2
-6 4
+11 4
-10 2
+12 4
-2 1
+10 1
-10 3
+45 1
+5 1
-4 1
+4 4
-18 1
-1 1
+1 1

fl=(120) ./wcsmbs/../sysdeps/x86_64/multiarch/wmemcmp.c
fn=(388) wmemcmp
29 1
fi=(121) ./wcsmbs/../sysdeps/x86_64/multiarch/ifunc-memcmp.h
+5 2
+1 1
-1 2
+1 2
+1 2
+1 3
+2 2
+4 3
+3 3
fe=(120)
-17 1

fl=(214)
fn=(814)
149 4
+1 4
+18 4

fl=(94) ./wcsmbs/../sysdeps/x86_64/multiarch/wcschr.c
fn=(318) wcschr
31 2
fi=(95)
+2 10
-1 4
+2 6
+2 4
+4 6
+3 8
fe=(94)
-12 2

fl=(221)
fn=(902)
27 2
+3 1
+1 2

fl=(89) ./string/../sysdeps/x86_64/multiarch/memset.c
fn=(306) memset
29 1
fi=(90) ./string/../sysdeps/x86_64/multiarch/ifunc-memset.h
+21 5
+3 3
+7 2
+9 2
+2 2
+10 2
+8 2
+2 5
fe=(89)

fl=(97) ./string/../sysdeps/x86_64/multiarch/strrchr.c
fn=(324) rindex
28 1
fi=(84)
+5 5
-1 2
+2 3
+2 2
+4 3
+3 4
fe=(97)
-15 1

fl=(110) ./string/../sysdeps/x86_64/multiarch/memcmp.c
fn=(358) bcmp
29 1
fi=(111) ./string/../sysdeps/x86_64/multiarch/ifunc-memcmp.h
+5 2
+1 1
-1 2
+1 2
+1 2
+1 3
+2 2
+4 3
+3 3
fe=(110)
-17 1

fl=(122) ./string/../sysdeps/x86_64/multiarch/stpcpy.c
fn=(392) stpcpy
33 1
fi=(101)
+3 2
+1 1
-1 2
+1 2
+2 2
+4 3
+3 3
fe=(122)
-13 1

fl=(200)
fn=(716)
34 3639792
+3 1213264
+1 3639498
+5 3033062
-5 98
cfi=(187)
cfn=(656)
calls=98 299 
* 15876

fl=(96) ./string/../sysdeps/x86_64/multiarch/strchr.c
fn=(322) index
61 1
-20 2
+1 1
-1 2
-1 2
+2 2
+2 2
+4 3
+3 3
+10 1

fl=(116) ./string/../sysdeps/x86_64/multiarch/strcpy.c
fn=(374) strcpy
29 1
fi=(101)
+7 2
+1 1
-1 2
+1 2
+2 2
+4 3
+3 3
fe=(116)
-17 1

fl=(155) ./ctype/./ctype/ctype-info.c
fn=(508) __ctype_init
29 1
+2 7
+2 4
+2 4
+1 1

fl=(123) ./string/../sysdeps/x86_64/multiarch/memchr.c
fn=(396) memchr
29 1
fi=(124)
+6 5
-1 2
+2 3
+5 2
-3 2
+9 3
+3 4
fe=(123)
-21 1

fl=(175)
fn=(614)
28 3
+2 2
-1 1
+5 3

fl=(203)
fn=(734)
83 232498206
+23 232498206
+1 232498206
+2 232498206
+1 232498206
+1 232498206
+1 232498206
+1 232498206
+2 214890909
+1 214890909
+1 214890909
+1 214890909
+1 214890909
+1 214890909
+1 214890909
+1 214890909
+18 214890909
+1 214890909
+1 214890909
+3 429781818
656 73589
+2 73589
+1 73589
+1 73589
+1 73589
+9 73589
+1 73589
+3 73589
+1 73589
+3 49699
+4 99398
+36 17526350
+1 17526350
+4 17526350
+11 17526350
+1 17526350
+1 17526350
+2 35052700
+10 17607297
+1 17607297
+2 10895048
+1 10895048
+1 10895048
+1 10895048
+1 10895048
+1 10895048
+1 10895048
+15 6712249
+1 6712249
+1 6712249
+1 6712249
+1 6712249
+1 6712249
+1 6712249
+1 6712249
+1 6712249
+2 80947
+2 80947
+13 80947
+1 80947
+23 80947
+1 80947
+31 80947
+1 80947
+2 80947
+1 80947
+1 31248
+1 62496

fl=(201)
fn=(720)
33 1073280
+2 134160
cob=(2)
cfi=(51)
cfn=(706)
calls=134160 -35 
* 2146560
+1 134160
-1 134160
+1 1609920
+3 134160
-3 134160
+3 134160
-3 134160
+3 268320
-1 268318
+1 1
+1 1
fi=(202)
940 3
+2 2
+1 2
fe=(201)
40 134159
fi=(202)
940 402477
+2 268318
+1 268318
fe=(201)
40 402480
cfi=(188)
cfn=(722)
calls=134160 1197 
* 8522691
* 268320
+1 939048
+1 536544
fi=(202)
883 268272
fe=(201)
42 96
fi=(202)
883 48
+1 1341600
fe=(201)
46 939120
-5 48
cfi=(187)
cfn=(804)
calls=24 199 
* 4080
* 48

fl=(180)
fn=(638)
25 124
+1 248
-1 124
+4 124
cfi=(181)
cfn=(640)
calls=124 +8 
* 4398
+1 248
+4 126
-7 61
+7 122

fl=(211)
fn=(796)
163 38536
+3 77072
+2 38536
+9 782986
+9 38536

fl=(217) ./nptl/./nptl/pthread_mutex_unlock.c
fn=(820) pthread_mutex_unlock@@GLIBC_2.2.5
367 1
51 3
+1 2
367 1
57 2
+8 1
-3 1
-23 1
+1 2
+30 1
369 2
40 3
+1 2
+33 2
+6 4
+4 3
+3 3

fl=(98) ./string/../sysdeps/x86_64/multiarch/memmove.c
fn=(328) memmove
29 2
fi=(93) ./string/../sysdeps/x86_64/multiarch/ifunc-memmove.h
+24 6
-1 4
+4 6
+14 4
+2 4
+8 4
+8 4
+2 10
fe=(98)

fl=(83) ./string/../sysdeps/x86_64/multiarch/strnlen.c
fn=(294) strnlen
31 2
fi=(84)
+2 10
-1 4
+2 6
+2 4
+4 6
+3 8
fe=(83)
-12 2

fl=(112) ./wcsmbs/../sysdeps/x86_64/multiarch/wmemset.c
fn=(362) wmemset
31 2
fi=(113) ./wcsmbs/../sysdeps/x86_64/multiarch/ifunc-wmemset.h
+2 10
+1 6
+2 4
+8 6
+3 8
fe=(112)
-16 2

fl=(117) ./string/../sysdeps/x86_64/multiarch/strcasecmp_l.c
fn=(378) strcasecmp_l
31 1
fi=(225)
+1 5
fe=(117)
-1 1

fl=(92) ./string/../sysdeps/x86_64/multiarch/memcpy.c
fn=(314) memcpy@@GLIBC_2.14
29 1
fi=(93)
+24 3
-1 2
+4 3
+14 2
+2 2
+8 2
+8 2
+2 5
fe=(92)

fl=(104) ./string/../sysdeps/x86_64/multiarch/strncmp.c
fn=(344) strncmp
66 1
-25 4
+1 3
+2 2
+5 3
+3 3
+14 1

fl=(172)
fn=(608)
29 4
+15 1
-15 5
+15 1
cfi=(173)
cfn=(610)
calls=1 -16 
* 34
* 1
+2 2
+5 2
+1 2
+3 2
+3 6
cob=(6)
cfi=(176)
cfn=(616)
calls=1 995 
* 30622529099
* 1
+16 1
cfi=(213)
cfn=(810)
calls=1 +68 
* 1876

fl=(210)
fn=(794)
51 38536
+2 38536
+1 38536
+1 38536
+1 38536
+1 38536
+3 38536
+1 38536
+4 38536
+1 38536
+1 38536
+1 38536
+1 38536
+1 38536
+1 38536
+1 38536
+6 38536
+1 77072

fl=(114) ./string/../sysdeps/x86_64/multiarch/memrchr.c
fn=(366) memrchr
29 1
fi=(84)
+4 5
-1 2
+2 3
+2 2
+4 3
+3 4
fe=(114)
-14 1

fl=(165) ./misc/./misc/init-misc.c
fn=(564) __init_misc
30 1
+1 2
-1 4
+1 3
+2 3
cob=(2)
cfi=(51)
cfn=(566)
calls=1 -33 
* 30
+4 5
+1 3
+2 4

fl=(184)
fn=(650)
25 6191302
+4 476254
+1 952508
-1 952508
+1 476254
-1 476254
+1 476254
-1 476254
+1 476254
-1 476254
+1 476254
cfi=(185)
cfn=(652)
calls=476254 278 
* 469769037
+4 2381270

fl=(126) ./string/../sysdeps/x86_64/multiarch/mempcpy.c
fn=(402) mempcpy
33 1
fi=(93)
+20 3
-1 2
+4 3
+14 2
+2 2
+8 2
+8 2
+2 5
fe=(126)

fl=(164) ./csu/./csu/init-first.c
fn=(562) _init_first
46 4
+5 2
+4 5
+8 1
-2 1
+10 1
-9 1
+1 1
+9 2
-1 1
cfi=(165)
cfn=(564)
calls=1 -41 
* 55

fl=(154) ./elf/./elf/libc_early_init.c
fn=(506) __libc_early_init
33 7
+2 1
cfi=(155)
cfn=(508)
calls=1 -6 
* 17
+3 1
fi=(157) ./elf/../sysdeps/nptl/pthread_early_init.h
-5 2
fe=(154)
+8 1
-3 1
fi=(157)
-5 1
cfi=(156)
cfn=(510)
calls=1 +5 
* 10
* 3
+1 6
+11 1
fi=(227) ./elf/../nptl/nptl-stack.h
+13 3
fi=(157)
-13 1
fi=(227)
+13 2
fi=(157)
-4 1
fi=(227)
+4 2
fi=(157)
-6 1
fi=(227)
+6 1
fi=(157)
-12 1
+6 6
+1 1
+4 1
cfi=(158)
cfn=(514)
calls=1 -7 
* 928
fe=(154)
-10 3
+2 2
-2 1
cfi=(161)
cfn=(528)
calls=1 +49 
* 147

ob=(1)
fl=(19) ./elf/../sysdeps/x86/dl-cacheinfo.h
fn=(52) get_common_cache_info.constprop.0
481 1
+17 1
-17 4
+16 1
-16 1
+15 1
-15 3
+18 1
-1 1
+9 2
+3 3
+11 1
-11 1
-5 1
+21 3
+4 2
681 4
+1 5
+4 2
+9 2
-2 1
+2 2
-1 1
+1 3
535 6
+3 8
+7 2
-7 9
+7 6
+3 26
+14 2
+4 1
+3 1
+1 1
-4 2
+3 3
+6 2
-37 6
+15 2
+4 1
+1 1
-1 2
+18 2
-68 6
+74 4
+8 7
+2 2
+4 3
+2 1
+2 5
-4 1
+16 1
-16 3
+21 2
-21 4
+3 1
+1 4
-4 1
+6 4
+3 2
+5 1
+2 2
+1 1
+1 1
-2 2
+1 1
-19 5
+46 2
+1 1
+1 2
+2 2
-1 3
-23 2
+7 1
+2 2
-16 1
+22 1
-6 2
+1 1
+5 1

fn=(46) handle_intel.constprop.0
255 24
-5 24
+16 12
-16 72
+13 12
+1 36
-3 24
+11 60
+5 24
+2 12
+1 12
-1 12
+5 48
cfn=(48) intel_check_word.constprop.0
calls=12 123 
* 3876
+2 24
+3 60
cfn=(48)
calls=12 123 
* 1156
+2 24
+3 5
cfn=(48)
calls=1 123 
* 20
+2 2
+3 5
cfn=(48)
calls=1 123 
* 255
+2 2
-35 3
+39 3
+5 96

fn=(48)
123 78
-4 78
+10 104
-10 26
+10 52
+2 52
+71 200
-71 102
+2 63
+2 126
+8 126
+51 102
+22 51
fi=(20) ./elf/../bits/stdlib-bsearch.h
28 51
-1 102
+4 102
+1 51
fe=(19)
+78 102
fi=(20)
-79 76
+1 38
fe=(19)
+78 76
+3 345
fi=(20)
-84 820
+2 512
+1 256
fe=(19)
+78 512
+15 15
246 104
fi=(20)
37 63
-8 151
fe=(19)
155 36
+3 36
-6 54
+3 14
+9 14
+23 19
-32 57
+3 57
+4 50
+2 100
+2 50
+2 36
+4 11
+2 22
+6 14
+3 8
+1 12
-8 4
+2 4
-1 4
-1 4
+2 8
-2 4
+3 12
-2 12
+2 8
-10 24
+1 10
+11 12
-26 4
+9 4
+23 2
-32 6
+3 6
+4 8
+2 16
+2 8
-11 3
+7 6
+2 12

fl=(39) ./elf/../sysdeps/x86_64/dl-hwcaps-subdirs.c
fn=(110) _dl_hwcaps_subdirs_active
29 1
fi=(18) ./elf/../sysdeps/x86/get-isa-level.h
+2 1
fe=(39)
+7 1
fi=(18)
-7 2
-1 2
fe=(39)
+22 1
fi=(18)
-20 3
+4 1
fe=(39)
+2 1
fi=(18)
-2 2
+3 4
+1 4
+5 1
fe=(39)
-7 1
fi=(18)
+7 3
fe=(39)
-2 1
fi=(18)
+5 2
+1 3
+2 4
+1 2
+1 2
+6 1
fe=(39)
-11 1
fi=(18)
+11 1
-3 2
fe=(39)

fl=(59) ./io/../sysdeps/unix/sysv/linux/fstatat64.c
fn=(192) fstatat
153 28
-55 28
+70 33
+1 5
-2 18
+1 18

fl=(50) ./string/../sysdeps/x86_64/strcspn.S
fn=(158) strcspn
25 1
+2 1
+7 1
+1 1
+2 1
+1 1
+1 1
+1 1
+1 33
+3 3
+7 1
+1 1
+1 1
+1 1
+2 1
+1 1
+1 1
+1 1
+2 1
+1 1
+1 1
+9 3
+12 1
+2 1
+1 1
+1 1
-4 12
+2 12
+1 12
+1 12
+2 13
+1 13
+1 13
+2 13
+1 13
+1 13
+2 13
+1 13
+1 13
+2 1
+1 1
+1 1
+2 1
+7 1
+4 1

fl=(36) ./posix/../sysdeps/unix/syscall-template.S
fn=(102) uname
120 5
+2 1

fl=(46) ./elf/./elf/dl-debug.c
fn=(152) _dl_debug_state
116 2
+1 2

fn=(146) _dl_debug_initialize
56 1
+3 2
+4 1
-6 1
+4 1
+2 2
+22 2
+5 2
+1 1
+1 1
-1 1
-1 1
+5 2
+4 2
+8 2
-43 2
+32 6

fn=(186) _dl_debug_update
38 4
+3 4
-1 8
+4 8
+4 4

fl=(66) ./elf/./elf/dl-deps.c
fn=(214) openaux
61 15
+7 5
-4 10
+1 5
-1 40
cfi=(31) ./elf/./elf/dl-load.c
cfn=(172) _dl_map_object
calls=5 2022 
* 11845
* 5
+5 10

fn=(210) _dl_map_object_deps
159 5
+1 3
-1 1
+1 1
-1 2
+1 1
-1 3
+1 1
-1 4
+1 12
-8 1
-7 1
+15 1
-14 1
+6 1
+8 1
-15 1
+7 1
-8 1
+1 1
+7 1
-7 1
+31 3
-28 3
-2 1
+31 1
-33 2
+2 2
+30 2
-30 1
-1 4
+7 4
+24 2
-32 1
+60 1
-60 2
+36 1
fi=(74) ./elf/../include/scratch_buffer.h
77 3
fe=(66)
198 1
fi=(74)
78 1
fe=(66)
200 2
+98 1
198 1
+4 1
+7 1
+4 4
-4 4
+4 16
+11 14
-18 2
+18 4
433 15
+2 3
+3 3
-3 6
+3 3
fi=(28) ./elf/../include/rtld-malloc.h
56 3
cfi=(27) ./elf/./elf/dl-minimal-malloc.c
cfn=(76) __minimal_malloc
calls=3 -21 
* 75
* 3
fe=(66)
439 6
+6 3
+1 15
cfi=(29) ./string/../sysdeps/x86_64/multiarch/memmove-vec-unaligned-erms.S
cfn=(80) memcpy
calls=3 212 
* 33
+1 15
cfi=(29)
cfn=(80)
calls=3 212 
* 33
+4 3
-1 3
+5 20
204 12
458 12
-1 5
+1 10
199 3
+27 15
+5 3
+6 3
-5 3
-1 3
+2 6
+4 12
-31 3
+31 3
+1 9
+6 12
cfi=(31)
cfn=(212) _dl_dst_count
calls=3 -6 
* 150
* 8
cfi=(31)
cfn=(212)
calls=2 -6 
* 108
* 15
+4 10
-2 5
+2 10
cob=(2)
cfi=(51)
cfn=(164)
calls=5 0 
* 12240
+1 10
+9 5
+2 10
+5 15
+6 3
+2 3
-8 6
+3 3
+1 3
+1 3
+1 3
+4 15
+4 15
+1 9
-43 320
+1 154
+44 225
-38 10
fi=(74)
85 3
fe=(66)
464 6
+1 1
+3 4
+11 3
fi=(28)
56 1
cfi=(27)
cfn=(76)
calls=1 -21 
* 25
* 1
fe=(66)
481 2
+5 3
+1 1
-1 2
+4 2
-2 1
+2 1
-2 2
+13 4
+5 4
-16 12
-2 4
+6 4
+7 4
-2 8
-5 1
+7 1
-2 2
+2 2
+5 1
-16 6
+19 2
+52 3
+37 3
+15 1
-11 1
+11 1
-14 2
+20 1
-1 3
+1 3
-1 5
cfi=(12) ./elf/./elf/dl-sort-maps.c
cfn=(246) _dl_sort_maps
calls=1 290 
* 330
+5 1
+3 1
-1 1
+2 2
+7 3
+3 3
+3 8
214 32
+3 3
fi=(74)
-86 9
cfi=(73) ./malloc/./malloc/scratch_buffer_set_array_size.c
cfn=(240) __libc_scratch_buffer_set_array_size
calls=3 30 
* 60
fe=(66)
+86 6
+4 9
613 2
cfi=(29)
cfn=(80)
calls=1 212 
* 19
* 1
-53 2
160 2
380 8

fl=(8) ./elf/./elf/dl-setup_hash.c
fn=(14) _dl_setup_hash
25 5
+3 5
-3 5
+3 10
+3 15
+1 10
+2 5
-1 5
+3 15
+1 5
+4 5
-3 5
+7 5
-4 5
-3 5
+2 10
+5 5
-5 5
-2 5
+7 5
-5 5
+10 5

fl=(32) ./string/../sysdeps/x86_64/strcmp.S
fn=(90) strcmp
108 257
+33 257
+1 257
+2 257
+1 257
+21 257
+1 257
+1 223
+1 223
+1 188
+1 188
+1 188
+1 188
+21 188
+1 188
+1 188
+1 188
+1 188
+1 188
+1 188
+5 5
+1 15
+9 5
+1 5
+1 5
+1 5
+1 5
+1 5
+1 5
+1 5
-7 69
+1 69
+1 69
+1 69
+1 69
+1 69
+1 69
+1 69
+1 68
+1 32
+1 32
+1 32
+2 32
+1 32
+1 32
+1 32
+1 32
+1 32
-5 36
+1 36
+1 36
+1 36
+1 36
+1 36
+10 6
+1 6
+1 6
+2 6
+6 6
+1 6
+1 6
+1 6
+1 6
+5 6
+2 5
+1 5
+1 10
+8 5
+1 5
+3 5
+1 5
+1 5
+1 5
+1 5
+1 5
568 1
+1 1
+1 1
+1 1
+1 1
+2 1
+1 1
+1 1
+1 1
+1 1
+1 1
+1 1
+1 1
+4 1
+1 1
+1 1
+6 1
+1 1
+1 2
+4 1
+1 1
+3 1
+1 1
+1 1
+3 1
+1 1
+1 1
+6 1
+1 1
+1 1
+1 1
+1 1
+1 1
943 1
+1 1
+1 1
+1 1
+1 1
+2 1
+1 1
+1 1
+1 1
+1 1
+1 1
+1 1
+1 1
+4 1
+1 1
+1 1
+6 1
+1 1
+1 2
+4 1
+1 1
+3 1
+1 1
+1 1
+3 1
+1 1
+1 1
+6 1
+1 1
+1 1
+1 1
+1 1
+1 1
+72 6
+1 6
+1 6
+1 6
+1 6
+2 6
+1 6
+1 6
+1 6
+1 6
+1 6
+1 6
+1 1
+4 1
+1 1
+1 1
+6 1
+1 1
+1 2
+4 1
+1 1
+3 1
+1 1
+1 1
+3 1
+1 1
+1 1
+6 1
+1 1
+1 1
+1 1
+1 1
+1 1
+7 1
+1 1
+2 1
+1 1
+2 1
+1 1
+1 1
+3 1
+1 1
+1 1
+6 1
+1 1
+1 1
+1 1
+1 1
+1 1
+41 3
+1 3
+1 3
+1 3
+1 3
+2 3
+1 3
+1 3
+1 3
+1 3
+1 3
+1 3
+1 1
+4 1
+1 1
+1 1
+6 1
+1 1
+1 2
+4 1
+1 1
+3 1
+1 1
+1 1
+3 1
+1 1
+1 1
+6 1
+1 1
+1 1
+1 1
+1 1
+1 1
+72 18
+1 18
+1 18
+1 18
+1 18
+2 18
+1 18
+1 18
+1 18
+1 18
+1 18
+1 18
+1 5
+4 5
+1 5
+1 5
+6 5
+1 5
+1 10
+4 5
+1 5
+3 5
+1 5
+1 5
+3 5
+1 5
+1 5
+6 5
+1 5
+1 5
+1 5
+1 5
+1 5
+72 2
+1 2
+1 2
+1 2
+1 2
+2 2
+1 2
+1 2
+1 2
+1 2
+1 2
+1 2
+1 2
+4 2
+1 2
+1 2
+6 2
+1 2
+1 4
+4 2
+1 2
+3 2
+1 2
+1 2
+3 2
+1 2
+1 2
+6 2
+1 2
+1 2
+1 2
+1 2
+1 2
1693 6
+1 6
+1 6
+1 6
+1 6
+2 6
+1 6
+1 6
+1 6
+1 6
+1 6
+1 6
+1 3
+4 3
+1 3
+1 3
+6 3
+1 3
+1 6
+4 3
+1 3
+3 3
+1 3
+1 3
+3 3
+1 3
+1 3
+6 3
+1 3
+1 3
+1 3
+1 3
+1 3
+72 4
+1 4
+1 4
+1 4
+1 4
+2 4
+1 4
+1 4
+1 4
+1 4
+1 4
+1 4
+1 2
+4 2
+1 2
+1 2
+6 2
+1 2
+1 4
+4 2
+1 2
+3 2
+1 2
+1 2
+3 2
+1 2
+1 2
+6 2
+1 2
+1 2
+1 2
+1 2
+1 2
+72 2
+1 2
+1 2
+1 2
+1 2
+2 2
+1 2
+1 2
+1 2
+1 2
+1 2
+1 2
+1 1
+4 1
+1 1
+1 1
+6 1
+1 1
+1 2
+4 1
+1 1
+3 1
+1 1
+1 1
+3 1
+1 1
+1 1
+6 1
+1 1
+1 1
+1 1
+1 1
+1 1
+72 25
+1 25
+1 25
+1 25
+1 25
+2 25
+1 25
+1 25
+1 25
+1 25
+1 25
+1 25
+2 6
+4 6
+1 6
+1 6
+6 6
+1 6
+2 12
+4 6
+1 6
+3 6
+1 6
+1 6
+3 6
+1 6
+1 6
+6 6
+1 6
+1 6
+1 6
+1 6
+1 6
+74 28
+2 28
+1 28
+1 28
+1 28
-3 46
+1 46
+1 46
+1 46
+1 64
+5 32
+6 32
+1 32
+8 32
+1 32
-16 225
+6 225
+1 225
+8 225
+1 225

fl=(44) ./string/../sysdeps/x86_64/multiarch/memset-vec-unaligned-erms.S
fn=(132) memset
125 8
+1 40
+6 8
+1 8
+1 7
+1 7
+2 1
+1 1
+1 1
+65 4
+1 4
+2 4
+76 6
+1 6
+5 6
+3 6
+1 6
+3 2
+1 2
+13 2
+1 2
+2 2
+3 1
+3 2
+3 1
+1 1
+1 1
+1 1
+1 1
+1 1
+1 1
-6 27
+1 27
+1 27
+1 27
+1 27
+1 27
+1 27
+3 2
+1 2
+1 2
+1 2
+5 2
+29 1
+1 1
+1 1
+32 1
+1 1
+1 1

fl=(75) ./elf/./elf/dl-version.c
fn=(254) _dl_check_all_versions
361 6
+4 5
-2 2
+4 30
cfn=(256) _dl_check_map_versions
calls=5 155 
* 6877
-2 5
+2 15
-1 5
-1 10
+5 7

fn=(256)
155 40
+15 5
-15 10
+15 10
+2 25
+2 5
+1 5
-1 5
+1 5
+2 10
+3 6
-16 3
-8 3
+28 3
-4 3
+4 6
+16 3
36 6
200 3
36 15
200 2
36 4
200 2
36 10
+1 16
-1 32
+2 63
cfi=(54) ./elf/./elf/dl-misc.c
cfn=(174) _dl_name_match_p
calls=21 +30 
* 2199
* 42
208 15
+5 5
-71 10
+71 15
+8 5
-2 5
-2 10
+4 5
-4 30
+4 8
-2 8
-2 16
+4 8
-4 78
56 52
+8 39
+6 39
+16 13
+1 26
+2 13
+5 117
+14 282
+12 384
+4 128
-30 256
224 52
+3 39
+5 8
-11 8
110 13
+3 52
cfi=(32)
cfn=(90)
calls=13 -5 
* 407
* 57
236 20
+5 4
-44 2
+1 2
+52 6
+3 12
+10 56
-7 224
+3 168
-3 12
+3 9
+8 8
+6 4
fi=(28)
44 4
fe=(75)
273 4
fi=(28)
44 4
cfi=(27)
cfn=(72) __minimal_calloc
calls=4 +34 
* 144
fe=(75)
272 4
fi=(28)
44 4
fe=(75)
274 8
+13 4
-3 4
+3 16
+2 12
+3 12
+4 15
+7 13
+1 13
-1 39
+1 13
+1 13
-2 13
+2 26
+1 39
+3 39
+5 8
-15 8
+2 8
-2 8
+2 8
-2 8
+2 16
-2 5
+2 5
-2 5
+2 5
-2 5
+2 10
+16 15
+5 2
-28 2
+62 45
-29 12
+3 12
+4 56
+6 56
+1 56
+1 56
-1 168
+1 56
-1 56
+1 56
+1 56
+3 168
+4 56
-14 118
+10 9
164 2
+86 2
-94 2
+94 3

fl=(47) ./elf/../elf/dl-tls.c
fn=(260) _dl_tls_static_surplus_init
97 2
+4 1
-4 2
+4 1
-4 2
+4 3
cfi=(10)
cfn=(24)
calls=1 405 
* 21
* 1
+1 4
cfi=(10)
cfn=(24)
calls=1 405 
* 21
* 1
+8 1
-8 1
+6 2
+2 3
+3 1
+2 1
-32 3
+34 3
+1 5

fn=(238) _dl_assign_tls_modid
131 2
+3 1
+13 1
-13 1
+52 1
+2 1
+3 1
+1 2

fn=(412) _dl_add_to_slotinfo
1015 8
+6 1
+3 1
+1 1
+4 3
+34 2
+3 3
+1 3
+3 6

fn=(480) _dl_allocate_tls_init
528 10
+1 2
+4 1
+6 1
-6 1
+6 1
cfi=(24) ./elf/../sysdeps/nptl/dl-tls_init_tp.c
cfn=(84) rtld_mutex_dummy
calls=1 42 
* 3
+3 3
+12 1
-18 1
-1 1
+43 3
-19 13
+9 3
+1 2
+6 3
+1 1
+2 2
-2 1
+6 1
-4 2
+4 1
-4 2
+3 2
+4 2
+1 4
+2 2
+1 2
+17 1
-8 1
+8 1
+2 3
cfi=(29)
cfn=(128) mempcpy
calls=1 199 
* 13
* 5
cfi=(44)
cfn=(132)
calls=1 125 
* 25
-49 1
+55 1
-55 4
+6 4
+55 2
cfi=(24)
cfn=(84)
calls=1 42 
* 3
+3 2
+3 9

fn=(264) _dl_allocate_tls_storage
422 2
+13 1
-13 2
+2 1
+12 1
fi=(28)
56 1
cfi=(27)
cfn=(76)
calls=1 -21 
* 53
fe=(47)
437 3
+8 2
fi=(28)
44 1
fe=(47)
445 2
+1 1
+4 321
+19 1
-99 1
+4 1
+1 1
fi=(28)
44 1
cfi=(27)
cfn=(72)
calls=1 +34 
* 36
fe=(47)
376 2
+3 1
+6 2
+90 5

fn=(148) _dl_count_modids
197 1
+2 2
+1 1
+15 2

fn=(262) _dl_determine_tlsoffset
221 8
+6 3
+3 2
+36 3
+2 1
-2 1
-2 1
-40 1
-1 1
-1 1
+46 2
+23 3
+3 1
-3 4
+2 2
-2 1
-25 1
+20 1
-20 5
+2 2
+3 1
-1 1
+5 2
-5 1
+1 1
-1 1
+3 2
+2 3
+32 3
-1 1
+1 4
+2 2
-2 2
+53 8

fl=(31)
fn=(212)
238 10
+3 5
-3 10
+7 5
-7 10
+3 5
cfi=(42) ./string/../sysdeps/x86_64/multiarch/../strchr.S
cfn=(118) index
calls=5 23 
* 168
+3 10
+20 35

fn=(106) _dl_init_paths
706 11
+14 1
-14 2
+14 2
cfi=(38) ./elf/./elf/dl-hwcaps.c
cfn=(108) _dl_important_hwcaps
calls=1 175 
* 1847
fi=(28)
56 1
fe=(31)
720 1
fi=(28)
56 1
cfi=(27)
cfn=(76)
calls=1 -21 
* 25
fe=(31)
725 1
+2 2
+7 2
+1 2
-1 3
+5 3
fi=(28)
56 1
cfi=(27)
cfn=(76)
calls=1 -21 
* 25
fe=(31)
739 1
+2 4
+17 1
-10 1
+19 1
-11 1
-9 1
+9 1
+12 2
-10 1
+3 2
+9 1
-7 1
+4 1
+3 2
-3 1
-8 1
+3 1
+8 1
-3 1
+1 16
cfi=(44)
cfn=(132)
calls=4 125 
* 72
+2 18
-14 3
+10 3
+4 3
-12 3
-2 3
+2 3
+4 3
-3 3
+3 3
+1 3
-2 3
+5 6
+1 3
-4 3
+4 3
+15 1
+3 1
-15 1
+7 1
-1 1
+9 2
+2 4
+2 3
+36 5
+2 2
cfi=(22) ./string/../sysdeps/x86_64/multiarch/strlen-vec.S
cfn=(60) strlen
calls=1 41 
* 17
* 9
-19 1
-2 1
+2 2
+19 9
cfi=(29)
cfn=(80)
calls=1 212 
* 11
* 1
+5 4
-1 2
+2 1
+1 2
-2 4
+1 13
+1 26
-2 52
+5 1
fi=(28)
56 1
cfi=(27)
cfn=(76)
calls=1 -21 
* 25
fe=(31)
836 1
fi=(28)
56 1
fe=(31)
838 2
+6 6
cfn=(134) fillin_rpath.isra.0
calls=1 468 
* 587
+3 3
+6 1
+4 8
-35 2
+5 2

fn=(138) expand_dynamic_string_token
385 14
241 2
385 2
241 2
385 2
241 2
cfi=(42)
cfn=(118)
calls=2 23 
* 72
+3 4
410 2
-11 2
+11 12
-11 2
cfi=(45) ./string/./string/strdup.c
cfn=(140) strdup
calls=2 40 
* 168

fn=(134)
468 7
+4 1
-4 8
+6 3
cfi=(7) ./elf/./elf/dl-minimal.c
cfn=(136) strsep
calls=1 239 
* 240
* 3
cfi=(7)
cfn=(136)
calls=1 239 
* 8
* 6
+7 2
+2 3
cfn=(138)
calls=1 -98 
* 118
* 1
+4 2
+5 2
cfi=(22)
cfn=(60)
calls=1 41 
* 17
* 1
+1 2
+7 5
+9 15
+1 8
+55 2
fi=(28)
50 2
cfi=(27)
cfn=(144) __minimal_free
calls=1 +45 
* 5
+1 1
fe=(31)
528 2
+4 3
fi=(28)
56 1
cfi=(27)
cfn=(76)
calls=1 -21 
* 25
* 1
fe=(31)
534 2
+5 1
+1 2
-1 1
-1 1
+2 1
cfi=(29)
cfn=(128)
calls=1 199 
* 13
+3 1
-3 1
+1 1
+2 1
+6 1
+1 1
-1 3
+1 11
+1 1
-1 1
+1 2
-1 2
+1 1
-1 1
+1 2
-1 6
+1 1
-1 1
+1 1
-1 3
+1 1
-1 2
+3 1
+1 1
-1 1
+1 2
+1 1
+6 2
+1 2
-57 4
+66 1
+3 8
-46 4

fn=(216) open_path
1870 16
+1 2
-1 12
+1 2
+6 4
+5 32
-7 4
+7 2
-8 2
+8 4
+3 4
+9 12
+7 6
+1 2
-1 2
cfi=(29)
cfn=(128)
calls=2 199 
* 26
-12 2
+12 2
+59 10
-58 8
+3 40
+5 88
cfi=(29)
cfn=(128)
calls=11 199 
* 147
* 44
cfi=(29)
cfn=(128)
calls=11 199 
* 143
+3 22
+6 33
+3 66
cfn=(218) open_verify.constprop.0
calls=11 1568 
* 594
* 11
+2 33
+2 20
+65 16
+7 4
-2 4
+2 4
+3 6
-13 2
+27 18
-65 4
+2 2
-50 107
+29 20
+1 70
+6 20
+2 10
-2 10
+2 20
cfi=(67) ./io/../sysdeps/unix/sysv/linux/stat64.c
cfn=(220) stat
calls=10 28 
* 158
* 10
+3 10
-3 20
+1 1
+2 2
-2 1
+2 26
-61 4

fn=(218)
1568 143
+39 39
+19 52
cfi=(55) ./io/../sysdeps/unix/sysv/linux/open64_nocancel.c
cfn=(178) __open_nocancel
calls=13 28 
* 280
* 13
+2 26
+11 2
+6 4
-5 2
+5 16
cfi=(56) ./io/../sysdeps/unix/sysv/linux/read_nocancel.c
cfn=(180) __read_nocancel
calls=2 25 
* 12
+2 4
+2 4
+2 4
+6 4
+17 22
fi=(28)
50 4
cfi=(27)
cfn=(144)
calls=2 +45 
* 10
fe=(31)
1856 117
1674 6
+74 4
+5 4
+2 8
+6 4
+6 2
+1 2
-1 6
+1 2
-1 2
+1 4
+1 2
+20 6
+31 2
-31 2
1633 2
1820 4
-31 84
+1 44
+1 16
+4 16
+6 4
+1 28
+10 12
cfi=(71) ./io/../sysdeps/unix/sysv/linux/pread64_nocancel.c
cfn=(234) __pread64_nocancel
calls=2 25 
* 14
* 16
+8 36
+15 4
+6 2
-3 2
+1 2
+1 2
+1 4
-3 2
+1 2
+1 2
+2 2
-3 6
-1 2
+4 4
-19 36
+3 4
-4 4
+4 8
+5 2
+1 8
-60 13
+1 3
-1 1
+1 3
cfi=(71)
cfn=(234)
calls=1 25 
* 7
* 3
+16 5
+7 6
1612 22
+62 6
1802 4
-30 2

fn=(88) _dl_process_pt_gnu_property
868 4
+8 4
-8 4
+8 4
-6 4
+12 8
-13 4
+13 4
-13 4
+13 8
+3 12
+1 8
+1 8
+43 4

fn=(176) open_verify.constprop.1
1568 11
+39 3
+19 4
cfi=(55)
cfn=(178)
calls=1 28 
* 19
* 1
+2 2
+11 1
+6 2
-5 1
+5 8
cfi=(56)
cfn=(180)
calls=1 25 
* 6
+2 2
+2 2
+2 2
+6 2
+17 11
fi=(28)
50 2
cfi=(27)
cfn=(144)
calls=1 +45 
* 5
fe=(31)
1856 9
1674 3
+74 2
+5 2
+2 4
+6 2
+6 1
+1 1
-1 3
+1 1
-1 1
+1 2
+1 2
+20 3
+31 1
-31 1
1633 1
1820 2
-31 66
+1 28
+1 8
+4 8
+25 12
+3 18
+3 2
-4 2
+4 4
+6 4
-36 6

fn=(184) _dl_map_object_from_fd
944 30
+10 3
-10 12
+10 3
cfi=(46)
cfn=(186)
calls=3 38 
* 21
* 3
+7 12
+85 12
+10 6
+7 21
cfi=(26) ./elf/./elf/dl-object.c
cfn=(70) _dl_new_object
calls=3 59 
* 1078
* 3
+1 6
+11 6
+5 3
-5 3
+1 6
+1 3
+2 3
-2 3
+2 6
+1 9
+1 4
+19 4
-2 2
+2 22
-2 1
+2 40
+10 12
+85 3
-58 3
-34 3
-1 3
+93 3
+6 3
-64 6
+9 3
+55 6
-55 3
-42 3
+97 6
1101 3
-5 6
+15 86
+20 2
+1 1
-22 99
+1 185
1213 6
1110 3
1213 6
1110 9
1218 9
+10 6
+1 3
-1 3
+1 3
-1 9
+1 9
-1 9
+1 9
-1 27
1076 6
1235 6
+10 12
+7 6
fi=(61) ./elf/./dl-map-segments.h
96 3
fe=(31)
1252 9
fi=(61)
28 3
fe=(31)
1252 3
fi=(61)
96 3
fe=(31)
1252 3
fi=(61)
28 6
+1 24
cfi=(60) ./misc/../sysdeps/unix/sysv/linux/mmap64.c
cfn=(194) mmap
calls=3 +18 
* 27
+74 6
-1 3
-73 3
+74 3
+3 6
+1 3
+2 3
-3 3
+1 3
+2 3
+7 8
+3 4
cfi=(72) ./misc/../sysdeps/unix/syscall-template.S
cfn=(236) mprotect
calls=1 -2 
* 6
* 3
+7 3
+2 3
fi=(62) ./elf/./dl-load.h
-37 24
+1 9
+2 24
fi=(61)
+56 48
+8 3
-2 3
+1 3
+2 3
-1 3
+1 3
-1 9
+8 6
+3 6
+8 21
cfi=(44)
cfn=(132)
calls=3 -52 
* 251
+1 6
+5 6
+12 12
-59 60
+2 18
+3 9
-3 18
+2 72
cfi=(60)
cfn=(194)
calls=9 -93 
* 81
* 27
fi=(57) ./elf/../sysdeps/posix/dl-fileid.h
37 9
cfi=(58) ./io/../sysdeps/unix/sysv/linux/fstat64.c
cfn=(190) fstat
calls=3 -8 
* 45
* 6
fe=(31)
999 6
fi=(57)
40 9
fe=(31)
999 3
fi=(57)
40 3
fe=(31)
999 39
+1 18
fi=(57)
49 24
fe=(31)
1515 27
1018 6
+66 13
+1 2
-1 1
+1 1
-1 1
+1 1
cfi=(71)
cfn=(234)
calls=1 25 
* 7
* 2
+26 38
+26 72
+10 12
-1 12
-1 12
+2 12
+2 12
-2 12
-1 72
+2 24
+1 12
+2 12
-3 12
+3 72
+2 24
+4 24
+1 45
+4 9
+1 9
-1 9
+1 63
-18 9
+28 9
-11 3
+1 3
-1 3
+1 21
-18 3
+28 3
-56 6
+7 3
+2 3
-2 3
+1 3
+1 3
-1 6
+1 24
+50 3
+5 1
-1 2
+5 1
-5 2
-56 1
+61 4
+1 1
+3 1
-3 1
+8 4
+15 6
+1 3
+58 12
+1 9
fi=(63) ./elf/./elf/get-dynamic-info.h
39 6
+6 3
-2 3
+2 6
+9 3
+5 3
+3 3
+2 3
-3 3
-3 3
-3 48
+13 14
-23 56
+23 52
-23 208
+4 132
+5 68
+2 15
+3 12
+13 12
+10 11
+1 12
+1 12
+1 12
+2 12
+5 11
+1 11
+1 12
+3 9
+5 4
+7 6
+1 9
+22 9
+5 4
+2 4
+2 4
+2 4
+4 9
+2 3
+1 2
+9 2
+6 2
+4 6
fe=(31)
1275 6
+1 6
+2 6
+10 9
+19 9
+2 15
+52 9
+1 2
+6 24
+1 60
+6 12
cfn=(88)
calls=3 868 
* 60
-7 78
+1 36
+6 36
-6 72
fi=(30) ./elf/../sysdeps/x86/dl-prop.h
95 24
213 3
-1 6
105 6
212 3
105 3
-2 3
-3 3
+2 3
+3 3
-4 6
+92 12
-1 3
-87 9
+3 9
+1 6
+1 6
+4 9
+4 9
+3 9
+1 6
+4 3
+1 12
+58 9
+2 12
-56 10
+1 5
+3 10
+3 5
+1 20
+5 10
+2 10
+5 10
+14 5
-1 10
+2 4
-1 6
fe=(31)
1380 6
cfi=(64) ./io/../sysdeps/unix/sysv/linux/close_nocancel.c
cfn=(204) __GI___close_nocancel
calls=3 25 
* 18
* 6
+13 6
+2 12
+2 6
+16 6
cfi=(8)
cfn=(14)
calls=3 25 
* 87
+4 6
+1 6
+17 6
+1 1
+3 1
+5 1
-5 1
+5 1
-5 2
+5 2
-5 2
+5 2
+10 6
+7 18
+10 6
+1 4
+5 2
cfi=(47)
cfn=(238)
calls=1 131 
* 10
+7 9
cfi=(26)
cfn=(82) _dl_add_to_namespace_list
calls=3 31 
* 147
+3 12
+23 21
+1 9
cfi=(49)
cfn=(206) _dl_audit_objopen
calls=3 76 
* 15
* 3
fi=(62)
95 10
+2 2
-1 4
+1 2
-1 2
+1 2
-1 2
+1 2
-1 4
+3 8
fe=(31)
1506 15
fi=(30)
198 12
+2 3
+1 3
+2 3
-3 9
fe=(31)
1368 9
fi=(63)
62 12
+2 12
fe=(31)
1084 2
fi=(61)
187 8
cfi=(60)
cfn=(194)
calls=1 47 
* 9
+3 2
fe=(31)
1462 9
+2 2
-1 10
+1 2
-1 2
+1 2
-1 2
cfi=(32)
cfn=(90)
calls=2 108 
* 50
* 4
+2 5
1275 4
fi=(57)
49 3
fi=(30)
170 6
-39 4
fe=(31)

fn=(172)
2022 60
+8 12
+1 24
+3 93
+5 126
+2 54
cfi=(54)
cfn=(174)
calls=18 68 
* 1896
* 36
+4 30
+1 45
+4 6
-1 30
+1 6
+1 6
-1 6
+1 6
cfi=(32)
cfn=(90)
calls=6 108 
* 222
* 12
2329 54
2068 3
+1 3
-1 3
+1 3
-1 3
+1 3
-1 6
-44 3
+53 9
+17 6
-2 3
+2 3
cfi=(42)
cfn=(118)
calls=3 23 
* 72
* 6
2260 2
-1 3
cfn=(138)
calls=1 385 
* 168
+2 1
-3 1
+1 1
+2 2
+4 5
cfn=(176)
calls=1 1568 
* 283
+3 2
-3 1
+3 1
+12 4
+46 1
+1 3
-1 1
+1 9
cfn=(184)
calls=1 944 
* 1819
-1 2
+1 6
-1 2
+1 18
cfn=(184)
calls=2 944 
* 4130
* 9
2098 4
cfi=(22)
cfn=(60)
calls=2 41 
* 34
* 4
+2 4
+7 8
+51 22
cfn=(216)
calls=2 1870 
* 1944
+6 2
-6 2
+6 8
682 2
2165 2
682 4
2252 4
+28 8
+2 8
2111 2
696 6
2111 2
+1 2
696 4
2116 6
682 2
2117 2
682 4
2173 2
+14 4
+2 6
+4 4
cfi=(68) ./elf/./elf/dl-cache.c
cfn=(222) _dl_load_cache_lookup
calls=2 416 
* 2337
* 2
+2 4
+4 4
+8 6
+23 12
cfn=(218)
calls=2 1568 
* 669
+4 4
-4 2
+4 2
+1 4
2131 10
+1 20
682 2
2133 2
682 4
2157 6
+1 4
-16 4

fl=(215)
fn=(816)
31 9
+20 3
-3 7
+3 4
+3 2
cob=(3)
cfi=(216)
cfn=(818)
calls=1 +23 
* 43
+2 1
+3 2
+2 6
+7 2
-2 1
+2 1
cfi=(49)
cfn=(532) _dl_audit_activity_nsid
calls=1 -28 
* 21
+5 14
+5 1
-5 1
+5 3
+2 10
+2 10
+2 10
+1 5
+1 5
+4 5
-12 15
+14 6
+1 4
+6 5
cfi=(12)
cfn=(246)
calls=1 290 
* 379
+9 2
cob=(3)
cfi=(217)
cfn=(820)
calls=1 367 
* 34
+5 6
+2 1
+2 3
-2 4
+2 12
+3 10
+3 15
+4 4
+11 8
+1 2
+1 4
+1 10
+1 4
cob=(4)
cfi=(168)
cfn=(870)
calls=1 0 
* 92
cob=(6)
cfi=(169)
cfn=(822)
calls=1 0 
* 92
-1 10
+5 6
+1 9
cob=(2)
cfi=(51)
cfn=(886)
calls=1 0 
* 4
cob=(2)
cfi=(51)
cfn=(848)
calls=1 0 
* 110
cob=(2)
cfi=(51)
cfn=(844)
calls=1 0 
* 4
+6 10
cfi=(49)
cfn=(846) _dl_audit_objclose
calls=5 -57 
* 25
+5 5
-45 15
+49 3
cfi=(49)
cfn=(532)
calls=1 40 
* 21
* 2
-38 9
+3 2
+41 6
+6 2
+7 8
73 2

fl=(65) ./io/../sysdeps/unix/sysv/linux/access.c
fn=(208) access
25 1
+2 7
+4 1

fl=(9) ./elf/../elf/dl-sysdep.c
fn=(530) _dl_sysdep_start_cleanup
262 1
+1 1

fn=(16) _dl_sysdep_start
85 4
+25 1
-25 6
+25 1
-1 1
+1 102
+11 1
-8 1
+1 1
-4 1
+3 1
+6 1
+2 13
-34 1
-1 1
+36 113
+3 1
+1 1
-5 85
+57 1
-57 1
+58 1
-1 1
-57 3
+29 1
-29 1
+30 1
-1 1
-29 3
+41 1
-41 1
+42 1
-1 1
-41 3
+35 1
-35 1
+36 1
-1 1
-35 3
+32 1
-32 1
+33 1
-1 1
-32 4
+13 1
-13 1
+14 1
-1 1
-13 3
+10 1
-10 1
+11 1
-1 1
-10 3
+7 1
-7 4
224 1
cfi=(10)
cfn=(18) __GI___tunables_init
calls=1 +58 
* 15338
+3 1
cfi=(12)
cfn=(22) _dl_sort_maps_init
calls=1 +54 
* 32
fi=(13) ./elf/../sysdeps/unix/sysv/linux/dl-sysdep.c
36 2
cfi=(14) ./elf/../sysdeps/unix/sysv/linux/brk.c
cfn=(28) brk
calls=1 -1 
* 8
fi=(6) ./elf/../sysdeps/x86_64/dl-machine.h
215 1
cfi=(15) ./elf/../sysdeps/x86/dl-get-cpu-features.c
cfn=(32) _dl_x86_init_cpu_features
calls=1 37 
* 7224
fe=(9)
+23 3
+1 1
cfi=(22)
cfn=(60)
calls=1 41 
* 17
* 1
+2 2
cfi=(23) ./elf/../misc/sbrk.c
cfn=(62) sbrk
calls=1 37 
* 15
* 3
+12 3
+3 5
cfi=(2) ./elf/./elf/rtld.c
cfn=(64) dl_main
calls=1 1320 
* 133958
+2 9

fl=(29)
fn=(128)
199 36
+1 36
+1 36
+1 36
+17 36
+1 36
+2 7
+1 7
+1 7
+2 6
+1 6
+1 6
+2 6
360 29
+1 29
+2 9
+4 9
+1 4
+1 4
+1 2
+1 2
+1 2
+1 2
+2 2
+2 4
+6 5
+1 5
+1 5
+1 5
+1 5
+29 20
+1 20
+1 20
+1 20
+1 20
+7 1
+1 1
+1 1
+1 1
+1 1
+1 1
+1 1
+11 1
+1 1
+2 1
+1 1
+1 1

fn=(80)
212 22
+1 22
+6 22
+1 22
+2 14
+1 14
+1 14
+2 8
+1 8
+1 8
+2 8
360 8
+1 8
+2 1
+4 1
+1 1
+1 1
+1 1
+1 1
+4 1
+2 1
+39 7
+1 7
+1 7
+1 7
+1 7
+7 6
+1 6
+1 6
+1 6
+1 6
+1 6
+1 6
+11 6
+1 6
+2 6
+1 6
+1 6

fl=(42)
fn=(118)
23 19
+1 19
+1 19
+1 19
+1 19
+1 19
+1 19
+1 19
+1 19
+1 19
+1 19
+1 19
+1 19
+1 19
+1 19
+1 19
+1 19
+1 19
+1 16
+4 16
+1 16
+1 16
+1 16
+2 16
+4 3
+1 3
+1 3
+1 3
+1 3
+1 3
+1 3
+1 3
+1 3
+1 3
+1 3
+1 3
+1 3
+1 3
+1 3
+1 3
+1 3
+1 3
+1 3
+1 3
+1 3
+1 3
+1 3
+1 3
+52 3
+4 3
+1 3
+1 3
+1 3
+2 3

fl=(41) ./elf/./elf/dl-hwcaps_split.c
fn=(122) _dl_hwcaps_split
25 4
+1 3
+21 1
-20 1
+20 3

fn=(120) _dl_hwcaps_contains
66 6
+1 12
+1 6
+9 6

fn=(116) _dl_hwcaps_split_masked
51 55
-25 42
+4 24
+4 48
+1 12
-1 24
+2 24
+5 27
cfi=(42)
cfn=(118)
calls=9 -18 
* 216
+1 18
+3 6
+11 12
+1 12
+1 6
-1 6
+1 6
-2 6
+1 6
+1 3
-1 3
+1 27
cfn=(120)
calls=6 +8 
* 30
* 12
-3 5
+7 44
-19 6
cfi=(22)
cfn=(60)
calls=3 -2 
* 51
* 3

fl=(52)
fn=(162)
225 10
+2 2
cob=(2)
cfi=(51)
cfn=(164)
calls=1 0 
* 2759
+1 2
+1 1
+1 1
-1 1
+1 1
+2 5

fn=(250) _dl_receive_error
238 6
+1 1
+1 1
+3 1
+1 1
+2 1
cfi=(2)
cfn=(252) version_check_doit
calls=1 696 
* 6973
+2 1
+1 1
+1 4

fn=(166)
175 18
+5 6
-5 18
+5 6
-2 12
+22 6
-1 6
+7 12
-6 6
+3 12
+3 6
cfi=(53) ./setjmp/../sysdeps/x86_64/setjmp.S
cfn=(168) __sigsetjmp
calls=6 30 
* 144
* 24
+2 18
cfi=(66)
cfn=(214)
calls=5 61 
* 11935
cfi=(2)
cfn=(170) map_doit
calls=1 663 
* 2698
+2 6
-1 6
+1 6
-1 6
+1 12
+9 24

fl=(55)
fn=(178)
28 15
+3 15
-3 45
+3 90
+8 105
+2 4
-2 33
+2 11

fl=(13)
fn=(100) _dl_discover_osversion
46 5
+2 3
+40 2
cfi=(36)
cfn=(102)
calls=1 +32 
* 6
+15 1
-15 2
+20 1
-1 1
+3 12
+4 3
-2 6
+2 11
+3 2
-1 2
+1 6
-3 8
+3 1
-1 1
+1 3
-3 4
+7 3
-1 3
+4 3
-2 3
+2 12
+9 5

fl=(160) ./elf/./elf/dl-runtime.c
fn=(524) _dl_fixup
46 16
+2 10
+1 2
+6 2
fi=(228) ./elf/../sysdeps/x86_64/dl-runtime.h
-27 2
fe=(160)
+21 2
+5 2
+1 2
-6 2
+6 4
+1 2
+2 2
-2 2
+2 2
-2 10
+7 4
+4 4
+4 6
+4 6
+1 8
-7 8
+16 2
-1 2
+1 4
+10 20
cfi=(79) ./elf/./elf/dl-lookup.c
cfn=(280) _dl_lookup_symbol_x
calls=2 840 
* 1451
* 2
+4 10
+10 20
+15 8
+9 6
+26 6
fi=(6)
+70 2
fe=(160)
-66 12

fl=(147) ./elf/./elf/dl-find_object.c
fn=(482) _dl_find_object_init
561 4
+3 1
+2 2
+13 1
cfn=(486) _dlfo_process_initial
calls=1 474 
* 95
+1 1
-1 1
+1 1
fi=(28)
56 1
cfi=(27)
cfn=(76)
calls=1 -21 
* 25
fe=(147)
580 1
fi=(28)
56 1
fe=(147)
582 2
+3 2
+5 1
+1 1
cfn=(486)
calls=1 474 
* 358
+3 3
+10 4
-37 2
cfi=(148) ./elf/./dl-find_object.h
cfn=(484) _dl_find_object_from_map
calls=1 95 
* 68
* 1
+29 2
cfn=(488) _dlfo_sort_mappings
calls=1 -60 
* 128
+3 6
+2 1

fn=(486)
474 2
+3 2
-3 2
+1 2
+3 4
+26 14
+1 6
+1 10
-1 20
+3 36
+3 32
-7 10
+25 2
+2 8
-18 24
+3 8
-1 8
cfi=(148)
cfn=(484)
calls=4 95 
* 247
+2 16

fn=(488)
536 1
+1 2
+3 4
+4 1
+1 1
-1 1
+1 2
-1 2
+1 2
-1 2
+1 10
+1 36
-1 18
+8 9
+1 6
-1 3
-13 6
+14 9
+1 6
-15 6
+17 1

fl=(56)
fn=(180)
25 3
+1 12
+1 3

fl=(58)
fn=(190)
29 8
+1 8
+5 12
cfi=(59)
cfn=(192)
calls=4 153 
* 32

fl=(68)
fn=(230) _dl_cache_libcmp
370 17
+1 17
+32 17
-33 34
+1 38
+2 84
+2 84
-2 168
+20 164
+2 164
-12 67
+2 67
+14 67
+1 67
-29 134
+32 6
-28 4
+8 2
-2 4
+1 4
-1 2
+2 6
+2 2
-3 2
+3 6
+2 4
+9 45

fn=(534) _dl_unload_cache
537 1
+1 4
-1 1
+3 2
cfi=(72)
cfn=(536) munmap
calls=1 117 
* 6
+1 1
+4 1
+2 2

fn=(222)
416 20
+2 4
+3 6
+69 3
+5 1
208 1
495 3
208 1
495 2
+3 6
fi=(70) ./elf/../sysdeps/x86/dl-procinfo.h
39 4
+3 6
cfi=(32)
cfn=(90)
calls=2 +66 
* 50
* 8
fe=(68)
212 12
cfi=(10)
cfn=(24)
calls=2 405 
* 42
* 2
+16 4
-16 2
+6 4
+10 2
-7 10
+9 6
+1 2
-37 4
+37 2
+4 4
-5 39
+1 13
-37 26
+37 13
+4 26
+4 45
cfn=(230)
calls=15 370 
* 1128
+1 30
359 13
+3 8
228 8
360 9
228 24
+2 10
+20 4
+3 4
+2 8
cfn=(230)
calls=2 370 
* 148
* 4
-7 4
-30 4
+1 2
+95 2
-95 2
-1 16
+96 6
-47 4
+10 4
+1 6
fi=(69) ./elf/../sysdeps/generic/dl-cache.h
125 10
fe=(68)
294 4
+9 4
+3 4
+2 6
+1 4
+5 4
+1 8
+7 4
+21 8
513 4
+12 4
cfi=(22)
cfn=(60)
calls=2 41 
* 68
* 24
+1 2
-1 2
+1 2
-1 2
+1 2
cfi=(29)
cfn=(80)
calls=2 212 
* 22
* 2
+1 2
cfi=(45)
cfn=(140)
calls=2 40 
* 178
+1 16
-3 4
424 4
cfi=(54)
cfn=(224) _dl_sysdep_read_whole_file
calls=1 36 
* 91
* 1
+8 5
+1 8
+3 4
+1 1
-1 3
fi=(69)
194 1
+1 5
fe=(68)
444 1
+1 2

fl=(16) ./elf/../sysdeps/x86/cpu-features.c
fn=(40) update_active.constprop.0
43 7
+45 1
-41 1
+28 1
-18 1
+31 1
+4 1
-36 1
-1 1
+37 1
-26 1
-11 1
+1 1
+36 2
+1 1
-17 1
-21 1
+25 1
-4 1
-11 1
+28 1
-1 1
-36 1
+18 1
+19 1
-13 1
-4 1
-11 1
+19 1
+11 1
-3 1
-12 1
+14 1
-29 1
+18 1
+9 1
-18 1
+13 1
-13 1
-9 1
+29 2
+3 1
-14 1
-9 1
+9 1
+4 1
+10 1
-17 1
+7 1
+5 1
+5 1
+1 1
-1 1
+1 2
+2 2
+1 4
+3 1
+1 1
-1 1
+1 1
-1 1
+1 1
-1 1
+1 1
+4 2
+4 2
+2 4
+83 3
+12 2
+1 1
+3 3
+4 1
-4 1
+4 1
+67 3
+4 3
fi=(18)
31 1
-3 1
+3 1
-1 2
fe=(16)
296 1
+1 8
-75 3
+1 2
+3 1
-1 1
+9 1
-5 1
+2 1
-2 1
+5 1
fi=(18)
32 3
+4 3
fe=(16)
+83 2
+2 1
+3 2
+10 1
+10 1
-10 1
+10 1
-10 1
+6 1
+4 1
-4 1
-6 1
+6 1
+2 1
-2 1
+2 3
+7 4
fi=(18)
39 3
+1 4
+5 1
-7 1
+7 3
+2 1
+1 2
+1 3
+2 4
+1 2
+1 2
+6 1
-4 1
+4 1
-3 2
fe=(16)
+75 1
-5 2
+4 1

fn=(34) init_cpu_features.constprop.0
399 1
+16 1
-16 6
+3 1
+1 1
+1 1
+11 2
+3 6
593 1
+94 5
+1 1
+3 2
+1 1
+6 1
+3 1
fi=(19)
+5 1
+2 1
fe=(16)
-9 1
fi=(19)
+23 2
840 1
+46 1
-46 17
+45 2
+25 2
+21 2
-21 2
+13 3
+8 1
-8 1
+8 1
cfi=(10)
cfn=(24)
calls=1 405 
* 21
* 1
+2 2
+3 4
cfi=(10)
cfn=(24)
calls=1 405 
* 21
* 1
+2 1
+3 2
-3 2
+3 1
-3 1
+3 1
cfi=(10)
cfn=(24)
calls=1 405 
* 21
* 1
+1 5
+16 2
-12 5
cfi=(10)
cfn=(24)
calls=1 405 
* 21
* 1
+1 3
+23 1
-17 5
+3 3
-3 1
cfi=(10)
cfn=(24)
calls=1 405 
* 21
+3 3
-3 2
+3 9
cfi=(10)
cfn=(54) __GI___tunable_set_val
calls=1 157 
* 58
+1 9
cfi=(10)
cfn=(54)
calls=1 157 
* 58
+1 10
cfi=(10)
cfn=(54)
calls=1 157 
* 58
+3 8
cfi=(10)
cfn=(54)
calls=1 157 
* 58
+2 8
cfi=(10)
cfn=(54)
calls=1 157 
* 58
+4 1
fe=(16)
706 1
fi=(19)
967 2
fe=(16)
706 2
fi=(19)
967 4
fe=(16)
706 1
cfi=(10)
cfn=(24)
calls=1 405 
* 19
+4 3
+14 1
-1 2
+1 3
+47 1
-1 1
+1 1
+46 4
cfi=(10)
cfn=(24)
calls=1 405 
* 19
+2 4
cfi=(10)
cfn=(24)
calls=1 405 
* 19
fi=(21) ./elf/../sysdeps/unix/sysv/linux/x86/cpu-features.c
27 6
fe=(16)
829 2
+45 8
fi=(19)
+19 11
fe=(16)
775 3
+27 2
-10 2
+1 2
+2 3
+1 2
+2 3
+1 2
fi=(19)
-75 3
cfn=(46)
calls=1 255 
* 437
+1 1
-1 2
+1 1
cfn=(46)
calls=1 255 
* 478
+1 1
-1 1
+1 1
cfn=(46)
calls=1 255 
* 503
+3 1
-3 2
+3 1
cfn=(46)
calls=1 255 
* 459
+2 1
-2 1
+2 1
cfn=(46)
calls=1 255 
* 451
+3 1
-2 1
-1 1
+3 1
cfn=(46)
calls=1 255 
* 428
+2 1
-2 1
+2 1
cfn=(46)
calls=1 255 
* 429
+3 1
-2 1
-1 1
+3 1
cfn=(46)
calls=1 255 
* 469
+2 1
-2 1
+2 1
cfn=(46)
calls=1 255 
* 470
+3 1
-3 1
+3 1
cfn=(46)
calls=1 255 
* 494
+2 1
-2 1
+2 1
cfn=(46)
calls=1 255 
* 495
+2 1
-2 1
+2 1
cfn=(46)
calls=1 255 
* 790
+2 3
-2 1
+2 1
cfn=(52)
calls=1 481 
* 215
863 15
fe=(16)
424 6
cfn=(36) get_common_indices.constprop.0
calls=1 -99 
* 71
303 3
+1 2
+1 6
+5 2
+1 6
+5 2
+1 6
429 1
cfn=(40)
calls=1 43 
* 194
+2 1
+2 1
+83 1
-85 2
564 2
+7 2
+2 1
+4 2
+6 2
422 2
-3 1
+14 3
+1 4
+69 1
+10 11
+42 1
+1 1
434 11
+55 3

fn=(36)
325 1
+4 4
+3 3
+5 2
-5 1
+5 1
-5 1
+4 1
+1 1
+1 4
+1 4
+1 3
+1 2
+7 2
+2 5
+5 1
-5 1
+5 1
-5 1
+5 1
-5 2
+5 1
+7 1
-7 4
+7 1
+1 3
+6 1
-6 4
+6 1
fi=(17) ./elf/../sysdeps/unix/sysv/linux/x86/dl-minsigstacksize.h
24 2
+3 2
+1 2
+37 3
+7 1
+2 1
fe=(16)
384 2

fl=(78) ./elf/./elf/dl-reloc.c
fn=(272) _dl_relocate_object
194 10
+14 5
-14 45
+16 5
-16 10
+14 5
+2 10
+3 5
-1 5
+1 10
+19 10
+6 25
-34 8
+38 8
+7 16
fi=(6)
71 14
+6 8
+4 6
+14 2
-8 2
+8 4
+20 4
+4 10
-2 4
fe=(78)
288 205
-83 2
fi=(6)
474 8
fe=(78)
205 4
+83 4
fi=(5) ./elf/./elf/do-rel.h
49 2
fe=(78)
288 2
fi=(5)
60 2
-11 4
+11 4
fe=(78)
288 3
-83 3
fi=(6)
474 12
fe=(78)
205 6
+83 6
fi=(5)
49 3
fe=(78)
288 3
fi=(5)
60 3
-11 6
+11 6
fe=(78)
288 10
fi=(5)
49 5
fe=(78)
288 5
fi=(5)
60 5
-11 10
+11 10
-7 2
-1 2
+11 16
fi=(6)
545 48
+4 48
+3 72
+1 24
fi=(5)
63 72
+2 324
+2 171
-4 171
+13 12
+1 16
+1 114
fi=(6)
545 57
+34 114
+2 57
cob=(4)
cfi=(134)
cfn=(476)
calls=1 27 
* 9
cob=(4)
cfi=(146)
cfn=(472)
calls=1 26 
* 9
cob=(4)
cfi=(145)
cfn=(468)
calls=1 27 
* 9
cob=(4)
cfi=(142)
cfn=(464)
calls=1 27 
* 8
cob=(4)
cfi=(144)
cfn=(462)
calls=1 49 
* 6
cob=(4)
cfi=(143)
cfn=(458)
calls=1 26 
* 9
cob=(4)
cfi=(142)
cfn=(454)
calls=1 35 
* 8
cob=(4)
cfi=(141)
cfn=(450)
calls=1 27 
* 9
cob=(4)
cfi=(140)
cfn=(446)
calls=1 27 
* 9
cob=(4)
cfi=(138)
cfn=(442)
calls=1 27 
* 8
cob=(4)
cfi=(137)
cfn=(438)
calls=1 30 
* 9
cob=(4)
cfi=(136)
cfn=(434)
calls=1 26 
* 9
cob=(4)
cfi=(135)
cfn=(430)
calls=1 27 
* 9
cob=(4)
cfi=(134)
cfn=(426)
calls=1 34 
* 9
cob=(4)
cfi=(133)
cfn=(422)
calls=1 27 
* 9
cob=(4)
cfi=(131)
cfn=(418)
calls=1 27 
* 9
cob=(4)
cfi=(129)
cfn=(414)
calls=1 26 
* 9
cob=(3)
cfi=(128)
cfn=(408)
calls=1 31 
* 23
cob=(3)
cfi=(127)
cfn=(406)
calls=1 31 
* 7
cob=(3)
cfi=(126)
cfn=(402)
calls=1 33 
* 22
cob=(3)
cfi=(125)
cfn=(400)
calls=1 29 
* 7
cob=(3)
cfi=(123)
cfn=(396)
calls=1 29 
* 23
cob=(3)
cfi=(122)
cfn=(392)
calls=1 33 
* 17
cob=(3)
cfi=(120)
cfn=(388)
calls=1 29 
* 22
cob=(3)
cfi=(119)
cfn=(384)
calls=1 29 
* 17
cob=(3)
cfi=(118)
cfn=(380)
calls=1 29 
* 21
cob=(3)
cfi=(117)
cfn=(378)
calls=1 31 
* 7
cob=(3)
cfi=(116)
cfn=(374)
calls=1 29 
* 17
cob=(3)
cfi=(115)
cfn=(370)
calls=1 31 
* 21
cob=(3)
cfi=(114)
cfn=(366)
calls=1 29 
* 21
cob=(3)
cfi=(112)
cfn=(362)
calls=2 31 
* 38
cob=(3)
cfi=(110)
cfn=(358)
calls=1 29 
* 22
cob=(3)
cfi=(109)
cfn=(356)
calls=1 31 
* 7
cob=(3)
cfi=(108)
cfn=(352)
calls=1 29 
* 17
cob=(3)
cfi=(107)
cfn=(350)
calls=1 43 
* 7
cob=(3)
cfi=(106)
cfn=(348)
calls=1 29 
* 7
cob=(3)
cfi=(105)
cfn=(346)
calls=1 31 
* 7
cob=(3)
cfi=(104)
cfn=(344)
calls=1 66 
* 17
cob=(3)
cfi=(102)
cfn=(340)
calls=2 31 
* 46
cob=(3)
cfi=(100)
cfn=(336)
calls=1 31 
* 17
cob=(3)
cfi=(99)
cfn=(332)
calls=1 30 
* 21
cob=(3)
cfi=(98)
cfn=(328)
calls=2 29 
* 44
cob=(3)
cfi=(97)
cfn=(324)
calls=1 28 
* 21
cob=(3)
cfi=(96)
cfn=(322)
calls=1 61 
* 19
cob=(3)
cfi=(94)
cfn=(318)
calls=2 31 
* 42
cob=(3)
cfi=(92)
cfn=(314)
calls=1 29 
* 22
cob=(3)
cfi=(91)
cfn=(310)
calls=1 29 
* 19
cob=(3)
cfi=(89)
cfn=(306)
calls=1 29 
* 24
cob=(3)
cfi=(87)
cfn=(302)
calls=1 29 
* 19
cob=(3)
cfi=(86)
cfn=(300)
calls=1 65 
* 17
cob=(3)
cfi=(85)
cfn=(298)
calls=1 29 
* 7
cob=(3)
cfi=(83)
cfn=(294)
calls=2 31 
* 42
-36 57
+37 57
fi=(5)
77 173
fe=(78)
288 40
+3 30
+24 5
+3 10
+17 15
+2 40
-98 10
+3 2
+7 4
-9 2
fi=(5)
86 16
+2 16
+12 8
-14 32
+14 16
+10 12
+3 16
+1 4
fi=(6)
529 4
fi=(5)
114 4
fi=(6)
529 8
fi=(5)
114 1200
fi=(6)
529 1200
fi=(5)
114 1200
fi=(6)
529 2400
+5 2408
+1 1204
fi=(5)
113 1204
fi=(6)
535 1204
-5 1204
fi=(5)
113 2408
+7 32
+4 24
+2 12
-73 4
fi=(6)
484 4
fi=(5)
52 4
fi=(6)
484 8
fi=(5)
128 8
+1 4
+1 4
-2 4
+2 4
+3 4
-5 4
+2 4
-2 4
+1 8
+2 4
-2 4
+2 12
+2 8
-5 238
+1 119
+1 119
-2 119
+2 119
+3 119
-5 119
+2 119
-2 119
+1 238
+2 119
-2 119
+2 357
+2 238
+9 121
fi=(6)
262 242
+21 242
+4 242
+7 484
fi=(4) ./elf/../sysdeps/generic/ldsodefs.h
138 315
fi=(6)
294 4050
cfi=(79)
cfn=(280)
calls=102 840 
* 61962
* 918
+2 315
+30 724
450 306
fi=(5)
145 342
-19 369
+32 20
+1 6
fi=(6)
294 2
+22 2
-22 4
fi=(5)
160 6
+3 2
+4 2
-4 2
+4 4
-2 2
-2 2
+2 2
+1 2
-1 4
fi=(6)
294 8
508 2
-1 4
+1 4
+1 2
cfi=(15)
cfn=(502) __x86_cpu_features
calls=1 71 
* 6
cob=(3)
cfi=(81)
cfn=(290)
calls=1 86 
* 28
+1 2
fi=(5)
159 2
fi=(6)
510 2
fi=(5)
159 8
-14 3
+1 51
fi=(6)
490 3
+5 2
-1 3
+1 2
-1 1
cfi=(29)
cfn=(80)
calls=1 212 
* 11
+2 4
+1 1
-75 54
+4 72
+5 18
+9 18
-9 36
+9 18
fi=(5)
145 68
fi=(6)
296 163
+3 115
-3 115
+3 230
+2 5
+3 2
+1 3
+11 2
+7 1
cob=(3)
cfi=(86)
cfn=(300)
calls=1 65 
* 17
* 3
+3 2
fi=(5)
135 10
+3 2
fi=(6)
296 99
+3 99
-3 214
+3 4
fi=(5)
50 10
fe=(78)
308 14
fi=(6)
-14 29
fe=(78)
+49 25
+3 5
-3 5
+3 5
+4 10
+1 20
cfi=(72)
cfn=(236)
calls=5 117 
* 30
* 10
-63 6
fi=(5)
53 2
175 7
+2 2
+1 2
-1 1
+3 1
-3 4
+3 2
-3 10
+1 10
-1 5
+3 5
-3 20
+3 10
+8 6
fi=(6)
+74 12
+21 12
+4 12
+7 24
fi=(4)
138 18
fi=(6)
294 204
cfi=(79)
cfn=(280)
calls=6 840 
* 3515
* 54
+2 18
+30 36
450 12
fi=(5)
191 18
-16 18
+30 4
fi=(6)
+91 2
+3 2
-3 2
+3 4
-3 2
+3 2
-3 4
fe=(78)

fl=(14)
fn=(28)
35 1
+1 3
+1 2
+6 1
+1 1

fl=(153) ./elf/./elf/dl-call-libc-early-init.c
fn=(504) _dl_call_libc_early_init
27 1
+2 2
-2 1
+6 3
-6 1
+6 3
-6 1
+6 1
cfi=(152) ./elf/./elf/dl-lookup-direct.c
cfn=(500) _dl_lookup_direct
calls=1 +41 
* 177
+4 2
+2 4
+2 1
-1 1
+1 2
-1 1
cob=(3)
cfi=(154)
cfn=(506)
calls=1 -7 
* 1152

fl=(159)
fn=(522)
67 2
+5 2
+3 2
+2 2
+10 2
+6 2
+1 2
+1 2
+1 2
+1 2
+1 2
+1 2
+4 2
+1 2
+3 2
+1 2
+2 2
+1 2
+1 2
+1 2
+1 2
+1 2
+2 2
+7 2
+1 2
+1 2
cfi=(160)
cfn=(524)
calls=2 -80 
* 1643
+1 2
+5 2
+1 2
+1 2
+2 2
+1 2
+1 2
+1 2
+1 2
+1 2
+1 2
+2 2
+2 2
+4 2
+2 2

fl=(67)
fn=(220)
28 20
+1 40
cfi=(59)
cfn=(192)
calls=10 153 
* 98

fl=(148)
fn=(484)
95 10
+1 10
+1 5
+6 25
+1 145
+1 100
+2 15
+5 5

fl=(151) ./elf/../sysdeps/nptl/dl-mutex.c
fn=(498) __rtld_mutex_init
30 2
+10 3
-10 1
+10 2
-10 1
+7 1
+3 2
cfi=(152)
cfn=(500)
calls=1 +34 
* 175
+4 2
+1 8
+2 3
-2 1
+2 3
cfi=(152)
cfn=(500)
calls=1 +27 
* 198
+4 2
+1 6
+1 2
-1 1
+1 2

fl=(38)
fn=(108)
175 5
+1 1
-1 6
+1 1
-1 1
+1 1
-1 1
+1 1
-1 1
+1 2
cfi=(10)
cfn=(24)
calls=1 405 
* 21
* 1
+2 2
+1 3
+26 2
-26 1
+25 1
cfi=(39)
cfn=(110)
calls=1 29 
* 47
fi=(40) ./elf/./dl-hwcaps.h
54 1
fe=(38)
205 1
-1 1
fi=(40)
56 1
+32 1
+1 1
+1 1
fe=(38)
-35 2
cfi=(41)
cfn=(116)
calls=1 -4 
* 13
* 2
fi=(40)
-1 1
+2 2
-2 1
+34 2
+1 2
+1 1
fe=(38)
-32 2
-1 2
+1 2
+1 2
-1 2
-3 4
cfi=(41)
cfn=(116)
calls=2 -4 
* 114
* 2
cfi=(41)
cfn=(116)
calls=1 -4 
* 122
* 6
+48 5
fi=(28)
-47 1
cfi=(27)
cfn=(76)
calls=1 -21 
* 25
fe=(38)
+47 1
+2 2
+3 2
fi=(40)
-52 1
fe=(38)
+55 1
-3 1
fi=(40)
-54 2
+3 1
fe=(38)
+58 2
cfi=(41)
cfn=(122)
calls=1 -90 
* 12
* 2
fi=(40)
-61 1
+2 2
-2 1
+34 2
+1 2
+1 1
fe=(38)
+40 4
+1 2
-1 6
+2 2
+1 2
-2 6
-3 4
cfi=(41)
cfn=(116)
calls=2 -77 
* 114
* 2
cfi=(41)
cfn=(116)
calls=1 -77 
* 122
* 6
+8 2
+9 1
-15 1
+15 2
-15 1
+15 8
+9 2
+4 7
cfi=(43) ./string/../sysdeps/x86_64/memcmp.S
cfn=(124) bcmp
calls=1 22 
* 41
+1 2
+1 1
+4 1
+1 2
+1 1
-20 2
+19 1
+1 1
-20 2
-1 4
+70 1
+1 1
+4 1
-5 2
+1 4
+4 2
-4 1
+4 4
+1 1
-1 1
+1 2
+1 2
-2 5
+1 1
-1 1
+1 2
+1 2
-2 5
+5 1
+3 2
-3 2
+3 15
+7 1
-7 2
+2 3
+1 4
+2 1
fi=(229) ./elf/../sysdeps/x86/dl-hwcap.h
57 1
fe=(38)
233 2
fi=(229)
57 1
fe=(38)
233 2
fi=(229)
57 1
fe=(38)
233 1
+1 1
cfi=(22)
cfn=(60)
calls=1 41 
* 17
+1 1
+1 1
-6 1
+4 1
+1 1
-5 1
+5 1
+1 1
-1 2
-5 4
+10 3
-2 3
+2 1
+1 1
+1 1
-1 1
+4 4
+1 1
-1 1
+4 2
+4 1
-1 1
+1 4
-1 2
+4 3
+1 3
+19 10
+6 2
fi=(28)
56 1
cfi=(27)
cfn=(76)
calls=1 -21 
* 25
* 1
fe=(38)
283 2
+8 1
fi=(40)
54 1
+2 1
+34 1
-2 2
fe=(38)
-5 1
291 1
fi=(40)
54 1
+35 1
fe=(38)
291 1
fi=(40)
90 1
fe=(38)
-10 2
cfi=(41)
cfn=(116)
calls=1 -29 
* 13
* 2
fi=(40)
-26 2
+2 1
fe=(38)
+27 1
fi=(40)
-29 1
+34 2
+1 2
+1 1
fe=(38)
-8 2
+1 4
+7 2
-7 10
cfi=(29)
cfn=(128)
calls=2 199 
* 26
+4 2
+2 2
+2 2
-2 4
-9 4
cfi=(41)
cfn=(116)
calls=2 -29 
* 114
* 2
cfi=(41)
cfn=(116)
calls=1 -29 
* 122
* 6
304 1
+2 1
-2 1
-48 2
+72 1
-72 1
376 2
+13 2
-58 1
+45 1
+13 1
-58 1
-75 1
+82 1
+10 2
-92 1
+88 1
+4 3
-4 1
+3 7
-3 2
-3 1
+3 1
cfi=(29)
cfn=(128)
calls=1 199 
* 18
* 2
-3 1
+3 1
cfi=(29)
cfn=(128)
calls=1 199 
* 18
* 2
+3 2
-3 4
+3 5
+1 12
+1 2
-2 1
+2 1
cfi=(29)
cfn=(128)
calls=1 199 
* 15
* 2
-2 2
+5 8
cfi=(29)
cfn=(128)
calls=2 199 
* 30
* 4
+2 5
+5 6
+1 1
-1 3
+1 7
-1 25
+5 11
+4 1
-1 1
+1 2
-4 12
+4 2
-1 2
+1 13
-1 9
+1 18
+1 24
-1 12
-1 12
+2 24
-1 24
-1 24
+4 9
+3 1
+2 2
-1 1
-1 1
+2 1
-2 1
+2 2
-1 1
+1 2
+2 6
+1 2
+3 2
-6 2
+6 3
+7 8
+1 1
-1 2
+3 2
-3 3
+1 3
-1 6
+3 6
+3 4
-80 2
+86 9
-20 1
+1 2
-6 3
259 2
+1 2
+1 4
-1 3
+12 4
-44 2
+34 4
-2 3

fl=(49)
fn=(532)
40 6
+4 3
-4 3
+4 3
-4 3
+4 3
-4 6
+4 3
+1 3
+1 12
+4 18

fn=(606)
117 1
+1 4

fn=(846)
96 5
+1 20

fn=(154) _dl_audit_activity_map
28 6
+2 1
-1 1
+1 2
+6 6

fn=(206)
76 3
+1 12

fl=(24)
fn=(84)
42 10
+2 20

fn=(66) __tls_pre_init_tp
53 3
+3 8
+5 1
-5 1
+5 1
+1 1
-6 1
+8 1

fn=(266) __tls_init_tp
68 2
fi=(230) ./elf/../include/list.h
-24 1
fe=(24)
+24 1
fi=(230)
-25 1
fe=(24)
+26 1
+3 1
fi=(230)
-29 1
+1 1
+1 1
+2 1
fe=(24)
+28 4
+1 2
+1 1
+5 2
+5 1
+6 1
-3 1
+3 1
-6 3
+6 1
+13 3
fi=(76) ./elf/../sysdeps/unix/sysv/linux/rseq-internal.h
-72 1
fe=(24)
+72 1
cfi=(10)
cfn=(24)
calls=1 405 
* 20
fi=(76)
-74 3
+2 6
+3 2
+3 1
fe=(24)
+83 3
+7 2
+2 1
+1 1
+1 3

fl=(73)
fn=(240)
30 30
+4 3
+1 6
+11 3
-1 6
+18 12

fl=(7)
fn=(494) lookup_malloc_symbol
61 8
+3 4
-3 16
+3 4
-3 4
+3 8
-1 4
+1 12
cfi=(79)
cfn=(280)
calls=4 840 
* 2280
+4 28
+1 28
+2 4
fi=(150) ./elf/./dl-sym-post.h
-30 8
+12 12
fe=(7)
+19 20

fn=(136)
239 2
+3 4
+2 2
+1 4
+4 33
+7 84
-2 56
+13 1
+4 4
-22 14
+15 14
-15 30

fn=(490) __rtld_malloc_init_real
76 2
+10 1
fi=(149) ./elf/../sysdeps/generic/dl-hash.h
-41 1
fe=(7)
+31 1
fi=(149)
-32 1
fe=(7)
+32 5
+11 1
-1 1
fi=(149)
-43 1
+5 3
+14 4
-17 3
+3 15
+14 20
-17 15
fe=(7)
+46 2
fi=(149)
-24 1
fe=(7)
+22 1
+2 2
fi=(149)
-19 1
fe=(7)
+19 1
cfn=(494)
calls=1 -30 
* 619
+1 3
-1 1
+1 1
cfn=(494)
calls=1 -31 
* 619
+1 3
-1 1
+1 1
cfn=(494)
calls=1 -32 
* 605
+1 3
-1 1
+1 1
cfn=(494)
calls=1 -33 
* 597
+5 1
+1 1
+1 1
+1 1
+1 7

fn=(12) __rtld_malloc_init_stubs
42 1
+1 2
+1 2
+1 2
+1 2
+1 1

fl=(54)
fn=(174)
68 234
+1 78
cfi=(32)
cfn=(90)
calls=39 +39 
* 1305
* 78
+3 39
+2 78
+6 39
-6 78
+1 141
cfi=(32)
cfn=(90)
calls=47 +33 
* 1736
* 94
+8 8
-13 8
+13 55
-1 31
+1 93

fn=(224)
36 2
+3 1
-3 6
+3 1
-3 1
+3 1
cfi=(55)
cfn=(178)
calls=1 -11 
* 19
+1 2
+23 7
-21 4
cfi=(58)
cfn=(190)
calls=1 -13 
* 15
* 2
+2 2
+3 2
+13 2
cfi=(64)
cfn=(204)
calls=1 -35 
* 6
* 1
-11 6
cfi=(60)
cfn=(194)
calls=1 -2 
* 9
* 2

fl=(1) ???
fn=(0) 0x0000000000020290
0 2
cfi=(2)
cfn=(2) _dl_start
calls=1 527 
0 159108
0 14
cfi=(162) ./elf/./elf/dl-init.c
cfn=(540) _dl_init
calls=1 77 
0 442
0 3
cob=(6)
cfi=(169)
cfn=(584)
calls=1 0 
0 30622532090

fl=(152)
fn=(500)
74 30
+2 3
-2 3
+4 3
-4 3
+2 3
+2 9
+37 3
-37 9
+1 6
+2 12
+3 25
-52 3
+54 6
-54 3
+54 3
-54 9
+1 9
+2 6
+1 6
+12 12
+3 3
+2 3
-2 3
+2 9
cfi=(32)
cfn=(90)
calls=3 +55 
* 207
* 6
+4 6
+1 3
-1 3
+1 18
+1 9
cfi=(32)
cfn=(90)
calls=3 +49 
* 75
* 6
+57 27
-23 6

fl=(71)
fn=(234)
25 8
+1 16
+1 4

fl=(12)
fn=(22)
281 2
+1 4
cfi=(10)
cfn=(24)
calls=1 405 
* 20
+2 3
-1 1
+2 2

fn=(248) dfs_traversal.part.0
140 80
+10 10
-2 10
+2 20
+2 28
+3 34
-3 68
+9 20
+15 30
+1 10
+1 60
-17 15

fn=(246)
290 20
+8 2
-8 2
+8 4
+4 16
-79 4
-37 2
+37 2
-36 8
+1 2
-1 2
+1 2
-1 4
+1 8
-1 8
+1 8
-1 16
+36 30
+8 6
-3 2
+2 2
+1 2
-8 2
+5 2
+3 8
+2 24
+2 10
-90 50
cfn=(248)
calls=10 -5 
* 385
+93 20
+18 4
+13 2
+33 2
-26 8
cfi=(29)
cfn=(80)
calls=2 -64 
* 38
* 2

fl=(22)
fn=(60)
41 21
+44 21
+1 21
+1 21
+1 21
+1 21
+1 21
+1 21
+2 21
+2 21
+31 20
+1 20
+1 20
+1 20
+1 20
+1 12
+2 12
+4 8
+1 8
+1 8
+1 8
+1 8
+1 8
+1 8
+1 8
+1 8
+1 8
+1 8
+1 8
+5 64
+4 1
+1 14
+1 8

fl=(23)
fn=(62)
37 5
+3 1
+18 2
+4 2
+16 5

fl=(27)
fn=(144)
95 4
+2 16

fn=(76)
35 145
+1 29
+11 29
-11 58
+11 58
+3 29
-3 29
+3 166
+18 29
+1 29
+2 116
-16 8
+1 4
+2 2
+1 14
cfi=(60)
cfn=(194)
calls=2 -12 
* 18
* 2
+2 4
+2 4
+2 2
+4 2
-4 4
-23 1
-1 1
+1 1
+1 2
-2 2

fn=(72)
78 10
+4 10
-4 40
+7 10
+1 30
fi=(28)
-30 10
cfi=(27)
cfn=(76)
calls=10 -21 
* 285
fe=(27)

fl=(43)
fn=(124)
22 1
+5 1
+1 1
+1 1
+1 1
+1 1
+1 1
+1 1
+1 1
+3 1
+1 1
+1 1
+1 1
+1 1
+1 1
+1 1
+1 1
+1 1
+2 1
+1 1
+17 1
+1 1
+17 1
+1 1
+1 1
+1 1
+1 1
+4 1
+47 1
+1 1
+1 1
+1 1
+1 1
+1 1
+1 1
+1 1
+1 1
+1 1
+1 1
+1 1
+1 1

fl=(53)
fn=(168)
30 6
+2 6
+9 6
+1 12
+1 6
+4 6
+1 6
+1 6
+1 6
+1 6
+2 12
+2 6
+1 6
+1 6
+2 12
+2 6
+8 6
+3 6
+1 6
+7 6
+1 6

fl=(15)
fn=(32)
37 1
+2 3
+2 1
cfi=(16)
cfn=(34)
calls=1 399 
* 7219

fn=(502)
71 1
-32 3
+32 2

fl=(45)
fn=(140)
40 20
+1 4
cfi=(22)
cfn=(60)
calls=4 * 
* 122
* 4
fi=(231) ./string/../include/rtld-malloc.h
+15 8
cfi=(27)
cfn=(76)
calls=4 -21 
* 100
fe=(45)
-12 8
+4 4
-1 12
+1 8
-1 4
cfi=(29)
cfn=(80)
calls=4 212 
* 52

fl=(26)
fn=(82)
31 8
+2 4
-2 8
+2 4
-2 8
+2 4
cfi=(24)
cfn=(84)
calls=4 +9 
* 12
+2 31
+3 36
+2 3
+2 3
+4 3
+4 3
-4 6
+1 3
+4 3
-4 3
+1 3
+3 3
-3 3
+3 3
-1 3
cfi=(24)
cfn=(84)
calls=3 -8 
* 9
-4 1
+4 1
-4 2
+1 1
+4 1
-4 1
+1 1
+3 1
-3 1
+3 1
-1 1
cfi=(24)
cfn=(84)
calls=1 -8 
* 3
-5 2

fn=(70)
59 56
+3 8
+18 3
+3 3
-3 3
+3 3
cfi=(22)
cfn=(60)
calls=3 -42 
* 69
+4 6
-4 6
+9 6
fi=(28)
-48 9
cfi=(27)
cfn=(72)
calls=3 +34 
* 136
fe=(26)
+48 1
fi=(28)
-48 3
cfi=(27)
cfn=(72)
calls=1 +34 
* 43
* 4
fe=(26)
+51 8
+5 4
-2 4
+6 4
-4 4
+4 4
-5 4
+4 4
+1 4
-1 4
+1 8
cfi=(29)
cfn=(80)
calls=4 212 
* 55
* 8
+2 4
+13 8
+6 1
+2 7
+3 2
-3 21
+3 6
+9 4
-7 4
+4 4
+3 17
+2 1
-2 3
+2 15
-2 45
+16 8
-5 4
+5 4
-6 4
+6 4
-6 4
+6 8
+2 6
+3 6
-3 6
+7 12
+4 6
+8 2
+3 2
+10 3
-10 6
+10 9
+2 3
+21 3
-21 3
cfi=(22)
cfn=(60)
calls=3 41 
* 105
* 9
+17 3
-13 9
+50 9
cfi=(29)
cfn=(128)
calls=3 -46 
* 47
* 3
+5 6
+1 6
-1 100
+1 100
+2 6
+3 3
+3 3
+4 36
131 11
-12 6
+34 1
+7 4
+8 12
fi=(28)
56 6
cfi=(27)
cfn=(76)
calls=3 -21 
* 75
* 3
fe=(26)
200 12
64 2
+2 3
+1 2
+10 5
-6 2

fl=(162)
fn=(540)
77 12
+1 1
+1 1
+3 3
+8 2
+25 1
+1 5
+1 2
-86 4
+86 8
-86 16
+2 26
cfn=(542) call_init.part.0
calls=4 -7 
* 265
+83 15
+7 8
-92 4
+2 6
cfn=(542)
calls=1 -7 
* 61
+52 2

fn=(542)
26 40
+13 5
-13 5
+16 5
-3 10
+3 10
+5 8
+8 12
+1 12
cob=(2)
cfi=(51)
cfn=(572)
calls=1 -56 
* 7
cob=(2)
cfi=(51)
cfn=(544)
calls=1 -56 
* 26
+3 4
+1 8
+6 4
+2 4
-2 2
+3 13
+1 4
cob=(3)
cfi=(167)
cfn=(570)
calls=1 +13 
* 12
* 8
cob=(4)
cfi=(168)
cfn=(576)
calls=1 -70 
* 12
cob=(3)
cfi=(164)
cfn=(562)
calls=1 -24 
* 74
-1 9
+3 30
-29 2

fl=(10)
fn=(24)
405 34
+3 238
+9 34
-9 130
+9 10
+17 170
+2 34
-9 24
+1 24

fn=(18)
282 9
-9 7
71 98
+6 31
-3 31
+3 2237
-3 31
-3 62
357 8
81 62
+5 93
fi=(11) ./elf/./elf/dl-tunables.h
+54 31
fe=(10)
-54 31
fi=(11)
+54 31
+1 82
-1 70
+1 20
-1 31
+1 62
fe=(10)
323 124
-18 4340
+6 6820
fi=(11)
140 279
+1 558
-1 19
+1 76
-1 95
fe=(10)

fn=(54)
157 15
-55 5
+55 5
-55 5
+55 5
-55 35
+9 5
+1 5
fi=(232) ./elf/./dl-tunable-types.h
-22 10
fe=(10)
+22 20
+1 40
fi=(11)
+8 10
+1 5
fe=(10)
-6 15
fi=(11)
+15 5
fe=(10)
-12 10
+4 10
+7 10
+1 10
+3 30
+1 5
+1 5
+1 5
+24 5
fi=(11)
-30 15
fe=(10)

fl=(60)
fn=(194)
47 32
+3 32
+8 64
+2 16

fl=(77) ./elf/../sysdeps/x86/dl-cet.c
fn=(270) _dl_cet_check
252 8
42 1
+9 1
-10 1
+4 1
-4 1
+3 1
+4 2
+1 2
-1 2
+14 2
254 8

fl=(2)
fn=(156) handle_preload_list
894 10
+5 1
-5 2
+5 2
+6 1
-64 1
+54 3
+7 3
cfi=(50)
cfn=(158)
calls=1 25 
* 233
* 1
+1 3
+9 1
191 1
914 2
191 2
916 2
-80 1
+5 5
-10 1
+8 1
-4 1
+1 1
+1 1
+4 1
cob=(2)
cfi=(51)
cfn=(160)
calls=1 0 
* 2784
+1 3
+8 3
+67 1
-18 2
+21 9
-15 4
cfi=(29)
cfn=(80)
calls=1 212 
* 19
+1 2

fn=(170)
663 2
+2 1
-2 1
+2 1
+1 2
-1 2
+1 3
cfi=(31)
cfn=(172)
calls=1 2022 
* 2683
* 1
+2 2

fn=(64)
1320 2
205 1
311 1
1320 2
2818 1
1320 3
2829 1
1320 2
2698 1
1320 2
311 1
1320 3
207 1
310 1
205 1
+99 3
1332 1
cfi=(24)
cfn=(66)
calls=1 53 
* 17
2677 3
+6 5
-4 1
+4 1
+2 3
cfi=(25) ./elf/./elf/dl-environ.c
cfn=(68) _dl_next_ld_env_entry
calls=1 28 
* 35
* 4
cfi=(25)
cfn=(68)
calls=2 28 
* 186
* 9
+4 6
-2 2
+2 6
+1 2
-1 6
+1 17
-1 89
+9 12
2845 4
+32 2
1348 1
+1 2
-1 2
+1 2
2774 3
+1 3
-56 2
+7 2
1627 9
cfi=(26)
cfn=(70)
calls=1 59 
* 230
* 1
+2 2
+1 1
+6 2
-6 1
+1 2
+1 3
+4 1
cfi=(26)
cfn=(82)
calls=1 31 
* 36
+1 2
1140 1
1326 1
1169 1
-29 1
+11 1
+18 2
-21 1
+21 1
-19 1
-4 1
+23 1
-21 1
+21 2
+57 1
-83 1
+23 1
+4 1
+19 1
+22 1
+15 5
-56 116
1275 4
+2 1
1169 18
fi=(30)
105 2
fe=(2)
1282 22
+6 4
cfi=(31)
cfn=(88)
calls=1 868 
* 20
-7 26
+1 13
+6 13
-6 26
fi=(30)
212 4
+1 2
95 8
+10 2
212 1
105 1
-2 1
-3 1
+2 1
+3 1
-4 2
+92 4
-1 1
-87 3
+3 3
+1 2
+1 2
+4 3
+4 3
+3 3
+1 2
+4 1
+1 4
+58 3
+2 4
-56 4
+1 2
+3 4
+3 2
+1 8
+5 4
+2 4
+5 4
+14 2
-1 4
+2 2
fe=(2)
1174 1
-5 1
+5 2
-5 2
+30 1
-9 1
+27 1
-27 1
+2 1
-3 1
+10 2
-20 2
-10 1
+10 1
+1 9
-11 2
+57 4
-1 4
+1 8
-1 4
+2 8
+1 1
+2 12
+1 14
+4 8
+1 8
+1 4
+1 10
+1 1
+4 1
-74 1
+74 2
-74 2
+74 3
-74 3
+74 6
-74 6
fi=(30)
165 2
fe=(2)
1271 1
1169 1
1271 1
1169 2
1294 1
+3 2
+2 1
-5 2
+3 2
+2 2
+2 2
1662 3
+2 1
-1 1
+1 2
+1 2
-2 1
+2 1
-2 2
cfi=(32)
cfn=(90)
calls=1 108 
* 34
* 2
+7 1
+3 1
-5 1
+3 1
+2 1
+1 2
+4 2
+2 2
fi=(3) ./elf/./get-dynamic-info.h
39 3
+6 1
-2 1
+2 2
+9 1
+5 1
+3 1
+2 1
-3 1
-3 1
-3 17
+13 5
-23 20
+23 22
-23 88
+4 54
+5 24
+2 5
+16 3
+25 3
+5 2
+7 2
+1 3
+22 3
+5 2
+2 2
+2 2
+2 2
+1 1
+3 3
+2 3
+1 2
+9 2
+6 2
+1 2
+3 2
fe=(2)
1688 3
+7 2
cfi=(8)
cfn=(14)
calls=1 25 
* 29
+3 2
fi=(33) ./elf/./setup-vdso.h
24 2
fi=(35) ./elf/../sysdeps/unix/sysv/linux/dl-vdso-setup.h
+21 1
fe=(2)
1723 1
cfi=(13)
cfn=(100)
calls=1 46 
* 109
* 8
fi=(37) ./elf/./dl-main.h
109 5
cfi=(31)
cfn=(106)
calls=1 706 
* 2926
fe=(2)
1731 3
cfi=(46)
cfn=(146)
calls=1 56 
* 30
+7 1
-7 1
+2 1
+5 1
+4 1
+3 1
-3 3
+1 2
+3 1
+5 1
-7 1
+7 1
+1 3
+12 2
+1 2
+5 1
-3 2
+2 1
+1 2
+5 3
+1 5
-1 2
233 1
-1 1
+1 3
+1 2
-2 1
+2 2
1793 2
+5 1
-1 1
+1 1
+24 1
cfi=(47)
cfn=(148)
calls=1 197 
* 6
* 1
fi=(48) ./elf/../sysdeps/generic/dl-debug.h
29 3
+1 2
fe=(2)
1828 2
+1 1
cfi=(46)
cfn=(152)
calls=1 116 
* 2
+1 1
+4 3
cfi=(49)
cfn=(154)
calls=1 28 
* 16
+5 3
+2 1
+2 2
+9 2
+16 4
cfi=(65)
cfn=(208)
calls=1 25 
* 9
* 2
+76 4
+16 3
85 1
1970 1
85 2
1970 2
85 1
1970 5
cfi=(66)
cfn=(210)
calls=1 159 
* 14482
92 1
1976 1
92 2
+9 2
1976 2
+1 5
-1 4
+1 8
-1 16
+4 4
+1 3
+1 1
+2 2
+1 4
-1 13
+1 12
+12 3
+1 2
+2 1
+2 3
+2 1
-4 1
+5 1
-1 2
+14 2
+1 2
+1 3
+11 2
+2 1
-2 1
+2 2
-2 1
+1 2
+1 1
-1 2
+1 1
cfi=(52)
cfn=(250)
calls=1 238 
* 6990
+10 2
+1 2
+3 2
862 1
fi=(233) ./elf/../sysdeps/unix/sysv/linux/dl-osinfo.h
64 2
fe=(2)
864 1
+6 1
+3 1
+7 1
-5 1
2052 3
2282 3
1778 2
+6 1
-6 2
+6 1
+2 3
fi=(30)
198 4
+2 1
+1 1
+2 1
-3 3
+3 1
fi=(3)
59 4
+3 4
+2 4
fi=(34) ./elf/../sysdeps/unix/sysv/linux/dl-vdso.h
-24 1
+1 2
fe=(2)
2331 1
1325 1
2342 1
-4 2
+10 1
-6 1
+6 1
+3 2
+8 1
fi=(30)
36 1
fe=(2)
2359 1
fi=(30)
37 3
+3 1
+13 7
-13 4
+9 8
-9 1
+9 25
+4 20
-16 15
+34 3
cfi=(77)
cfn=(270)
calls=1 252 
* 30
fe=(2)
2361 2
+54 3
+3 1
85 4
2422 1
+1 22
+2 10
+5 10
+2 10
+6 5
+2 15
+1 32
cfi=(78)
cfn=(272)
calls=4 194 
* 92750
+4 12
+1 2
-23 1
+23 1
cfi=(47)
cfn=(412)
calls=1 1015 
* 28
-23 6
92 3
+1 1
2454 1
93 1
2454 1
+5 4
+2 1
+7 3
cfi=(47)
cfn=(480)
calls=1 528 
* 146
+3 2
fi=(3)
72 2
+10 3
+1 4
+1 4
+1 4
+2 4
+5 4
+1 4
+1 5
fi=(35)
-64 3
+3 1
+3 1
+3 1
fi=(34)
+16 2
fe=(2)
2434 1
+1 1
-3 2
+49 3
+2 4
+10 1
cfi=(147)
cfn=(482)
calls=1 561 
* 713
+5 2
cfi=(7)
cfn=(490)
calls=1 76 
* 2548
+3 1
cfi=(151)
cfn=(498)
calls=1 30 
* 415
85 1
2507 1
+1 3
85 3
2508 2
cfi=(78)
cfn=(272)
calls=1 194 
* 5070
92 3
+9 2
2516 3
cfi=(153)
cfn=(504)
calls=1 27 
* 1353
+7 1
cfi=(9)
cfn=(530)
calls=1 262 
* 2
+4 3
cfi=(49)
cfn=(532)
calls=1 40 
* 21
+5 2
cfi=(46)
cfn=(186)
calls=1 38 
* 7
+1 1
-1 1
+2 1
cfi=(46)
cfn=(152)
calls=1 116 
* 2
+1 1
+4 1
cfi=(68)
cfn=(534)
calls=1 537 
* 18
+5 8
1741 4
1995 2
+50 2
cfn=(258) init_tls
calls=1 756 
* 789
* 2
2726 4
+2 2
+1 1
+46 2
+2 1
+1 1
-1 1
+1 1
+1 1
85 1
1847 1
85 2
1847 1
85 1
1847 2
cfn=(156)
calls=1 894 
* 3107
* 1
92 3
+9 3
1948 16
+1 1
-1 1
+4 3
+1 1
+1 2
+1 2
-7 2
fi=(30)
170 3
-39 2
fe=(2)

fn=(252)
696 3
+2 4
cfi=(75)
cfn=(254)
calls=1 361 
* 6962
* 2
+4 2

fn=(258)
756 3
+2 1
+4 1
-4 1
+4 2
+11 1
fi=(28)
44 1
fe=(2)
768 1
+4 1
fi=(28)
44 1
cfi=(27)
cfn=(72)
calls=1 +34 
* 36
fe=(2)
783 1
-12 1
+6 1
-9 1
+11 1
+4 1
+2 3
-1 2
+3 10
+4 1
+2 1
-2 2
-5 1
-1 2
+10 3
+3 2
cfi=(47)
cfn=(260)
calls=1 97 
* 79
+3 1
cfi=(47)
cfn=(262)
calls=1 221 
* 76
+7 1
cfi=(47)
cfn=(264)
calls=1 422 
* 442
* 1
+1 2
+6 1
+3 2
-3 1
+3 6
+3 1
cfi=(24)
cfn=(266)
calls=1 68 
* 75
+1 1
+3 5
-39 4
-1 9

fn=(2)
527 10
85 1
fi=(6)
-40 1
fe=(2)
557 1
-4 1
85 2
556 1
85 1
fi=(3)
-40 1
fe=(2)
556 1
fi=(3)
45 2
+9 1
+5 1
+3 1
+2 1
+4 1
-7 1
-3 1
-3 14
+13 4
-23 16
+23 14
-23 56
+4 36
+5 20
+2 5
+3 4
fi=(4)
+21 1
fi=(3)
-8 3
+10 4
+1 4
+1 4
+1 4
+2 4
+5 4
+1 4
+1 4
+3 3
+5 2
+7 3
+1 3
+8 2
+1 2
+5 3
+3 3
fe=(2)
573 1
fi=(6)
71 1
fe=(2)
573 42
fi=(6)
414 1
fi=(5)
86 1
fe=(2)
573 2
fi=(5)
49 1
+37 1
-37 1
+37 1
+2 1
-2 1
+2 1
-2 1
+27 2
-27 1
fe=(2)
573 2
fi=(5)
49 1
+37 1
-37 1
+37 1
+2 1
-2 1
+2 1
-2 1
+27 3
+1 2
fi=(6)
534 2
fi=(5)
114 282
fi=(6)
534 282
+1 142
fi=(5)
113 142
fi=(6)
535 284
fi=(5)
113 284
+5 4
+8 7
fi=(6)
326 12
fi=(5)
126 21
+2 7
+2 7
-2 7
fi=(6)
287 7
fi=(5)
130 7
-2 7
+1 14
fi=(6)
287 14
+9 70
+3 14
+27 33
fe=(2)
573 6
fi=(5)
50 1
fi=(4)
+30 2
fi=(6)
326 2
+20 12
+1 6
fe=(2)
575 1
+13 1
cfi=(7)
cfn=(12)
calls=1 42 
* 10
+4 2
85 1
488 2
85 3
488 1
cfi=(8)
cfn=(14)
calls=1 25 
* 29
+2 2
-1 1
+1 2
+17 1
-15 1
-2 1
+17 1
-15 1
+9 1
-11 1
+17 1
cfi=(9)
cfn=(16)
calls=1 85 
* 157015
* 1
+2 2
+98 9
fi=(3)
62 4
+2 4
fe=(2)
573 3

fl=(72)
fn=(236)
117 30
+5 6

fn=(536)
117 5
+5 1

fl=(79)
fn=(282) do_lookup_x
363 912
+1 114
-1 570
+48 114
-30 228
-11 114
+41 114
-30 342
+30 114
fi=(80) ./elf/../sysdeps/generic/dl-protected.h
44 342
fe=(79)
381 114
fi=(80)
44 456
fe=(79)
395 1407
+4 469
+4 469
-3 469
+3 1876
+1 1407
+3 469
+1 938
+7 469
-3 938
-2 469
+5 1876
+3 3283
570 1098
374 940
+3 940
+4 948
+4 938
+4 938
+88 208
fi=(4)
137 208
+1 312
fe=(79)
528 208
fi=(80)
29 208
fe=(79)
535 800
+16 208
+1 104
+1 208
422 476
-1 238
+2 238
+2 1380
+13 450
-10 1270
+3 107
-1 214
+1 107
-1 107
+2 214
-1 1284
cfn=(284) check_match
calls=107 70 
* 10466
+4 321
+3 6
573 10
+1 912
-35 24
-70 22
171 77
452 832

fn=(280)
840 1140
+10 114
-10 228
+10 114
-10 114
+10 114
204 114
840 114
204 570
581 456
-1 228
+2 114
-1 114
+1 342
-1 342
+1 1432
-1 1432
+1 4296
-1 4296
+2 114
846 114
-4 114
+1 114
+7 114
-8 114
+1 114
+7 420
+3 114
+2 228
-2 114
+6 228
-7 684
+7 50
+1 1596
cfn=(282)
calls=114 363 
* 45094
* 342
+28 114
-23 114
+23 114
-23 228
+24 608
+7 104
-7 104
+40 416
+79 208
-65 312
+3 312
-62 114
+69 1026
-86 60
+18 30
+59 2

fn=(284)
70 107
+3 107
-3 1284
+3 422
+13 104
-13 104
+13 104
-13 104
+13 312
+3 364
cfi=(32)
cfn=(90)
calls=39 +19 
* 1832
* 78
+4 104
+1 208
+2 204
+19 204
+1 816
-38 104
+84 624
-18 4
+2 4
+1 2
-1 4
+1 6
-1 4
+16 18
-45 306
cfi=(32)
cfn=(90)
calls=102 -9 
* 2710
* 204
-44 12
+82 6

fl=(25)
fn=(68)
28 3
+1 3
+3 39
+13 29
-13 58
+2 62
+1 18
+5 2
-3 2
+3 2
+2 2
+7 1

fl=(64)
fn=(204)
25 4
+1 16
+1 4

totals: 30622691659
