# callgrind format
version: 1
creator: callgrind-3.18.1
pid: 104947
cmd:  ./first
part: 1


desc: I1 cache: 
desc: D1 cache: 
desc: LL cache: 

desc: Timerange: Basic block 0 - 1179295550
desc: Trigger: Program termination

positions: line
events: Ir
summary: 5924456655


ob=(6) /home/colinux/Bakery/first
fl=(176) /home/colinux/Bakery/first.c
fn=(726) newOrder
687 143598
+2 20514
-2 266682
+2 20514
cob=(2) ???
cfi=(51) ???
cfn=(698) 0x00000000001091b0
calls=20514 0 
* 1085443
+6 20514
-4 20514
+4 20514
-6 20514
+6 20514
-5 20514
+5 20514
-3 20514
+3 41028
cob=(2)
cfi=(51)
cfn=(648) 0x00000000001091e0
calls=20514 0 
* 22052753
* 41028
87 41028
-2 20514
+2 41028
+1 191250
-1 573750
+1 191250
-1 573750
+3 20514
703 41028
+2 41529
+4 370
-4 740
+1 61095
cob=(2)
cfi=(51)
cfn=(728) 0x0000000000109190
calls=20365 0 
* 481977
* 40730
+14 19995
-5 19995
+5 19995
-5 39990
+5 13248
+1 13248
fi=(202) /usr/include/x86_64-linux-gnu/bits/stdio2.h
112 26496
cob=(2)
cfi=(51)
cfn=(710) 0x0000000000109150
calls=13248 0 
* 2060950
* 8618
cob=(2)
cfi=(51)
cfn=(710)
calls=4309 0 
* 669104
fe=(176)
739 52671
530 35114
+1 17556
+1 52668
697 123084
+71 246168
-43 6747
+3 60723
-2 6747
+2 13494
cfn=(732) tryBaking
calls=6747 540 
* 133694827
* 47229
+3 41786
+36 164112
fi=(202)
112 519
fe=(176)
735 519
fi=(202)
112 519
cob=(2)
cfi=(51)
cfn=(710)
calls=519 0 
* 80445
fe=(176)
734 1038
cob=(2)
cfi=(51)
cfn=(760) 0x0000000000109120
calls=519 0 
* 47481
+1 519
fi=(202)
112 4876
cob=(2)
cfi=(51)
cfn=(710)
calls=2438 0 
* 379602
fe=(176)
748 4876
+4 7318

fn=(772) heapifyDown
169 1459754
+3 729877
+3 729877
-3 5111072
+3 3651318
-3 18748950
+3 2503841
+3 7302636
-24 3651318
+1 7302636
+3 3651318
-2 3651318
+1 3651318
+1 3651318
+1 7302636
+21 3651318
-5 17823978
+7 729877

fn=(768) deleteMinBunch.part.0
269 1459754
+8 729877
cfn=(770) getLastNode
calls=729877 -93 
* 253098176
* 729877
+3 2189631
+1 1459754
+3 2189631
+1 1459754
+3 365928
+3 365928
cob=(2)
cfi=(51)
cfn=(760)
calls=365928 0 
* 40784622
+1 365928
+3 365928
-3 365928
cfn=(772)
calls=365928 169 
* 47705380
-6 363949
+5 363949
cob=(2)
cfi=(51)
cfn=(760)
calls=363949 0 
* 40567350
+1 363949
+3 363949
-3 363949
cfn=(772)
calls=363949 169 
* 47598980

fn=(802) removeRecipe
444 147
+2 21
-2 126
+2 63
cob=(2)
cfi=(51)
cfn=(648)
calls=21 0 
* 13070
* 42
87 84
-2 42
+3 21
-1 63
+1 21
-1 63
+1 172
-1 516
+1 172
-1 516
+3 21
451 42
+4 42
-4 42
+6 63
cob=(2)
cfi=(51)
cfn=(728)
calls=21 0 
* 515
* 42
+15 83
+36 42
+1 42
-1 42
+1 42
cob=(2)
cfi=(51)
cfn=(760)
calls=42 0 
* 4576
-28 172
+2 42
+3 84
+30 1
-3 2
+10 2
cob=(2)
cfi=(51)
cfn=(760)
calls=1 0 
* 91
fi=(202)
112 2
cob=(2)
cfi=(51)
cfn=(710)
calls=1 0 
* 157
fe=(176)
526 252
-10 2
fi=(202)
112 40
cob=(2)
cfi=(51)
cfn=(710)
calls=20 0 
* 3060
fe=(176)
476 20

fn=(696) newRecipe
297 14292
+3 3176
-3 1588
+3 1588
-3 4764
+3 1588
cob=(2)
cfi=(51)
cfn=(648)
calls=1588 0 
* 992723
* 3176
87 3176
-2 1588
+2 4764
+1 1588
-1 4764
+1 1588
-1 4764
+1 13197
-1 39591
+1 13197
-1 39591
+3 1588
306 4764
+3 4207
+15 42
cob=(2)
cfi=(51)
cfn=(728)
calls=14 0 
* 340
* 1713
cob=(2)
cfi=(51)
cfn=(728)
calls=571 0 
* 13405
* 1170
+14 49
-16 98
+20 70
cob=(2)
cfi=(51)
cfn=(698)
calls=35 0 
* 2587
+1 35
-1 70
+1 35
cob=(2)
cfi=(51)
cfn=(700) 0x0000000000109160
calls=35 0 
* 560
* 105
cob=(2)
cfi=(51)
cfn=(698)
calls=35 0 
* 3543
* 35
fi=(197) /usr/include/x86_64-linux-gnu/bits/string_fortified.h
79 70
fe=(176)
345 70
+1 35
+2 35
+4 175
+6 175
cob=(2)
cfi=(51)
cfn=(648)
calls=35 0 
* 39506
-6 5085
+6 5085
cob=(2)
cfi=(51)
cfn=(648)
calls=1017 0 
* 1131849
* 314685
cob=(2)
cfi=(51)
cfn=(648)
calls=62937 0 
* 68989939
* 127978
+2 127978
cob=(2)
cfi=(51)
cfn=(698)
calls=63989 0 
* 29400667
87 63989
360 63989
+1 127978
87 191967
-2 127978
+3 63989
-1 191967
+1 63989
-1 191967
+1 536759
-1 1610277
+1 536759
-1 1610277
+3 63989
365 191967
+5 136444
+20 25257
cob=(2)
cfi=(51)
cfn=(728)
calls=8419 0 
* 201293
* 191826
cob=(2)
cfi=(51)
cfn=(728)
calls=63942 0 
* 1535892
* 144722
+7 8423
-11 16846
+17 8
cob=(2)
cfi=(51)
cfn=(698)
calls=4 0 
* 756
+1 4
-1 4
+1 4
cob=(2)
cfi=(51)
cfn=(700)
calls=4 0 
* 64
* 16
cob=(2)
cfi=(51)
cfn=(698)
calls=4 0 
* 756
* 4
fi=(197)
79 4
fe=(176)
404 4
fi=(197)
79 8
fe=(176)
406 4
+4 4
-2 4
+1 8
+1 4
cob=(2)
cfi=(51)
cfn=(698)
calls=4 0 
* 756
* 8
+5 12
+6 4
fi=(204) /usr/include/x86_64-linux-gnu/bits/stdio.h
49 4
fe=(176)
424 4
fi=(204)
49 4
cob=(2)
cfi=(51)
cfn=(706) 0x00000000001091f0
calls=4 -49 
* 84
fe=(176)
421 63985
fi=(204)
49 63985
fe=(176)
424 63985
fi=(204)
49 63985
cob=(2)
cfi=(51)
cfn=(706)
calls=63985 -49 
* 1343685
fe=(176)
429 320997
fi=(202)
112 536
fe=(176)
330 536
fi=(202)
112 536
cob=(2)
cfi=(51)
cfn=(710)
calls=536 0 
* 83537
fi=(204)
-63 857370
cob=(2)
cfi=(51)
cfn=(706)
calls=428685 -49 
* 9018762
fe=(176)
330 1287127
442 19056
fi=(197)
79 346
fe=(176)
374 141
cob=(2)
cfi=(51)
cfn=(698)
calls=47 0 
* 8883
+1 47
-1 47
+1 47
cob=(2)
cfi=(51)
cfn=(700)
calls=47 0 
* 752
* 188
cob=(2)
cfi=(51)
cfn=(698)
calls=47 0 
* 8841
fi=(197)
79 94
fe=(176)
375 47
fi=(197)
79 96
fe=(176)
377 47
+3 47
-2 47
+1 94
+1 47
cob=(2)
cfi=(51)
cfn=(698)
calls=47 0 
* 8883
+1 47
-1 47
+1 141
+12 63938
+8 63938
fi=(197)
79 454
fe=(176)
435 1052
fi=(202)
112 1052
fe=(176)
435 1052
+3 1052
fi=(202)
112 1052
cob=(2)
cfi=(51)
cfn=(710)
calls=1052 0 
* 163975
fe=(176)
441 1052
fi=(197)
79 44
fe=(176)
312 2034
cob=(2)
cfi=(51)
cfn=(698)
calls=1017 0 
* 51401
+1 1017
-1 2034
+1 1017
cob=(2)
cfi=(51)
cfn=(700)
calls=1017 0 
* 16272
* 3051
cob=(2)
cfi=(51)
cfn=(698)
calls=1017 0 
* 87751
* 1017
fi=(197)
79 2094
fe=(176)
315 1017
+2 1017
-2 1017
+1 1017
+1 2034
fi=(197)
79 9943
fe=(176)

fn=(788) loadOrders
928 240
+8 48
+7 24
+1 72
+3 24
+3 48
-3 14
+3 42
-1 28
+10 11
-9 39
+1 40
+2 11
+1 3
+7 26
+4 4
+1 4
-25 8
+24 5
+1 5
-25 48
+2 38
+1 76
+29 72
+15 48
+1 24
-1 96
+1 24
-1 24
+1 24
-1 24
+1 96
-39 48
+13 48
+3 24
-25 48
+22 10
+3 5
-25 58
+33 24
fi=(202)
112 168
cob=(2)
cfi=(51)
cfn=(790) 0x00000000001091c0
calls=24 0 
* 31142
fe=(176)
974 14
fi=(202)
112 98
cob=(2)
cfi=(51)
cfn=(790)
calls=14 0 
* 17974
fe=(176)
976 76
+1 76
+1 38
cob=(2)
cfi=(51)
cfn=(760)
calls=38 0 
* 3794
-5 100

fn=(616) main
991 2
+4 2
-4 3
+14 1
-14 6
+4 1
cob=(2)
cfi=(51)
cfn=(618) 0x0000000000109180
calls=1 0 
* 132941
+1 2
-1 1
+1 1
cob=(2)
cfi=(51)
cfn=(618)
calls=1 0 
* 3814
+9 2
-2 1
-7 1
+9 1
-2 4
+2 1
cob=(2)
cfi=(51)
cfn=(648)
calls=1 0 
* 1213
* 6
cob=(2)
cfi=(51)
cfn=(648)
calls=1 0 
* 803
* 2
-12 3
+23 3178
+2 4764
cfn=(696)
calls=1588 297 
* 122928932
* 1588
+35 1588
-43 6352
cob=(2)
cfi=(51)
cfn=(648)
calls=1588 0 
* 892955
+43 22638
-43 90552
cob=(2)
cfi=(51)
cfn=(648)
calls=22638 0 
* 13019298
* 4
cob=(2)
cfi=(51)
cfn=(648)
calls=1 0 
* 779
* 48454
+2 169577
+4 145356
+4 135828
+2 63
cfn=(802)
calls=21 444 
* 24660
* 42
+2 67851
+4 41028
-15 240
cfn=(788)
calls=24 -85 
* 55035
* 72
+11 8412
+2 23133
cfn=(742) newBatch
calls=2103 770 
* 5621807994
* 18927
+31 3
+13 11
-42 82056
+2 225654
cfn=(726)
calls=20514 687 
* 164138502
* 184626
+27 5

fn=(748) insertBunch
214 2193567
+3 731189
-3 4387134
+3 731189
cob=(2)
cfi=(51)
cfn=(698)
calls=731189 0 
* 49548938
+2 731189
-2 731189
+9 731189
-8 731189
+2 731189
+1 731189
+1 731189
+2 2193567
+2 1462378
+5 2190657
cob=(2)
cfi=(51)
cfn=(756) 0x0000000000109130
calls=730219 0 
* 55496644
* 1460438
+1 2190657
cob=(2)
cfi=(51)
cfn=(698)
calls=730219 0 
* 63614966
* 730219
+5 2920876
+1 730219
+1 1460438
-1 2190657
-1 2190657
+1 3434304
+1 6868608
-1 10302912
-1 14684226
+8 6602022
-2 10302912
+1 15197654
+5 5891547
+7 730219
-1 730219
+1 1460438
+3 364073
-96 364073
-8 1084756
+3 1084756
-1 1084756
-1 1084756
+2 1084756
+1 2169512
+4 9335053
264 730219
cob=(2)
cfi=(51)
cfn=(760)
calls=730219 0 
* 67537475
+3 5111533
-10 732292
+10 970
-40 970
+40 5820

fn=(732)
540 14155836
+17 1179653
-17 1179653
+17 1179653
+1 3538959
+1 3538959
87 4718612
559 47457330
87 63276440
-2 33997526
+3 16998763
-1 50996289
+1 16998763
-1 50996289
+1 142528116
-1 427584348
+1 142528116
-1 427584348
+3 16998763
560 67995052
+2 33997526
-1 33997526
+38 57184386
cob=(2)
cfi=(51)
cfn=(728)
calls=19061462 0 
* 442953254
* 57184386
+11 2198052
-48 8792208
+3 57590445
+7 76245848
273 1009482
cfn=(768)
calls=291672 -4 
* 181284436
577 291672
-4 291672
+3 291672
+1 583344
-4 583344
+1 583344
+1 240387
273 160258
575 426138
273 426138
+1 1526
cob=(2)
cfi=(51)
cfn=(760)
calls=1526 0 
* 166124
577 1526
275 1526
576 1526
+1 3052
+5 1069923
-15 135353
+1 135353
-1 135353
+1 1082824
685 1082824
568 8354400
685 8354400
-84 185497510
cob=(2)
cfi=(51)
cfn=(752) 0x00000000001091a0
calls=16863410 0 
* 134907280
+2 16863410
-2 33726820
+2 50590230
+18 47487582
-63 31658388
+73 10084
-5 10084
+5 10084
-5 10084
+7 20168
+1 1243898
87 2487796
-2 1243898
+3 621949
-1 1865847
+1 621949
-1 1865847
+1 5216386
-1 15649158
+1 5216386
-1 15649158
+3 621949
635 1243898
+2 621949
-1 621949
-1 1243898
+2 621949
+4 1243898
+35 81403
-35 325612
+1 244209
cob=(2)
cfi=(51)
cfn=(728)
calls=81403 0 
* 1886773
* 1865847
cob=(2)
cfi=(51)
cfn=(728)
calls=621949 0 
* 14466255
* 1406704
+3 1243898
+1 2120308
cfn=(768)
calls=438205 269 
* 262337735
+3 438315
+1 438315
+3 438645
-8 876630
+1 1058799
+2 1058799
-2 3176397
+2 438315
-1 438315
273 438315
648 438315
273 438315
+1 110
cob=(2)
cfi=(51)
cfn=(760)
calls=110 0 
* 12320
+1 220
667 620484
+1 620484
-1 620484
+1 620484
+11 620484
-46 1240968
+46 1465
-46 2930
+4 1835595
+45 20168
+2 20168

fn=(770)
184 3649385
+1 2189631
+3 2919508
cob=(2)
cfi=(51)
cfn=(756)
calls=729877 0 
* 55470652
* 1459754
+1 2189631
cob=(2)
cfi=(51)
cfn=(698)
calls=729877 0 
* 35270454
* 729877
+5 2919508
+1 729877
+2 1459754
-2 2189631
-1 2189631
+1 3434212
+2 6868424
-2 10302636
-1 10302636
+6 2189631
+1 2919508
+1 3434212
+1 10302636
-2 3434212
+2 3434212
-2 6868424
+2 2189631
-2 729877
+2 729877
-2 1459754
+8 729877
cob=(2)
cfi=(51)
cfn=(760)
calls=729877 0 
* 66751739
+3 3649385

fn=(742)
770 52575
+6 18927
cob=(2)
cfi=(51)
cfn=(648)
calls=2103 0 
* 3737191
* 4380210
cob=(2)
cfi=(51)
cfn=(648)
calls=730035 0 
* 1283397500
* 1464276
87 1464276
-2 732138
+2 2196414
+1 732138
-1 2196414
+1 732138
-1 2196414
+1 6140012
-1 18420036
+1 6140012
-1 18420036
+3 732138
780 2196414
+3 1465113
+10 97567
-10 292589
+1 292365
cob=(2)
cfi=(51)
cfn=(728)
calls=97455 0 
* 2288233
* 2193903
cob=(2)
cfi=(51)
cfn=(728)
calls=731301 0 
* 17316793
* 1657512
+1 2193567
+3 2193567
cfn=(748)
calls=731189 214 
* 369523544
* 731189
+1 1462378
fi=(204)
49 1462378
cob=(2)
cfi=(51)
cfn=(706)
calls=731189 -49 
* 15354969
* 1898
cob=(2)
cfi=(51)
cfn=(706)
calls=949 -49 
* 19929
fe=(176)
825 2202723
fi=(202)
112 4206
cob=(2)
cfi=(51)
cfn=(710)
calls=2103 0 
* 327934
fe=(176)
842 6309
+1 2103
+1 4206
-1 34453449
+1 69984954
+1 1078056
+1 1078056
-2 2156112
+1 22328
+1 22328
-2 44656
-2 103366656
-6 6309
+1 6309
-2 6309
+1 12829010
+83 22753819
-68 15170616
+1 7585308
+1 7585308
+2 22755924
+6 19939402
cfn=(732)
calls=1172906 540 
* 3239163938
* 7037436
+2 3518718
+3 15292
+7 7643
-1 7643
+1 7643
+6 15292
+1 1
+2 2
+37 2
+6 27339
+1 25236
-15 3495780
-26 114904829
+4 38289215
-5 114867645
+8 347
+5 694
+3 347
799 1898
cob=(2)
cfi=(51)
cfn=(698)
calls=949 0 
* 179520
+1 949
-1 949
+1 949
cob=(2)
cfi=(51)
cfn=(700)
calls=949 0 
* 15184
* 3796
cob=(2)
cfi=(51)
cfn=(698)
calls=949 0 
* 167965
* 949
fi=(197)
79 949
fe=(176)
800 949
fi=(197)
79 1964
fe=(176)
802 949
+4 949
-3 1898
-1 1898
+4 949
cob=(2)
cfi=(51)
cfn=(698)
calls=949 0 
* 179361
+3 949
+3 949
-5 949
+2 1898
+3 949
cob=(2)
cfi=(51)
cfn=(698)
calls=949 0 
* 179361
+1 949
+1 949
+2 949
+2 949
-5 949
+5 949
-4 949
+2 949
+2 949
+3 224
+48 15
+23 7298
+2 14604
fi=(197)
79 9067
fe=(176)
897 7294
+3 7294
-81 1674
fi=(197)
79 198
fe=(176)
926 2330520

fl=(169) ???
fn=(824) 0x0000000000001610
0 9
cob=(2)
cfi=(51)
cfn=(830) 0x0000000000109110
calls=1 0 
0 74
0 1
cfn=(840) 0x00000000000015a0
calls=1 0 
0 5
0 3

fn=(584) (below main)
0 12
cob=(3) /usr/lib/x86_64-linux-gnu/libc.so.6
cfi=(170) ./csu/../csu/libc-start.c
cfn=(586) __libc_start_main@@GLIBC_2.34
calls=1 242 
0 5924291947

fn=(596) 0x0000000000001650
0 9

ob=(2)
fl=(51)
fn=(160) 0x0000000004002080
0 2
cob=(1) /usr/lib/x86_64-linux-gnu/ld-linux-x86-64.so.2
cfi=(52) ./elf/./elf/dl-error-skeleton.c
cfn=(162) _dl_catch_error
calls=1 225 
0 2782

fn=(644) 0x000000000495b670
0 4
cob=(3)
cfi=(183) ./string/../sysdeps/x86_64/multiarch/memset-vec-unaligned-erms.S
cfn=(646) __memset_avx2_unaligned_erms
calls=2 181 
0 134530

fn=(698)
0 4563682
cob=(3)
cfi=(177) ./malloc/./malloc/malloc.c
cfn=(674) malloc
calls=2281841 3287 
0 175237150

fn=(706)
0 2449624
cob=(3)
cfi=(198) ./libio/./libio/getc.c
cfn=(708) getc
calls=1224812 34 
0 23287805

fn=(790)
0 76
cob=(3)
cfi=(208) ./debug/./debug/printf_chk.c
cfn=(792) __printf_chk
calls=38 25 
0 49040

fn=(888) 0x00000000048d58c8
0 4

fn=(516) 0x000000000495b650
0 38
cob=(1)
cfi=(10) ./elf/./elf/dl-tunables.c
cfn=(24) __tunable_get_val
calls=19 405 
0 391
cob=(1)
cfi=(159) ./elf/../sysdeps/x86_64/dl-trampoline.h
cfn=(522) _dl_runtime_resolve_xsave
calls=1 67 
0 857
0 5

fn=(566) 0x000000000495b5f0
0 2
cob=(3)
cfi=(166) ./string/../sysdeps/x86_64/multiarch/strrchr-avx2.S
cfn=(568) __strrchr_avx2
calls=1 46 
0 52

fn=(572) 0x000000000485a000
0 7

fn=(700)
0 4104
cob=(3)
cfi=(196) ./string/../sysdeps/x86_64/multiarch/strlen-avx2.S
cfn=(702) __strlen_avx2
calls=2052 50 
0 28728

fn=(728)
0 41373804
cob=(3)
cfi=(201) ./string/../sysdeps/x86_64/multiarch/strcmp-avx2.S
cfn=(730) __strcmp_avx2
calls=20686902 83 
0 439770926

fn=(756)
0 2920192
cob=(4) /usr/lib/x86_64-linux-gnu/libm.so.6
cfi=(206) ./math/../sysdeps/ieee754/dbl-64/e_log2.c
cfn=(758) log2@@GLIBC_2.29
calls=1460096 44 
0 108047104

fn=(830)
0 2
cob=(3)
cfi=(218) ./stdlib/./stdlib/cxa_finalize.c
cfn=(832) __cxa_finalize
calls=1 30 
0 72

fn=(164) 0x0000000004002050
0 12
cob=(1)
cfi=(52)
cfn=(166) _dl_catch_exception
calls=6 175 
0 15120

fn=(592) 0x0000000000109000
0 7

fn=(760)
0 4384418
cob=(3)
cfi=(177)
cfn=(762) free
calls=2192209 3352 
0 211491154

fn=(796) 0x000000000495b4d0
0 304
cob=(3)
cfi=(210) ./string/../sysdeps/x86_64/multiarch/strchr-avx2.S
cfn=(798) __strchrnul_avx2
calls=152 51 
0 2888

fn=(878) 0x000000000485a1e0
0 2
cob=(3)
cfi=(218)
cfn=(832)
calls=1 30 
0 72

fn=(648)
0 1684958
cob=(3)
cfi=(184) ./stdio-common/./stdio-common/isoc99_scanf.c
cfn=(650) __isoc99_scanf
calls=842479 25 
0 1392584621

fn=(602) 0x000000000495b6d0
0 2
cob=(1)
cfi=(49) ./elf/./elf/dl-audit.c
cfn=(606) _dl_audit_preinit
calls=1 117 
0 5
cob=(1)
cfi=(159)
cfn=(522)
calls=1 67 
0 868
0 5

fn=(618)
0 4
cob=(3)
cfi=(177)
cfn=(620) calloc
calls=2 3624 
0 136751

fn=(846) 0x000000000010b260
0 4

fn=(544) 0x000000000483f000
0 6
cob=(5) /usr/libexec/valgrind/vgpreload_core-amd64-linux.so
cfi=(163) ???
cfn=(548) 0x0000000000001170
calls=1 0 
0 12
0 1
cob=(5)
cfi=(163)
cfn=(556) 0x00000000000012f0
calls=1 0 
0 5
0 2

fn=(672) 0x000000000495b380
0 4
cob=(3)
cfi=(177)
cfn=(674)
calls=2 3287 
0 370

fn=(752)
0 33726820
cob=(4)
cfi=(205) ./math/../sysdeps/x86_64/fpu/s_fmin.S
cfn=(754) fmin
calls=16863410 23 
0 101180460

fn=(858) 0x000000000483f040
0 2
cob=(3)
cfi=(218)
cfn=(832)
calls=1 30 
0 72

fn=(710)
0 48452
cob=(3)
cfi=(199) ./libio/./libio/ioputs.c
cfn=(712) puts
calls=24226 33 
0 3720312

fn=(714) 0x000000000495b490
0 48528
cob=(3)
cfi=(196)
cfn=(702)
calls=24264 50 
0 339696

fn=(736) 0x000000000495b3e0
0 48894
cob=(3)
cfi=(203) ./string/../sysdeps/x86_64/multiarch/memmove-vec-unaligned-erms.S
cfn=(738) __mempcpy_avx_unaligned_erms
calls=24447 294 
0 367464

fn=(850) 0x000000000483f334
0 3
cob=(5)
cfi=(163)
cfn=(852) 0x00000000000010e0
calls=1 0 
0 105
0 2

ob=(6)
fl=(169)
fn=(596)
0 3

fn=(840)
0 5

ob=(1)
fl=(1) ???
fn=(0) 0x0000000000020290
0 2
cfi=(2) ./elf/./elf/rtld.c
cfn=(2) _dl_start
calls=1 527 
0 164211
0 14
cfi=(162) ./elf/./elf/dl-init.c
cfn=(540) _dl_init
calls=1 77 
0 466
0 3
cob=(6)
cfi=(169)
cfn=(584)
calls=1 0 
0 5924291959

fl=(77) ./elf/../sysdeps/x86/dl-cet.c
fn=(270) _dl_cet_check
252 8
42 1
+9 1
-10 1
+4 1
-4 1
+3 1
+4 2
+1 2
-1 2
+14 2
254 8

fl=(79) ./elf/./elf/dl-lookup.c
fn=(284) check_match
70 108
+3 108
-3 1296
+3 426
+13 105
-13 105
+13 105
-13 105
+13 315
+3 370
cfi=(32) ./string/../sysdeps/x86_64/strcmp.S
cfn=(90) strcmp
calls=40 +19 
* 1933
* 80
+4 105
+1 210
+2 206
+19 206
+1 824
-38 105
+84 630
-18 4
+2 4
+1 2
-1 4
+1 6
-1 4
+16 18
-45 309
cfi=(32)
cfn=(90)
calls=103 -9 
* 2754
* 206
-44 12
+82 6

fn=(282) do_lookup_x
363 920
+1 115
-1 575
+48 115
-30 230
-11 115
+41 115
-30 345
+30 115
fi=(80) ./elf/../sysdeps/generic/dl-protected.h
44 345
fe=(79)
381 115
fi=(80)
44 460
fe=(79)
395 1416
+4 472
+4 472
-3 472
+3 1888
+1 1416
+3 472
+1 944
+7 472
-3 944
-2 472
+5 1888
+3 3304
570 1104
374 946
+3 946
+4 954
+4 944
+4 944
+88 210
fi=(4) ./elf/../sysdeps/generic/ldsodefs.h
137 210
+1 315
fe=(79)
528 210
fi=(80)
29 210
fe=(79)
535 804
+16 210
+1 105
+1 210
422 480
-1 240
+2 240
+2 1392
+13 456
-10 1285
+3 108
-1 216
+1 108
-1 108
+2 216
-1 1296
cfn=(284)
calls=108 70 
* 10671
+4 324
+3 6
573 10
+1 920
-35 27
-70 22
171 77
452 840

fn=(280) _dl_lookup_symbol_x
840 1150
+10 115
-10 230
+10 115
-10 115
+10 115
204 115
840 115
204 575
581 460
-1 230
+2 115
-1 115
+1 345
-1 345
+1 1429
-1 1429
+1 4287
-1 4287
+2 115
846 115
-4 115
+1 115
+7 115
-8 115
+1 115
+7 424
+3 115
+2 230
-2 115
+6 230
-7 690
+7 50
+1 1610
cfn=(282)
calls=115 363 
* 45561
* 345
+28 115
-23 115
+23 115
-23 230
+24 614
+7 105
-7 105
+40 420
+79 210
-65 315
+3 315
-62 115
+69 1035
-86 60
+18 30
+59 2

fl=(12) ./elf/./elf/dl-sort-maps.c
fn=(248) dfs_traversal.part.0
140 80
+10 10
-2 10
+2 20
+2 28
+3 34
-3 68
+9 20
+15 30
+1 10
+1 60
-17 15

fn=(22) _dl_sort_maps_init
281 2
+1 4
cfi=(10)
cfn=(24)
calls=1 405 
* 20
+2 3
-1 1
+2 2

fn=(246) _dl_sort_maps
290 20
+8 2
-8 2
+8 4
+4 16
-79 4
-37 2
+37 2
-36 8
+1 2
-1 2
+1 2
-1 4
+1 8
-1 8
+1 8
-1 16
+36 30
+8 6
-3 2
+2 2
+1 2
-8 2
+5 2
+3 8
+2 24
+2 10
-90 50
cfn=(248)
calls=10 -5 
* 385
+93 20
+18 4
+13 2
+33 2
-26 8
cfi=(29) ./string/../sysdeps/x86_64/multiarch/memmove-vec-unaligned-erms.S
cfn=(80) memcpy
calls=2 -64 
* 38
* 2

fl=(22) ./string/../sysdeps/x86_64/multiarch/strlen-vec.S
fn=(60) strlen
41 21
+44 21
+1 21
+1 21
+1 21
+1 21
+1 21
+1 21
+2 21
+2 21
+31 20
+1 20
+1 20
+1 20
+1 20
+1 12
+2 12
+4 8
+1 8
+1 8
+1 8
+1 8
+1 8
+1 8
+1 8
+1 8
+1 8
+1 8
+1 8
+5 64
+4 1
+1 14
+1 8

fl=(23) ./elf/../misc/sbrk.c
fn=(62) sbrk
37 5
+3 1
+18 2
+4 2
+16 5

fl=(27) ./elf/./elf/dl-minimal-malloc.c
fn=(144) __minimal_free
95 4
+2 16

fn=(76) __minimal_malloc
35 145
+1 29
+11 29
-11 58
+11 58
+3 29
-3 29
+3 166
+18 29
+1 29
+2 116
-16 8
+1 4
+2 2
+1 14
cfi=(60) ./misc/../sysdeps/unix/sysv/linux/mmap64.c
cfn=(194) mmap
calls=2 -12 
* 18
* 2
+2 4
+2 4
+2 2
+4 2
-4 4
-23 1
-1 1
+1 1
+1 2
-2 2

fn=(72) __minimal_calloc
78 10
+4 10
-4 40
+7 10
+1 30
fi=(28) ./elf/../include/rtld-malloc.h
-30 10
cfi=(27)
cfn=(76)
calls=10 -21 
* 285
fe=(27)

fl=(162)
fn=(540)
77 12
+1 1
+1 1
+3 3
+8 2
+25 1
+1 5
+1 2
-86 4
+86 8
-86 16
+2 26
cfn=(542) call_init.part.0
calls=4 -7 
* 289
+83 15
+7 8
-92 4
+2 6
cfn=(542)
calls=1 -7 
* 61
+52 2

fn=(542)
26 40
+13 5
-13 5
+16 5
-3 10
+3 10
+5 8
+8 12
+1 12
cob=(2)
cfi=(51)
cfn=(572)
calls=1 -56 
* 7
cob=(2)
cfi=(51)
cfn=(544)
calls=1 -56 
* 26
+3 4
+1 8
+6 4
+2 4
-2 2
+3 13
+1 4
cob=(3)
cfi=(167) ./libio/./libio/vtables.c
cfn=(570) check_stdfiles_vtables
calls=1 +13 
* 12
* 8
cob=(4)
cfi=(168) ???
cfn=(576) 0x000000000000e460
calls=1 -70 
* 12
cob=(3)
cfi=(164) ./csu/./csu/init-first.c
cfn=(562) _init_first
calls=1 -24 
* 98
-1 9
+3 30
-29 2

fl=(43) ./string/../sysdeps/x86_64/memcmp.S
fn=(124) bcmp
22 1
+5 1
+1 1
+1 1
+1 1
+1 1
+1 1
+1 1
+1 1
+3 1
+1 1
+1 1
+1 1
+1 1
+1 1
+1 1
+1 1
+1 1
+2 1
+1 1
+17 1
+1 1
+17 1
+1 1
+1 1
+1 1
+1 1
+4 1
+47 1
+1 1
+1 1
+1 1
+1 1
+1 1
+1 1
+1 1
+1 1
+1 1
+1 1
+1 1
+1 1

fl=(53) ./setjmp/../sysdeps/x86_64/setjmp.S
fn=(168) __sigsetjmp
30 6
+2 6
+9 6
+1 12
+1 6
+4 6
+1 6
+1 6
+1 6
+1 6
+2 12
+2 6
+1 6
+1 6
+2 12
+2 6
+8 6
+3 6
+1 6
+7 6
+1 6

fl=(15) ./elf/../sysdeps/x86/dl-get-cpu-features.c
fn=(32) _dl_x86_init_cpu_features
37 1
+2 3
+2 1
cfi=(16) ./elf/../sysdeps/x86/cpu-features.c
cfn=(34) init_cpu_features.constprop.0
calls=1 399 
* 7219

fn=(502) __x86_cpu_features
71 1
-32 3
+32 2

fl=(45) ./string/./string/strdup.c
fn=(140) strdup
40 20
+1 4
cfi=(22)
cfn=(60)
calls=4 * 
* 122
* 4
fi=(222) ./string/../include/rtld-malloc.h
+15 8
cfi=(27)
cfn=(76)
calls=4 -21 
* 100
fe=(45)
-12 8
+4 4
-1 12
+1 8
-1 4
cfi=(29)
cfn=(80)
calls=4 212 
* 52

fl=(26) ./elf/./elf/dl-object.c
fn=(82) _dl_add_to_namespace_list
31 8
+2 4
-2 8
+2 4
-2 8
+2 4
cfi=(24) ./elf/../sysdeps/nptl/dl-tls_init_tp.c
cfn=(84) rtld_mutex_dummy
calls=4 +9 
* 12
+2 31
+3 36
+2 3
+2 3
+4 3
+4 3
-4 6
+1 3
+4 3
-4 3
+1 3
+3 3
-3 3
+3 3
-1 3
cfi=(24)
cfn=(84)
calls=3 -8 
* 9
-4 1
+4 1
-4 2
+1 1
+4 1
-4 1
+1 1
+3 1
-3 1
+3 1
-1 1
cfi=(24)
cfn=(84)
calls=1 -8 
* 3
-5 2

fn=(70) _dl_new_object
59 56
+3 8
+18 3
+3 3
-3 3
+3 3
cfi=(22)
cfn=(60)
calls=3 -42 
* 69
+4 6
-4 6
+9 6
fi=(28)
-48 9
cfi=(27)
cfn=(72)
calls=3 +34 
* 136
fe=(26)
+48 1
fi=(28)
-48 3
cfi=(27)
cfn=(72)
calls=1 +34 
* 43
* 4
fe=(26)
+51 8
+5 4
-2 4
+6 4
-4 4
+4 4
-5 4
+4 4
+1 4
-1 4
+1 8
cfi=(29)
cfn=(80)
calls=4 212 
* 55
* 8
+2 4
+13 8
+6 1
+2 7
+3 2
-3 21
+3 6
+9 4
-7 4
+4 4
+3 17
+2 1
-2 3
+2 15
-2 45
+16 8
-5 4
+5 4
-6 4
+6 4
-6 4
+6 8
+2 6
+3 6
-3 6
+7 12
+4 6
+8 2
+3 2
+10 3
-10 6
+10 9
+2 3
+21 3
-21 3
cfi=(22)
cfn=(60)
calls=3 41 
* 105
* 9
+17 3
-13 9
+50 9
cfi=(29)
cfn=(128) mempcpy
calls=3 -46 
* 47
* 3
+5 6
+1 6
-1 100
+1 100
+2 6
+3 3
+3 3
+4 36
131 11
-12 6
+34 1
+7 4
+8 12
fi=(28)
56 6
cfi=(27)
cfn=(76)
calls=3 -21 
* 75
* 3
fe=(26)
200 12
64 2
+2 3
+1 2
+10 5
-6 2

fl=(10)
fn=(24)
405 34
+3 238
+9 34
-9 130
+9 10
+17 170
+2 34
-9 24
+1 24

fn=(18) __GI___tunables_init
282 9
-9 7
71 119
+6 38
-3 38
+3 3336
-3 38
-3 76
357 8
81 76
+5 114
fi=(11) ./elf/./elf/dl-tunables.h
+54 38
fe=(10)
-54 38
fi=(11)
+54 38
+1 98
-1 77
+1 22
-1 38
+1 76
fe=(10)
323 152
-18 5320
+6 8360
fi=(11)
140 342
+1 684
-1 11
+1 44
-1 55
fe=(10)

fn=(54) __GI___tunable_set_val
157 15
-55 5
+55 5
-55 5
+55 5
-55 35
+9 5
+1 5
fi=(223) ./elf/./dl-tunable-types.h
-22 10
fe=(10)
+22 20
+1 40
fi=(11)
+8 10
+1 5
fe=(10)
-6 15
fi=(11)
+15 5
fe=(10)
-12 10
+4 10
+7 10
+1 10
+3 30
+1 5
+1 5
+1 5
+24 5
fi=(11)
-30 15
fe=(10)

fl=(60)
fn=(194)
47 32
+3 32
+8 64
+2 16

fl=(2)
fn=(258) init_tls
756 3
+2 1
+4 1
-4 1
+4 2
+11 1
fi=(28)
44 1
fe=(2)
768 1
+4 1
fi=(28)
44 1
cfi=(27)
cfn=(72)
calls=1 +34 
* 36
fe=(2)
783 1
-12 1
+6 1
-9 1
+11 1
+4 1
+2 3
-1 2
+3 10
+4 1
+2 1
-2 2
-5 1
-1 2
+10 3
+3 2
cfi=(47) ./elf/../elf/dl-tls.c
cfn=(260) _dl_tls_static_surplus_init
calls=1 97 
* 79
+3 1
cfi=(47)
cfn=(262) _dl_determine_tlsoffset
calls=1 221 
* 76
+7 1
cfi=(47)
cfn=(264) _dl_allocate_tls_storage
calls=1 422 
* 442
* 1
+1 2
+6 1
+3 2
-3 1
+3 6
+3 1
cfi=(24)
cfn=(266) __tls_init_tp
calls=1 68 
* 75
+1 1
+3 5
-39 4
-1 9

fn=(156) handle_preload_list
894 10
+5 1
-5 2
+5 2
+6 1
-64 1
+54 3
+7 3
cfi=(50) ./string/../sysdeps/x86_64/strcspn.S
cfn=(158) strcspn
calls=1 25 
* 233
* 1
+1 3
+9 1
191 1
914 2
191 2
916 2
-80 1
+5 5
-10 1
+8 1
-4 1
+1 1
+1 1
+4 1
cob=(2)
cfi=(51)
cfn=(160)
calls=1 0 
* 2784
+1 3
+8 3
+67 1
-18 2
+21 9
-15 4
cfi=(29)
cfn=(80)
calls=1 212 
* 19
+1 2

fn=(170) map_doit
663 2
+2 1
-2 1
+2 1
+1 2
-1 2
+1 3
cfi=(31) ./elf/./elf/dl-load.c
cfn=(172) _dl_map_object
calls=1 2022 
* 2683
* 1
+2 2

fn=(64) dl_main
1320 2
205 1
311 1
1320 2
2818 1
1320 3
2829 1
1320 2
2698 1
1320 2
311 1
1320 3
207 1
310 1
205 1
+99 3
1332 1
cfi=(24)
cfn=(66) __tls_pre_init_tp
calls=1 53 
* 17
2677 3
+6 5
-4 1
+4 1
+2 3
cfi=(25) ./elf/./elf/dl-environ.c
cfn=(68) _dl_next_ld_env_entry
calls=1 28 
* 41
* 4
cfi=(25)
cfn=(68)
calls=2 28 
* 222
* 9
+4 6
-2 2
+2 6
+1 2
-1 6
+1 17
-1 89
+9 12
2845 4
+32 2
1348 1
+1 2
-1 2
+1 2
2774 3
+1 3
-56 2
+7 2
1627 9
cfi=(26)
cfn=(70)
calls=1 59 
* 230
* 1
+2 2
+1 1
+6 2
-6 1
+1 2
+1 3
+4 1
cfi=(26)
cfn=(82)
calls=1 31 
* 36
+1 2
1140 1
1326 1
1169 1
-29 1
+11 1
+18 2
-21 1
+21 1
-19 1
-4 1
+23 1
-21 1
+21 2
+57 1
-83 1
+23 1
+4 1
+19 1
+22 1
+15 5
-56 116
1275 4
+2 1
1169 18
fi=(30) ./elf/../sysdeps/x86/dl-prop.h
105 2
fe=(2)
1282 22
+6 4
cfi=(31)
cfn=(88) _dl_process_pt_gnu_property
calls=1 868 
* 20
-7 26
+1 13
+6 13
-6 26
fi=(30)
212 4
+1 2
95 8
+10 2
212 1
105 1
-2 1
-3 1
+2 1
+3 1
-4 2
+92 4
-1 1
-87 3
+3 3
+1 2
+1 2
+4 3
+4 3
+3 3
+1 2
+4 1
+1 4
+58 3
+2 4
-56 4
+1 2
+3 4
+3 2
+1 8
+5 4
+2 4
+5 4
+14 2
-1 4
+2 2
fe=(2)
1174 1
-5 1
+5 2
-5 2
+30 1
-9 1
+27 1
-27 1
+2 1
-3 1
+10 2
-20 2
-10 1
+10 1
+1 9
-11 2
+57 4
-1 4
+1 8
-1 4
+2 8
+1 1
+2 12
+1 14
+4 8
+1 8
+1 4
+1 10
+1 1
+4 1
-74 1
+74 2
-74 2
+74 3
-74 3
+74 6
-74 6
fi=(30)
165 2
fe=(2)
1271 1
1169 1
1271 1
1169 2
1294 1
+3 2
+2 1
-5 2
+3 2
+2 2
+2 2
1662 3
+2 1
-1 1
+1 2
+1 2
-2 1
+2 1
-2 2
cfi=(32)
cfn=(90)
calls=1 108 
* 34
* 2
+7 1
+3 1
-5 1
+3 1
+2 1
+1 2
+4 2
+2 2
fi=(3) ./elf/./get-dynamic-info.h
39 3
+6 1
-2 1
+2 2
+9 1
+5 1
+3 1
+2 1
-3 1
-3 1
-3 17
+13 5
-23 20
+23 22
-23 88
+4 54
+5 24
+2 5
+16 3
+25 3
+5 2
+7 2
+1 3
+22 3
+5 2
+2 2
+2 2
+2 2
+1 1
+3 3
+2 3
+1 2
+9 2
+6 2
+1 2
+3 2
fe=(2)
1688 3
+7 2
cfi=(8) ./elf/./elf/dl-setup_hash.c
cfn=(14) _dl_setup_hash
calls=1 25 
* 29
+3 2
fi=(33) ./elf/./setup-vdso.h
24 2
fi=(35) ./elf/../sysdeps/unix/sysv/linux/dl-vdso-setup.h
+21 1
fe=(2)
1723 1
cfi=(13) ./elf/../sysdeps/unix/sysv/linux/dl-sysdep.c
cfn=(100) _dl_discover_osversion
calls=1 46 
* 109
* 8
fi=(37) ./elf/./dl-main.h
109 5
cfi=(31)
cfn=(106) _dl_init_paths
calls=1 706 
* 2926
fe=(2)
1731 3
cfi=(46) ./elf/./elf/dl-debug.c
cfn=(146) _dl_debug_initialize
calls=1 56 
* 30
+7 1
-7 1
+2 1
+5 1
+4 1
+3 1
-3 3
+1 2
+3 1
+5 1
-7 1
+7 1
+1 3
+12 2
+1 2
+5 1
-3 2
+2 1
+1 2
+5 3
+1 5
-1 2
233 1
-1 1
+1 3
+1 2
-2 1
+2 2
1793 2
+5 1
-1 1
+1 1
+24 1
cfi=(47)
cfn=(148) _dl_count_modids
calls=1 197 
* 6
* 1
fi=(48) ./elf/../sysdeps/generic/dl-debug.h
29 3
+1 2
fe=(2)
1828 2
+1 1
cfi=(46)
cfn=(152) _dl_debug_state
calls=1 116 
* 2
+1 1
+4 3
cfi=(49)
cfn=(154) _dl_audit_activity_map
calls=1 28 
* 16
+5 3
+2 1
+2 2
+9 2
+16 4
cfi=(65) ./io/../sysdeps/unix/sysv/linux/access.c
cfn=(208) access
calls=1 25 
* 9
* 2
+76 4
+16 3
85 1
1970 1
85 2
1970 2
85 1
1970 5
cfi=(66) ./elf/./elf/dl-deps.c
cfn=(210) _dl_map_object_deps
calls=1 159 
* 14615
92 1
1976 1
92 2
+9 2
1976 2
+1 5
-1 4
+1 8
-1 16
+4 4
+1 3
+1 1
+2 2
+1 4
-1 13
+1 12
+12 3
+1 2
+2 1
+2 3
+2 1
-4 1
+5 1
-1 2
+14 2
+1 2
+1 3
+11 2
+2 1
-2 1
+2 2
-2 1
+1 2
+1 1
-1 2
+1 1
cfi=(52)
cfn=(250) _dl_receive_error
calls=1 238 
* 7278
+10 2
+1 2
+3 2
862 1
fi=(224) ./elf/../sysdeps/unix/sysv/linux/dl-osinfo.h
64 2
fe=(2)
864 1
+6 1
+3 1
+7 1
-5 1
2052 3
2282 3
1778 2
+6 1
-6 2
+6 1
+2 3
fi=(30)
198 4
+2 1
+1 1
+2 1
-3 3
+3 1
fi=(3)
59 4
+3 4
+2 4
fi=(34) ./elf/../sysdeps/unix/sysv/linux/dl-vdso.h
-24 1
+1 2
fe=(2)
2331 1
1325 1
2342 1
-4 2
+10 1
-6 1
+6 1
+3 2
+8 1
fi=(30)
36 1
fe=(2)
2359 1
fi=(30)
37 3
+3 1
+13 7
-13 4
+9 8
-9 1
+9 25
+4 20
-16 15
+34 3
cfi=(77)
cfn=(270)
calls=1 252 
* 30
fe=(2)
2361 2
+54 3
+3 1
85 4
2422 1
+1 22
+2 10
+5 10
+2 10
+6 5
+2 15
+1 32
cfi=(78) ./elf/./elf/dl-reloc.c
cfn=(272) _dl_relocate_object
calls=4 194 
* 93455
+4 12
+1 2
-23 1
+23 1
cfi=(47)
cfn=(412) _dl_add_to_slotinfo
calls=1 1015 
* 28
-23 6
92 3
+1 1
2454 1
93 1
2454 1
+5 4
+2 1
+7 3
cfi=(47)
cfn=(480) _dl_allocate_tls_init
calls=1 528 
* 146
+3 2
fi=(3)
72 2
+10 3
+1 4
+1 4
+1 4
+2 4
+5 4
+1 4
+1 5
fi=(35)
-64 3
+3 1
+3 1
+3 1
fi=(34)
+16 2
fe=(2)
2434 1
+1 1
-3 2
+49 3
+2 4
+10 1
cfi=(147) ./elf/./elf/dl-find_object.c
cfn=(482) _dl_find_object_init
calls=1 561 
* 713
+5 2
cfi=(7) ./elf/./elf/dl-minimal.c
cfn=(490) __rtld_malloc_init_real
calls=1 76 
* 2548
+3 1
cfi=(151) ./elf/../sysdeps/nptl/dl-mutex.c
cfn=(498) __rtld_mutex_init
calls=1 30 
* 415
85 1
2507 1
+1 3
85 3
2508 2
cfi=(78)
cfn=(272)
calls=1 194 
* 5070
92 3
+9 2
2516 3
cfi=(153) ./elf/./elf/dl-call-libc-early-init.c
cfn=(504) _dl_call_libc_early_init
calls=1 27 
* 1353
+7 1
cfi=(9) ./elf/../elf/dl-sysdep.c
cfn=(530) _dl_sysdep_start_cleanup
calls=1 262 
* 2
+4 3
cfi=(49)
cfn=(532) _dl_audit_activity_nsid
calls=1 40 
* 21
+5 2
cfi=(46)
cfn=(186) _dl_debug_update
calls=1 38 
* 7
+1 1
-1 1
+2 1
cfi=(46)
cfn=(152)
calls=1 116 
* 2
+1 1
+4 1
cfi=(68) ./elf/./elf/dl-cache.c
cfn=(534) _dl_unload_cache
calls=1 537 
* 18
+5 8
1741 4
1995 2
+50 2
cfn=(258)
calls=1 756 
* 789
* 2
2726 4
+2 2
+1 1
+46 2
+2 1
+1 1
-1 1
+1 1
+1 1
85 1
1847 1
85 2
1847 1
85 1
1847 2
cfn=(156)
calls=1 894 
* 3107
* 1
92 3
+9 3
1948 16
+1 1
-1 1
+4 3
+1 1
+1 2
+1 2
-7 2
fi=(30)
170 3
-39 2
fe=(2)

fn=(2)
527 10
85 1
fi=(6) ./elf/../sysdeps/x86_64/dl-machine.h
-40 1
fe=(2)
557 1
-4 1
85 2
556 1
85 1
fi=(3)
-40 1
fe=(2)
556 1
fi=(3)
45 2
+9 1
+5 1
+3 1
+2 1
+4 1
-7 1
-3 1
-3 14
+13 4
-23 16
+23 14
-23 56
+4 36
+5 20
+2 5
+3 4
fi=(4)
+21 1
fi=(3)
-8 3
+10 4
+1 4
+1 4
+1 4
+2 4
+5 4
+1 4
+1 4
+3 3
+5 2
+7 3
+1 3
+8 2
+1 2
+5 3
+3 3
fe=(2)
573 1
fi=(6)
71 1
fe=(2)
573 42
fi=(6)
414 1
fi=(5) ./elf/./elf/do-rel.h
86 1
fe=(2)
573 2
fi=(5)
49 1
+37 1
-37 1
+37 1
+2 1
-2 1
+2 1
-2 1
+27 2
-27 1
fe=(2)
573 2
fi=(5)
49 1
+37 1
-37 1
+37 1
+2 1
-2 1
+2 1
-2 1
+27 3
+1 2
fi=(6)
534 2
fi=(5)
114 282
fi=(6)
534 282
+1 142
fi=(5)
113 142
fi=(6)
535 284
fi=(5)
113 284
+5 4
+8 7
fi=(6)
326 12
fi=(5)
126 21
+2 7
+2 7
-2 7
fi=(6)
287 7
fi=(5)
130 7
-2 7
+1 14
fi=(6)
287 14
+9 70
+3 14
+27 33
fe=(2)
573 6
fi=(5)
50 1
fi=(4)
+30 2
fi=(6)
326 2
+20 12
+1 6
fe=(2)
575 1
+13 1
cfi=(7)
cfn=(12) __rtld_malloc_init_stubs
calls=1 42 
* 10
+4 2
85 1
488 2
85 3
488 1
cfi=(8)
cfn=(14)
calls=1 25 
* 29
+2 2
-1 1
+1 2
+17 1
-15 1
-2 1
+17 1
-15 1
+9 1
-11 1
+17 1
cfi=(9)
cfn=(16) _dl_sysdep_start
calls=1 85 
* 162118
* 1
+2 2
+98 9
fi=(3)
62 4
+2 4
fe=(2)
573 3

fn=(252) version_check_doit
696 3
+2 4
cfi=(75) ./elf/./elf/dl-version.c
cfn=(254) _dl_check_all_versions
calls=1 361 
* 7250
* 2
+4 2

fl=(215) ./elf/./elf/dl-fini.c
fn=(818) _dl_fini
31 9
+20 3
-3 7
+3 4
+3 2
cob=(3)
cfi=(216) ./nptl/./nptl/pthread_mutex_lock.c
cfn=(820) pthread_mutex_lock@@GLIBC_2.2.5
calls=1 +23 
* 43
+2 1
+3 2
+2 6
+7 2
-2 1
+2 1
cfi=(49)
cfn=(532)
calls=1 -28 
* 21
+5 14
+5 1
-5 1
+5 3
+2 10
+2 10
+2 10
+1 5
+1 5
+4 5
-12 15
+14 6
+1 4
+6 5
cfi=(12)
cfn=(246)
calls=1 290 
* 379
+9 2
cob=(3)
cfi=(217) ./nptl/./nptl/pthread_mutex_unlock.c
cfn=(822) pthread_mutex_unlock@@GLIBC_2.2.5
calls=1 367 
* 34
+5 6
+2 1
+2 3
-2 4
+2 12
+3 10
+3 15
+4 4
+11 8
+1 2
+1 4
+1 10
+1 4
cob=(4)
cfi=(168)
cfn=(872) 0x000000000000e420
calls=1 0 
* 92
cob=(6)
cfi=(169)
cfn=(824)
calls=1 0 
* 92
-1 10
+5 6
+1 9
cob=(2)
cfi=(51)
cfn=(888)
calls=1 0 
* 4
cob=(2)
cfi=(51)
cfn=(850)
calls=1 0 
* 110
cob=(2)
cfi=(51)
cfn=(846)
calls=1 0 
* 4
+6 10
cfi=(49)
cfn=(848) _dl_audit_objclose
calls=5 -57 
* 25
+5 5
-45 15
+49 3
cfi=(49)
cfn=(532)
calls=1 40 
* 21
* 2
-38 9
+3 2
+41 6
+6 2
+7 8
73 2

fl=(25)
fn=(68)
28 3
+1 3
+3 46
+13 36
-13 72
+2 76
+1 18
+5 2
-3 2
+3 2
+2 2
+7 1

fl=(64) ./io/../sysdeps/unix/sysv/linux/close_nocancel.c
fn=(204) __GI___close_nocancel
25 4
+1 16
+1 4

fl=(19) ./elf/../sysdeps/x86/dl-cacheinfo.h
fn=(52) get_common_cache_info.constprop.0
481 1
+17 1
-17 4
+16 1
-16 1
+15 1
-15 3
+18 1
-1 1
+9 2
+3 3
+11 1
-11 1
-5 1
+21 3
+4 2
681 4
+1 5
+4 2
+9 2
-2 1
+2 2
-1 1
+1 3
535 6
+3 8
+7 2
-7 9
+7 6
+3 26
+14 2
+4 1
+3 1
+1 1
-4 2
+3 3
+6 2
-37 6
+15 2
+4 1
+1 1
-1 2
+18 2
-68 6
+74 4
+8 7
+2 2
+4 3
+2 1
+2 5
-4 1
+16 1
-16 3
+21 2
-21 4
+3 1
+1 4
-4 1
+6 4
+3 2
+5 1
+2 2
+1 1
+1 1
-2 2
+1 1
-19 5
+46 2
+1 1
+1 2
+2 2
-1 3
-23 2
+7 1
+2 2
-16 1
+22 1
-6 2
+1 1
+5 1

fn=(46) handle_intel.constprop.0
255 24
-5 24
+16 12
-16 72
+13 12
+1 36
-3 24
+11 60
+5 24
+2 12
+1 12
-1 12
+5 48
cfn=(48) intel_check_word.constprop.0
calls=12 123 
* 3876
+2 24
+3 60
cfn=(48)
calls=12 123 
* 1156
+2 24
+3 5
cfn=(48)
calls=1 123 
* 20
+2 2
+3 5
cfn=(48)
calls=1 123 
* 255
+2 2
-35 3
+39 3
+5 96

fn=(48)
123 78
-4 78
+10 104
-10 26
+10 52
+2 52
+71 200
-71 102
+2 63
+2 126
+8 126
+51 102
+22 51
fi=(20) ./elf/../bits/stdlib-bsearch.h
28 51
-1 102
+4 102
+1 51
fe=(19)
+78 102
fi=(20)
-79 76
+1 38
fe=(19)
+78 76
+3 345
fi=(20)
-84 820
+2 512
+1 256
fe=(19)
+78 512
+15 15
246 104
fi=(20)
37 63
-8 151
fe=(19)
155 36
+3 36
-6 54
+3 14
+9 14
+23 19
-32 57
+3 57
+4 50
+2 100
+2 50
+2 36
+4 11
+2 22
+6 14
+3 8
+1 12
-8 4
+2 4
-1 4
-1 4
+2 8
-2 4
+3 12
-2 12
+2 8
-10 24
+1 10
+11 12
-26 4
+9 4
+23 2
-32 6
+3 6
+4 8
+2 16
+2 8
-11 3
+7 6
+2 12

fl=(75)
fn=(254)
361 6
+4 5
-2 2
+4 30
cfn=(256) _dl_check_map_versions
calls=5 155 
* 7165
-2 5
+2 15
-1 5
-1 10
+5 7

fn=(256)
155 40
+15 5
-15 10
+15 10
+2 25
+2 5
+1 5
-1 5
+1 5
+2 10
+3 6
-16 3
-8 3
+28 3
-4 3
+4 6
+16 3
36 6
200 3
36 15
200 2
36 4
200 2
36 10
+1 16
-1 32
+2 63
cfi=(54) ./elf/./elf/dl-misc.c
cfn=(174) _dl_name_match_p
calls=21 +30 
* 2342
* 42
208 15
+5 5
-71 10
+71 15
+8 5
-2 5
-2 10
+4 5
-4 30
+4 9
-2 9
-2 18
+4 9
-4 89
56 56
+8 42
+6 42
+16 14
+1 28
+2 14
+5 126
+14 286
+12 387
+4 129
-30 258
224 56
+3 42
+5 9
-11 9
110 14
+3 56
cfi=(32)
cfn=(90)
calls=14 -5 
* 461
* 61
236 20
+5 4
-44 2
+1 2
+52 6
+3 12
+10 56
-7 224
+3 168
-3 12
+3 9
+8 8
+6 4
fi=(28)
44 4
fe=(75)
273 4
fi=(28)
44 4
cfi=(27)
cfn=(72)
calls=4 +34 
* 144
fe=(75)
272 4
fi=(28)
44 4
fe=(75)
274 8
+13 4
-3 4
+3 16
+2 12
+3 12
+4 15
+7 14
+1 14
-1 42
+1 14
+1 14
-2 14
+2 28
+1 42
+3 42
+5 9
-15 9
+2 9
-2 9
+2 9
-2 9
+2 18
-2 5
+2 5
-2 5
+2 5
-2 5
+2 10
+16 15
+5 2
-28 2
+62 45
-29 12
+3 12
+4 56
+6 56
+1 56
+1 56
-1 168
+1 56
-1 56
+1 56
+1 56
+3 168
+4 56
-14 118
+10 9
164 2
+86 2
-94 2
+94 3

fl=(39) ./elf/../sysdeps/x86_64/dl-hwcaps-subdirs.c
fn=(110) _dl_hwcaps_subdirs_active
29 1
fi=(18) ./elf/../sysdeps/x86/get-isa-level.h
+2 1
fe=(39)
+7 1
fi=(18)
-7 2
-1 2
fe=(39)
+22 1
fi=(18)
-20 3
+4 1
fe=(39)
+2 1
fi=(18)
-2 2
+3 4
+1 4
+5 1
fe=(39)
-7 1
fi=(18)
+7 3
fe=(39)
-2 1
fi=(18)
+5 2
+1 3
+2 4
+1 2
+1 2
+6 1
fe=(39)
-11 1
fi=(18)
+11 1
-3 2
fe=(39)

fl=(59) ./io/../sysdeps/unix/sysv/linux/fstatat64.c
fn=(192) fstatat
153 28
-55 28
+70 33
+1 5
-2 18
+1 18

fl=(50)
fn=(158)
25 1
+2 1
+7 1
+1 1
+2 1
+1 1
+1 1
+1 1
+1 33
+3 3
+7 1
+1 1
+1 1
+1 1
+2 1
+1 1
+1 1
+1 1
+2 1
+1 1
+1 1
+9 3
+12 1
+2 1
+1 1
+1 1
-4 12
+2 12
+1 12
+1 12
+2 13
+1 13
+1 13
+2 13
+1 13
+1 13
+2 13
+1 13
+1 13
+2 1
+1 1
+1 1
+2 1
+7 1
+4 1

fl=(36) ./posix/../sysdeps/unix/syscall-template.S
fn=(102) uname
120 5
+2 1

fl=(46)
fn=(152)
116 2
+1 2

fn=(146)
56 1
+3 2
+4 1
-6 1
+4 1
+2 2
+22 2
+5 2
+1 1
+1 1
-1 1
-1 1
+5 2
+4 2
+8 2
-43 2
+32 6

fn=(186)
38 4
+3 4
-1 8
+4 8
+4 4

fl=(66)
fn=(214) openaux
61 15
+7 5
-4 10
+1 5
-1 40
cfi=(31)
cfn=(172)
calls=5 2022 
* 11978
* 5
+5 10

fn=(210)
159 5
+1 3
-1 1
+1 1
-1 2
+1 1
-1 3
+1 1
-1 4
+1 12
-8 1
-7 1
+15 1
-14 1
+6 1
+8 1
-15 1
+7 1
-8 1
+1 1
+7 1
-7 1
+31 3
-28 3
-2 1
+31 1
-33 2
+2 2
+30 2
-30 1
-1 4
+7 4
+24 2
-32 1
+60 1
-60 2
+36 1
fi=(74) ./elf/../include/scratch_buffer.h
77 3
fe=(66)
198 1
fi=(74)
78 1
fe=(66)
200 2
+98 1
198 1
+4 1
+7 1
+4 4
-4 4
+4 16
+11 14
-18 2
+18 4
433 15
+2 3
+3 3
-3 6
+3 3
fi=(28)
56 3
cfi=(27)
cfn=(76)
calls=3 -21 
* 75
* 3
fe=(66)
439 6
+6 3
+1 15
cfi=(29)
cfn=(80)
calls=3 212 
* 33
+1 15
cfi=(29)
cfn=(80)
calls=3 212 
* 33
+4 3
-1 3
+5 20
204 12
458 12
-1 5
+1 10
199 3
+27 15
+5 3
+6 3
-5 3
-1 3
+2 6
+4 12
-31 3
+31 3
+1 9
+6 12
cfi=(31)
cfn=(212) _dl_dst_count
calls=3 -6 
* 150
* 8
cfi=(31)
cfn=(212)
calls=2 -6 
* 108
* 15
+4 10
-2 5
+2 10
cob=(2)
cfi=(51)
cfn=(164)
calls=5 0 
* 12373
+1 10
+9 5
+2 10
+5 15
+6 3
+2 3
-8 6
+3 3
+1 3
+1 3
+1 3
+4 15
+4 15
+1 9
-43 320
+1 154
+44 225
-38 10
fi=(74)
85 3
fe=(66)
464 6
+1 1
+3 4
+11 3
fi=(28)
56 1
cfi=(27)
cfn=(76)
calls=1 -21 
* 25
* 1
fe=(66)
481 2
+5 3
+1 1
-1 2
+4 2
-2 1
+2 1
-2 2
+13 4
+5 4
-16 12
-2 4
+6 4
+7 4
-2 8
-5 1
+7 1
-2 2
+2 2
+5 1
-16 6
+19 2
+52 3
+37 3
+15 1
-11 1
+11 1
-14 2
+20 1
-1 3
+1 3
-1 5
cfi=(12)
cfn=(246)
calls=1 290 
* 330
+5 1
+3 1
-1 1
+2 2
+7 3
+3 3
+3 8
214 32
+3 3
fi=(74)
-86 9
cfi=(73) ./malloc/./malloc/scratch_buffer_set_array_size.c
cfn=(240) __libc_scratch_buffer_set_array_size
calls=3 30 
* 60
fe=(66)
+86 6
+4 9
613 2
cfi=(29)
cfn=(80)
calls=1 212 
* 19
* 1
-53 2
160 2
380 8

fl=(8)
fn=(14)
25 5
+3 5
-3 5
+3 10
+3 15
+1 10
+2 5
-1 5
+3 15
+1 5
+4 5
-3 5
+7 5
-4 5
-3 5
+2 10
+5 5
-5 5
-2 5
+7 5
-5 5
+10 5

fl=(32)
fn=(90)
108 260
+33 260
+1 260
+2 260
+1 260
+21 260
+1 260
+1 228
+1 228
+1 171
+1 171
+1 171
+1 171
+21 171
+1 171
+1 171
+1 171
+1 171
+1 171
+1 171
+5 5
+1 15
+9 5
+1 5
+1 5
+1 5
+1 5
+1 5
+1 5
+1 5
-7 89
+1 89
+1 89
+1 89
+1 89
+1 89
+1 89
+1 89
+1 74
+1 42
+1 42
+1 42
+2 42
+1 42
+1 42
+1 42
+1 42
+1 42
-5 32
+1 32
+1 32
+1 32
+1 32
+1 32
+10 20
+1 20
+1 20
+2 20
+6 20
+1 20
+1 20
+1 20
+1 20
+5 20
+2 7
+1 7
+1 14
+8 7
+1 7
+3 7
+1 7
+1 7
+1 7
+1 7
+1 7
943 1
+1 1
+1 1
+1 1
+1 1
+2 1
+1 1
+1 1
+1 1
+1 1
+1 1
+1 1
+1 1
+4 1
+1 1
+1 1
+6 1
+1 1
+1 2
+4 1
+1 1
+3 1
+1 1
+1 1
+3 1
+1 1
+1 1
+6 1
+1 1
+1 1
+1 1
+1 1
+1 1
+72 6
+1 6
+1 6
+1 6
+1 6
+2 6
+1 6
+1 6
+1 6
+1 6
+1 6
+1 6
+1 1
+4 1
+1 1
+1 1
+6 1
+1 1
+1 2
+4 1
+1 1
+3 1
+1 1
+1 1
+3 1
+1 1
+1 1
+6 1
+1 1
+1 1
+1 1
+1 1
+1 1
+7 1
+1 1
+2 1
+1 1
+2 1
+1 1
+1 1
+3 1
+1 1
+1 1
+6 1
+1 1
+1 1
+1 1
+1 1
+1 1
+41 11
+1 11
+1 11
+1 11
+1 11
+2 11
+1 11
+1 11
+1 11
+1 11
+1 11
+1 11
+1 4
+4 4
+1 4
+1 4
+6 4
+1 4
+1 8
+4 4
+1 4
+3 4
+1 4
+1 4
+3 4
+1 4
+1 4
+6 4
+1 4
+1 4
+1 4
+1 4
+1 4
+72 17
+1 17
+1 17
+1 17
+1 17
+2 17
+1 17
+1 17
+1 17
+1 17
+1 17
+1 17
+1 6
+4 6
+1 6
+1 6
+6 6
+1 6
+1 12
+4 6
+1 6
+3 6
+1 6
+1 6
+3 6
+1 6
+1 6
+6 6
+1 6
+1 6
+1 6
+1 6
+1 6
+72 4
+1 4
+1 4
+1 4
+1 4
+2 4
+1 4
+1 4
+1 4
+1 4
+1 4
+1 4
1568 1
+1 1
+1 1
+1 1
+1 1
+2 1
+1 1
+1 1
+1 1
+1 1
+1 1
+1 1
1693 6
+1 6
+1 6
+1 6
+1 6
+2 6
+1 6
+1 6
+1 6
+1 6
+1 6
+1 6
+1 4
+4 4
+1 4
+1 4
+6 4
+1 4
+1 8
+4 4
+1 4
+3 4
+1 4
+1 4
+3 4
+1 4
+1 4
+6 4
+1 4
+1 4
+1 4
+1 4
+1 4
+72 3
+1 3
+1 3
+1 3
+1 3
+2 3
+1 3
+1 3
+1 3
+1 3
+1 3
+1 3
+1 2
+4 2
+1 2
+1 2
+6 2
+1 2
+1 4
+4 2
+1 2
+3 2
+1 2
+1 2
+3 2
+1 2
+1 2
+6 2
+1 2
+1 2
+1 2
+1 2
+1 2
+72 2
+1 2
+1 2
+1 2
+1 2
+2 2
+1 2
+1 2
+1 2
+1 2
+1 2
+1 2
+1 1
+4 1
+1 1
+1 1
+6 1
+1 1
+1 2
+4 1
+1 1
+3 1
+1 1
+1 1
+3 1
+1 1
+1 1
+6 1
+1 1
+1 1
+1 1
+1 1
+1 1
+72 23
+1 23
+1 23
+1 23
+1 23
+2 23
+1 23
+1 23
+1 23
+1 23
+1 23
+1 23
+2 6
+4 6
+1 6
+1 6
+6 6
+1 6
+2 12
+4 6
+1 6
+3 6
+1 6
+1 6
+3 6
+1 6
+1 6
+6 6
+1 6
+1 6
+1 6
+1 6
+1 6
+74 32
+2 32
+1 32
+1 32
+1 32
-3 62
+1 62
+1 62
+1 62
+1 84
+5 42
+6 42
+1 42
+8 42
+1 42
-16 218
+6 218
+1 218
+8 218
+1 218

fl=(44) ./string/../sysdeps/x86_64/multiarch/memset-vec-unaligned-erms.S
fn=(132) memset
125 8
+1 40
+6 8
+1 8
+1 7
+1 7
+2 1
+1 1
+1 1
+65 4
+1 4
+2 4
+76 6
+1 6
+5 6
+3 6
+1 6
+3 2
+1 2
+13 2
+1 2
+2 2
+3 1
+3 2
+3 1
+1 1
+1 1
+1 1
+1 1
+1 1
+1 1
-6 27
+1 27
+1 27
+1 27
+1 27
+1 27
+1 27
+3 2
+1 2
+1 2
+1 2
+5 2
+29 1
+1 1
+1 1
+32 1
+1 1
+1 1

fl=(47)
fn=(260)
97 2
+4 1
-4 2
+4 1
-4 2
+4 3
cfi=(10)
cfn=(24)
calls=1 405 
* 21
* 1
+1 4
cfi=(10)
cfn=(24)
calls=1 405 
* 21
* 1
+8 1
-8 1
+6 2
+2 3
+3 1
+2 1
-32 3
+34 3
+1 5

fn=(148)
197 1
+2 2
+1 1
+15 2

fn=(412)
1015 8
+6 1
+3 1
+1 1
+4 3
+34 2
+3 3
+1 3
+3 6

fn=(264)
422 2
+13 1
-13 2
+2 1
+12 1
fi=(28)
56 1
cfi=(27)
cfn=(76)
calls=1 -21 
* 53
fe=(47)
437 3
+8 2
fi=(28)
44 1
fe=(47)
445 2
+1 1
+4 321
+19 1
-99 1
+4 1
+1 1
fi=(28)
44 1
cfi=(27)
cfn=(72)
calls=1 +34 
* 36
fe=(47)
376 2
+3 1
+6 2
+90 5

fn=(238) _dl_assign_tls_modid
131 2
+3 1
+13 1
-13 1
+52 1
+2 1
+3 1
+1 2

fn=(480)
528 10
+1 2
+4 1
+6 1
-6 1
+6 1
cfi=(24)
cfn=(84)
calls=1 42 
* 3
+3 3
+12 1
-18 1
-1 1
+43 3
-19 13
+9 3
+1 2
+6 3
+1 1
+2 2
-2 1
+6 1
-4 2
+4 1
-4 2
+3 2
+4 2
+1 4
+2 2
+1 2
+17 1
-8 1
+8 1
+2 3
cfi=(29)
cfn=(128)
calls=1 199 
* 13
* 5
cfi=(44)
cfn=(132)
calls=1 125 
* 25
-49 1
+55 1
-55 4
+6 4
+55 2
cfi=(24)
cfn=(84)
calls=1 42 
* 3
+3 2
+3 9

fn=(262)
221 8
+6 3
+3 2
+36 3
+2 1
-2 1
-2 1
-40 1
-1 1
-1 1
+46 2
+23 3
+3 1
-3 4
+2 2
-2 1
-25 1
+20 1
-20 5
+2 2
+3 1
-1 1
+5 2
-5 1
+1 1
-1 1
+3 2
+2 3
+32 3
-1 1
+1 4
+2 2
-2 2
+53 8

fl=(31)
fn=(212)
238 10
+3 5
-3 10
+7 5
-7 10
+3 5
cfi=(42) ./string/../sysdeps/x86_64/multiarch/../strchr.S
cfn=(118) index
calls=5 23 
* 168
+3 10
+20 35

fn=(106)
706 11
+14 1
-14 2
+14 2
cfi=(38) ./elf/./elf/dl-hwcaps.c
cfn=(108) _dl_important_hwcaps
calls=1 175 
* 1847
fi=(28)
56 1
fe=(31)
720 1
fi=(28)
56 1
cfi=(27)
cfn=(76)
calls=1 -21 
* 25
fe=(31)
725 1
+2 2
+7 2
+1 2
-1 3
+5 3
fi=(28)
56 1
cfi=(27)
cfn=(76)
calls=1 -21 
* 25
fe=(31)
739 1
+2 4
+17 1
-10 1
+19 1
-11 1
-9 1
+9 1
+12 2
-10 1
+3 2
+9 1
-7 1
+4 1
+3 2
-3 1
-8 1
+3 1
+8 1
-3 1
+1 16
cfi=(44)
cfn=(132)
calls=4 125 
* 72
+2 18
-14 3
+10 3
+4 3
-12 3
-2 3
+2 3
+4 3
-3 3
+3 3
+1 3
-2 3
+5 6
+1 3
-4 3
+4 3
+15 1
+3 1
-15 1
+7 1
-1 1
+9 2
+2 4
+2 3
+36 5
+2 2
cfi=(22)
cfn=(60)
calls=1 41 
* 17
* 9
-19 1
-2 1
+2 2
+19 9
cfi=(29)
cfn=(80)
calls=1 212 
* 11
* 1
+5 4
-1 2
+2 1
+1 2
-2 4
+1 13
+1 26
-2 52
+5 1
fi=(28)
56 1
cfi=(27)
cfn=(76)
calls=1 -21 
* 25
fe=(31)
836 1
fi=(28)
56 1
fe=(31)
838 2
+6 6
cfn=(134) fillin_rpath.isra.0
calls=1 468 
* 587
+3 3
+6 1
+4 8
-35 2
+5 2

fn=(138) expand_dynamic_string_token
385 14
241 2
385 2
241 2
385 2
241 2
cfi=(42)
cfn=(118)
calls=2 23 
* 72
+3 4
410 2
-11 2
+11 12
-11 2
cfi=(45)
cfn=(140)
calls=2 40 
* 168

fn=(216) open_path
1870 16
+1 2
-1 12
+1 2
+6 4
+5 32
-7 4
+7 2
-8 2
+8 4
+3 4
+9 12
+7 6
+1 2
-1 2
cfi=(29)
cfn=(128)
calls=2 199 
* 26
-12 2
+12 2
+59 10
-58 8
+3 40
+5 88
cfi=(29)
cfn=(128)
calls=11 199 
* 147
* 44
cfi=(29)
cfn=(128)
calls=11 199 
* 143
+3 22
+6 33
+3 66
cfn=(218) open_verify.constprop.0
calls=11 1568 
* 594
* 11
+2 33
+2 20
+65 16
+7 4
-2 4
+2 4
+3 6
-13 2
+27 18
-65 4
+2 2
-50 107
+29 20
+1 70
+6 20
+2 10
-2 10
+2 20
cfi=(67) ./io/../sysdeps/unix/sysv/linux/stat64.c
cfn=(220) stat
calls=10 28 
* 158
* 10
+3 10
-3 20
+1 1
+2 2
-2 1
+2 26
-61 4

fn=(218)
1568 143
+39 39
+19 52
cfi=(55) ./io/../sysdeps/unix/sysv/linux/open64_nocancel.c
cfn=(178) __open_nocancel
calls=13 28 
* 280
* 13
+2 26
+11 2
+6 4
-5 2
+5 16
cfi=(56) ./io/../sysdeps/unix/sysv/linux/read_nocancel.c
cfn=(180) __read_nocancel
calls=2 25 
* 12
+2 4
+2 4
+2 4
+6 4
+17 22
fi=(28)
50 4
cfi=(27)
cfn=(144)
calls=2 +45 
* 10
fe=(31)
1856 117
1674 6
+74 4
+5 4
+2 8
+6 4
+6 2
+1 2
-1 6
+1 2
-1 2
+1 4
+1 2
+20 6
+31 2
-31 2
1633 2
1820 4
-31 84
+1 44
+1 16
+4 16
+6 4
+1 28
+10 12
cfi=(71) ./io/../sysdeps/unix/sysv/linux/pread64_nocancel.c
cfn=(234) __pread64_nocancel
calls=2 25 
* 14
* 16
+8 36
+15 4
+6 2
-3 2
+1 2
+1 2
+1 4
-3 2
+1 2
+1 2
+2 2
-3 6
-1 2
+4 4
-19 36
+3 4
-4 4
+4 8
+5 2
+1 8
-60 13
+1 3
-1 1
+1 3
cfi=(71)
cfn=(234)
calls=1 25 
* 7
* 3
+16 5
+7 6
1612 22
+62 6
1802 4
-30 2

fn=(134)
468 7
+4 1
-4 8
+6 3
cfi=(7)
cfn=(136) strsep
calls=1 239 
* 240
* 3
cfi=(7)
cfn=(136)
calls=1 239 
* 8
* 6
+7 2
+2 3
cfn=(138)
calls=1 -98 
* 118
* 1
+4 2
+5 2
cfi=(22)
cfn=(60)
calls=1 41 
* 17
* 1
+1 2
+7 5
+9 15
+1 8
+55 2
fi=(28)
50 2
cfi=(27)
cfn=(144)
calls=1 +45 
* 5
+1 1
fe=(31)
528 2
+4 3
fi=(28)
56 1
cfi=(27)
cfn=(76)
calls=1 -21 
* 25
* 1
fe=(31)
534 2
+5 1
+1 2
-1 1
-1 1
+2 1
cfi=(29)
cfn=(128)
calls=1 199 
* 13
+3 1
-3 1
+1 1
+2 1
+6 1
+1 1
-1 3
+1 11
+1 1
-1 1
+1 2
-1 2
+1 1
-1 1
+1 2
-1 6
+1 1
-1 1
+1 1
-1 3
+1 1
-1 2
+3 1
+1 1
-1 1
+1 2
+1 1
+6 2
+1 2
-57 4
+66 1
+3 8
-46 4

fn=(88)
868 4
+8 4
-8 4
+8 4
-6 4
+12 8
-13 4
+13 4
-13 4
+13 8
+3 12
+1 8
+1 8
+43 4

fn=(176) open_verify.constprop.1
1568 11
+39 3
+19 4
cfi=(55)
cfn=(178)
calls=1 28 
* 19
* 1
+2 2
+11 1
+6 2
-5 1
+5 8
cfi=(56)
cfn=(180)
calls=1 25 
* 6
+2 2
+2 2
+2 2
+6 2
+17 11
fi=(28)
50 2
cfi=(27)
cfn=(144)
calls=1 +45 
* 5
fe=(31)
1856 9
1674 3
+74 2
+5 2
+2 4
+6 2
+6 1
+1 1
-1 3
+1 1
-1 1
+1 2
+1 2
+20 3
+31 1
-31 1
1633 1
1820 2
-31 66
+1 28
+1 8
+4 8
+25 12
+3 18
+3 2
-4 2
+4 4
+6 4
-36 6

fn=(184) _dl_map_object_from_fd
944 30
+10 3
-10 12
+10 3
cfi=(46)
cfn=(186)
calls=3 38 
* 21
* 3
+7 12
+85 12
+10 6
+7 21
cfi=(26)
cfn=(70)
calls=3 59 
* 1078
* 3
+1 6
+11 6
+5 3
-5 3
+1 6
+1 3
+2 3
-2 3
+2 6
+1 9
+1 4
+19 4
-2 2
+2 22
-2 1
+2 40
+10 12
+85 3
-58 3
-34 3
-1 3
+93 3
+6 3
-64 6
+9 3
+55 6
-55 3
-42 3
+97 6
1101 3
-5 6
+15 86
+20 2
+1 1
-22 99
+1 185
1213 6
1110 3
1213 6
1110 9
1218 9
+10 6
+1 3
-1 3
+1 3
-1 9
+1 9
-1 9
+1 9
-1 27
1076 6
1235 6
+10 12
+7 6
fi=(61) ./elf/./dl-map-segments.h
96 3
fe=(31)
1252 9
fi=(61)
28 3
fe=(31)
1252 3
fi=(61)
96 3
fe=(31)
1252 3
fi=(61)
28 6
+1 24
cfi=(60)
cfn=(194)
calls=3 +18 
* 27
+74 6
-1 3
-73 3
+74 3
+3 6
+1 3
+2 3
-3 3
+1 3
+2 3
+7 8
+3 4
cfi=(72) ./misc/../sysdeps/unix/syscall-template.S
cfn=(236) mprotect
calls=1 -2 
* 6
* 3
+7 3
+2 3
fi=(62) ./elf/./dl-load.h
-37 24
+1 9
+2 24
fi=(61)
+56 48
+8 3
-2 3
+1 3
+2 3
-1 3
+1 3
-1 9
+8 6
+3 6
+8 21
cfi=(44)
cfn=(132)
calls=3 -52 
* 251
+1 6
+5 6
+12 12
-59 60
+2 18
+3 9
-3 18
+2 72
cfi=(60)
cfn=(194)
calls=9 -93 
* 81
* 27
fi=(57) ./elf/../sysdeps/posix/dl-fileid.h
37 9
cfi=(58) ./io/../sysdeps/unix/sysv/linux/fstat64.c
cfn=(190) fstat
calls=3 -8 
* 45
* 6
fe=(31)
999 6
fi=(57)
40 9
fe=(31)
999 3
fi=(57)
40 3
fe=(31)
999 39
+1 18
fi=(57)
49 24
fe=(31)
1515 27
1018 6
+66 13
+1 2
-1 1
+1 1
-1 1
+1 1
cfi=(71)
cfn=(234)
calls=1 25 
* 7
* 2
+26 38
+26 72
+10 12
-1 12
-1 12
+2 12
+2 12
-2 12
-1 72
+2 24
+1 12
+2 12
-3 12
+3 72
+2 24
+4 24
+1 45
+4 9
+1 9
-1 9
+1 63
-18 9
+28 9
-11 3
+1 3
-1 3
+1 21
-18 3
+28 3
-56 6
+7 3
+2 3
-2 3
+1 3
+1 3
-1 6
+1 24
+50 3
+5 1
-1 2
+5 1
-5 2
-56 1
+61 4
+1 1
+3 1
-3 1
+8 4
+15 6
+1 3
+58 12
+1 9
fi=(63) ./elf/./elf/get-dynamic-info.h
39 6
+6 3
-2 3
+2 6
+9 3
+5 3
+3 3
+2 3
-3 3
-3 3
-3 48
+13 14
-23 56
+23 52
-23 208
+4 132
+5 68
+2 15
+3 12
+13 12
+10 11
+1 12
+1 12
+1 12
+2 12
+5 11
+1 11
+1 12
+3 9
+5 4
+7 6
+1 9
+22 9
+5 4
+2 4
+2 4
+2 4
+4 9
+2 3
+1 2
+9 2
+6 2
+4 6
fe=(31)
1275 6
+1 6
+2 6
+10 9
+19 9
+2 15
+52 9
+1 2
+6 24
+1 60
+6 12
cfn=(88)
calls=3 868 
* 60
-7 78
+1 36
+6 36
-6 72
fi=(30)
95 24
213 3
-1 6
105 6
212 3
105 3
-2 3
-3 3
+2 3
+3 3
-4 6
+92 12
-1 3
-87 9
+3 9
+1 6
+1 6
+4 9
+4 9
+3 9
+1 6
+4 3
+1 12
+58 9
+2 12
-56 10
+1 5
+3 10
+3 5
+1 20
+5 10
+2 10
+5 10
+14 5
-1 10
+2 4
-1 6
fe=(31)
1380 6
cfi=(64)
cfn=(204)
calls=3 25 
* 18
* 6
+13 6
+2 12
+2 6
+16 6
cfi=(8)
cfn=(14)
calls=3 25 
* 87
+4 6
+1 6
+17 6
+1 1
+3 1
+5 1
-5 1
+5 1
-5 2
+5 2
-5 2
+5 2
+10 6
+7 18
+10 6
+1 4
+5 2
cfi=(47)
cfn=(238)
calls=1 131 
* 10
+7 9
cfi=(26)
cfn=(82)
calls=3 31 
* 147
+3 12
+23 21
+1 9
cfi=(49)
cfn=(206) _dl_audit_objopen
calls=3 76 
* 15
* 3
fi=(62)
95 10
+2 2
-1 4
+1 2
-1 2
+1 2
-1 2
+1 2
-1 4
+3 8
fe=(31)
1506 15
fi=(30)
198 12
+2 3
+1 3
+2 3
-3 9
fe=(31)
1368 9
fi=(63)
62 12
+2 12
fe=(31)
1084 2
fi=(61)
187 8
cfi=(60)
cfn=(194)
calls=1 47 
* 9
+3 2
fe=(31)
1462 9
+2 2
-1 10
+1 2
-1 2
+1 2
-1 2
cfi=(32)
cfn=(90)
calls=2 108 
* 50
* 4
+2 5
1275 4
fi=(57)
49 3
fi=(30)
170 6
-39 4
fe=(31)

fn=(172)
2022 60
+8 12
+1 24
+3 93
+5 126
+2 54
cfi=(54)
cfn=(174)
calls=18 68 
* 2008
* 36
+4 30
+1 45
+4 6
-1 30
+1 6
+1 6
-1 6
+1 6
cfi=(32)
cfn=(90)
calls=6 108 
* 243
* 12
2329 54
2068 3
+1 3
-1 3
+1 3
-1 3
+1 3
-1 6
-44 3
+53 9
+17 6
-2 3
+2 3
cfi=(42)
cfn=(118)
calls=3 23 
* 72
* 6
2260 2
-1 3
cfn=(138)
calls=1 385 
* 168
+2 1
-3 1
+1 1
+2 2
+4 5
cfn=(176)
calls=1 1568 
* 283
+3 2
-3 1
+3 1
+12 4
+46 1
+1 3
-1 1
+1 9
cfn=(184)
calls=1 944 
* 1819
-1 2
+1 6
-1 2
+1 18
cfn=(184)
calls=2 944 
* 4130
* 9
2098 4
cfi=(22)
cfn=(60)
calls=2 41 
* 34
* 4
+2 4
+7 8
+51 22
cfn=(216)
calls=2 1870 
* 1944
+6 2
-6 2
+6 8
682 2
2165 2
682 4
2252 4
+28 8
+2 8
2111 2
696 6
2111 2
+1 2
696 4
2116 6
682 2
2117 2
682 4
2173 2
+14 4
+2 6
+4 4
cfi=(68)
cfn=(222) _dl_load_cache_lookup
calls=2 416 
* 2337
* 2
+2 4
+4 4
+8 6
+23 12
cfn=(218)
calls=2 1568 
* 669
+4 4
-4 2
+4 2
+1 4
2131 10
+1 20
682 2
2133 2
682 4
2157 6
+1 4
-16 4

fl=(65)
fn=(208)
25 1
+2 7
+4 1

fl=(9)
fn=(530)
262 1
+1 1

fn=(16)
85 4
+25 1
-25 6
+25 1
-1 1
+1 123
+11 1
-8 1
+1 1
-4 1
+3 1
+6 1
+2 13
-34 1
-1 1
+36 113
+3 1
+1 1
-5 85
+57 1
-57 1
+58 1
-1 1
-57 3
+29 1
-29 1
+30 1
-1 1
-29 3
+41 1
-41 1
+42 1
-1 1
-41 3
+35 1
-35 1
+36 1
-1 1
-35 3
+32 1
-32 1
+33 1
-1 1
-32 4
+13 1
-13 1
+14 1
-1 1
-13 3
+10 1
-10 1
+11 1
-1 1
-10 3
+7 1
-7 4
224 1
cfi=(10)
cfn=(18)
calls=1 +58 
* 19252
+3 1
cfi=(12)
cfn=(22)
calls=1 +54 
* 32
fi=(13)
36 2
cfi=(14) ./elf/../sysdeps/unix/sysv/linux/brk.c
cfn=(28) brk
calls=1 -1 
* 8
fi=(6)
215 1
cfi=(15)
cfn=(32)
calls=1 37 
* 7224
fe=(9)
+23 3
+1 1
cfi=(22)
cfn=(60)
calls=1 41 
* 17
* 1
+2 2
cfi=(23)
cfn=(62)
calls=1 37 
* 15
* 3
+12 3
+3 5
cfi=(2)
cfn=(64)
calls=1 1320 
* 135126
+2 9

fl=(29)
fn=(128)
199 36
+1 36
+1 36
+1 36
+17 36
+1 36
+2 7
+1 7
+1 7
+2 6
+1 6
+1 6
+2 6
360 29
+1 29
+2 9
+4 9
+1 4
+1 4
+1 2
+1 2
+1 2
+1 2
+2 2
+2 4
+6 5
+1 5
+1 5
+1 5
+1 5
+29 20
+1 20
+1 20
+1 20
+1 20
+7 1
+1 1
+1 1
+1 1
+1 1
+1 1
+1 1
+11 1
+1 1
+2 1
+1 1
+1 1

fn=(80)
212 22
+1 22
+6 22
+1 22
+2 14
+1 14
+1 14
+2 8
+1 8
+1 8
+2 8
360 8
+1 8
+2 1
+4 1
+1 1
+1 1
+1 1
+1 1
+4 1
+2 1
+39 7
+1 7
+1 7
+1 7
+1 7
+7 6
+1 6
+1 6
+1 6
+1 6
+1 6
+1 6
+11 6
+1 6
+2 6
+1 6
+1 6

fl=(42)
fn=(118)
23 19
+1 19
+1 19
+1 19
+1 19
+1 19
+1 19
+1 19
+1 19
+1 19
+1 19
+1 19
+1 19
+1 19
+1 19
+1 19
+1 19
+1 19
+1 16
+4 16
+1 16
+1 16
+1 16
+2 16
+4 3
+1 3
+1 3
+1 3
+1 3
+1 3
+1 3
+1 3
+1 3
+1 3
+1 3
+1 3
+1 3
+1 3
+1 3
+1 3
+1 3
+1 3
+1 3
+1 3
+1 3
+1 3
+1 3
+1 3
+52 3
+4 3
+1 3
+1 3
+1 3
+2 3

fl=(41) ./elf/./elf/dl-hwcaps_split.c
fn=(122) _dl_hwcaps_split
25 4
+1 3
+21 1
-20 1
+20 3

fn=(120) _dl_hwcaps_contains
66 6
+1 12
+1 6
+9 6

fn=(116) _dl_hwcaps_split_masked
51 55
-25 42
+4 24
+4 48
+1 12
-1 24
+2 24
+5 27
cfi=(42)
cfn=(118)
calls=9 -18 
* 216
+1 18
+3 6
+11 12
+1 12
+1 6
-1 6
+1 6
-2 6
+1 6
+1 3
-1 3
+1 27
cfn=(120)
calls=6 +8 
* 30
* 12
-3 5
+7 44
-19 6
cfi=(22)
cfn=(60)
calls=3 -2 
* 51
* 3

fl=(52)
fn=(250)
238 6
+1 1
+1 1
+3 1
+1 1
+2 1
cfi=(2)
cfn=(252)
calls=1 696 
* 7261
+2 1
+1 1
+1 4

fn=(162)
225 10
+2 2
cob=(2)
cfi=(51)
cfn=(164)
calls=1 0 
* 2759
+1 2
+1 1
+1 1
-1 1
+1 1
+2 5

fn=(166)
175 18
+5 6
-5 18
+5 6
-2 12
+22 6
-1 6
+7 12
-6 6
+3 12
+3 6
cfi=(53)
cfn=(168)
calls=6 30 
* 144
* 24
+2 18
cfi=(66)
cfn=(214)
calls=5 61 
* 12068
cfi=(2)
cfn=(170)
calls=1 663 
* 2698
+2 6
-1 6
+1 6
-1 6
+1 12
+9 24

fl=(68)
fn=(230) _dl_cache_libcmp
370 17
+1 17
+32 17
-33 34
+1 38
+2 84
+2 84
-2 168
+20 164
+2 164
-12 67
+2 67
+14 67
+1 67
-29 134
+32 6
-28 4
+8 2
-2 4
+1 4
-1 2
+2 6
+2 2
-3 2
+3 6
+2 4
+9 45

fn=(534)
537 1
+1 4
-1 1
+3 2
cfi=(72)
cfn=(536) munmap
calls=1 117 
* 6
+1 1
+4 1
+2 2

fn=(222)
416 20
+2 4
+3 6
+69 3
+5 1
208 1
495 3
208 1
495 2
+3 6
fi=(70) ./elf/../sysdeps/x86/dl-procinfo.h
39 4
+3 6
cfi=(32)
cfn=(90)
calls=2 +66 
* 50
* 8
fe=(68)
212 12
cfi=(10)
cfn=(24)
calls=2 405 
* 42
* 2
+16 4
-16 2
+6 4
+10 2
-7 10
+9 6
+1 2
-37 4
+37 2
+4 4
-5 39
+1 13
-37 26
+37 13
+4 26
+4 45
cfn=(230)
calls=15 370 
* 1128
+1 30
359 13
+3 8
228 8
360 9
228 24
+2 10
+20 4
+3 4
+2 8
cfn=(230)
calls=2 370 
* 148
* 4
-7 4
-30 4
+1 2
+95 2
-95 2
-1 16
+96 6
-47 4
+10 4
+1 6
fi=(69) ./elf/../sysdeps/generic/dl-cache.h
125 10
fe=(68)
294 4
+9 4
+3 4
+2 6
+1 4
+5 4
+1 8
+7 4
+21 8
513 4
+12 4
cfi=(22)
cfn=(60)
calls=2 41 
* 68
* 24
+1 2
-1 2
+1 2
-1 2
+1 2
cfi=(29)
cfn=(80)
calls=2 212 
* 22
* 2
+1 2
cfi=(45)
cfn=(140)
calls=2 40 
* 178
+1 16
-3 4
424 4
cfi=(54)
cfn=(224) _dl_sysdep_read_whole_file
calls=1 36 
* 91
* 1
+8 5
+1 8
+3 4
+1 1
-1 3
fi=(69)
194 1
+1 5
fe=(68)
444 1
+1 2

fl=(55)
fn=(178)
28 15
+3 15
-3 45
+3 90
+8 105
+2 4
-2 33
+2 11

fl=(13)
fn=(100)
46 5
+2 3
+40 2
cfi=(36)
cfn=(102)
calls=1 +32 
* 6
+15 1
-15 2
+20 1
-1 1
+3 12
+4 3
-2 6
+2 11
+3 2
-1 2
+1 6
-3 8
+3 1
-1 1
+1 3
-3 4
+7 3
-1 3
+4 3
-2 3
+2 12
+9 5

fl=(78)
fn=(272)
194 10
+14 5
-14 45
+16 5
-16 10
+14 5
+2 10
+3 5
-1 5
+1 10
+19 10
+6 25
-34 8
+38 8
+7 16
fi=(6)
71 14
+6 8
+4 6
+14 2
-8 2
+8 4
+20 4
+4 10
-2 4
fe=(78)
288 205
-83 2
fi=(6)
474 8
fe=(78)
205 4
+83 4
fi=(5)
49 2
fe=(78)
288 2
fi=(5)
60 2
-11 4
+11 4
fe=(78)
288 3
-83 3
fi=(6)
474 12
fe=(78)
205 6
+83 6
fi=(5)
49 3
fe=(78)
288 3
fi=(5)
60 3
-11 6
+11 6
fe=(78)
288 10
fi=(5)
49 5
fe=(78)
288 5
fi=(5)
60 5
-11 10
+11 10
-7 2
-1 2
+11 16
fi=(6)
545 48
+4 48
+3 72
+1 24
fi=(5)
63 72
+2 324
+2 171
-4 171
+13 12
+1 16
+1 114
fi=(6)
545 57
+34 114
+2 57
cob=(4)
cfi=(134) ./math/../sysdeps/x86_64/fpu/multiarch/s_sin.c
cfn=(476) sin
calls=1 27 
* 9
cob=(4)
cfi=(146) ./math/../sysdeps/x86_64/fpu/multiarch/e_atan2.c
cfn=(472) __atan2_finite@GLIBC_2.15
calls=1 26 
* 9
cob=(4)
cfi=(145) ./math/../sysdeps/x86_64/fpu/multiarch/e_exp2f.c
cfn=(468) exp2f@@GLIBC_2.27
calls=1 27 
* 9
cob=(4)
cfi=(142) ./math/../sysdeps/x86_64/fpu/multiarch/e_asin.c
cfn=(464) __asin_finite@GLIBC_2.15
calls=1 27 
* 8
cob=(4)
cfi=(144) ./math/../sysdeps/x86_64/fpu/multiarch/s_fma.c
cfn=(462) fma
calls=1 49 
* 6
cob=(4)
cfi=(143) ./math/../sysdeps/x86_64/fpu/multiarch/s_sinf.c
cfn=(458) sinf
calls=1 26 
* 9
cob=(4)
cfi=(142)
cfn=(454) __acos_finite@GLIBC_2.15
calls=1 35 
* 8
cob=(4)
cfi=(141) ./math/../sysdeps/x86_64/fpu/multiarch/e_log.c
cfn=(450) __log_finite@GLIBC_2.15
calls=1 27 
* 9
cob=(4)
cfi=(140) ./math/../sysdeps/x86_64/fpu/multiarch/e_log2f.c
cfn=(446) log2f@@GLIBC_2.27
calls=1 27 
* 9
cob=(4)
cfi=(138) ./math/../sysdeps/x86_64/fpu/multiarch/e_pow.c
cfn=(442) __pow_finite@GLIBC_2.15
calls=1 27 
* 8
cob=(4)
cfi=(137) ./math/../sysdeps/x86_64/fpu/multiarch/e_powf.c
cfn=(438) powf@@GLIBC_2.27
calls=1 30 
* 9
cob=(4)
cfi=(136) ./math/../sysdeps/x86_64/fpu/multiarch/s_sincosf.c
cfn=(434) sincosf
calls=1 26 
* 9
cob=(4)
cfi=(135) ./math/../sysdeps/x86_64/fpu/multiarch/e_logf.c
cfn=(430) logf@@GLIBC_2.27
calls=1 27 
* 9
cob=(4)
cfi=(134)
cfn=(426) cos
calls=1 34 
* 9
cob=(4)
cfi=(133) ./math/../sysdeps/x86_64/fpu/multiarch/e_expf.c
cfn=(422) expf@@GLIBC_2.27
calls=1 27 
* 9
cob=(4)
cfi=(131) ./math/../sysdeps/x86_64/fpu/multiarch/e_exp.c
cfn=(418) __exp_finite@GLIBC_2.15
calls=1 27 
* 9
cob=(4)
cfi=(129) ./math/../sysdeps/x86_64/fpu/multiarch/s_cosf.c
cfn=(414) cosf
calls=1 26 
* 9
cob=(3)
cfi=(128) ./string/../sysdeps/x86_64/multiarch/rawmemchr.c
cfn=(408) rawmemchr
calls=1 31 
* 23
cob=(3)
cfi=(127) ./string/../sysdeps/x86_64/multiarch/strncase.c
cfn=(406) strncasecmp
calls=1 31 
* 7
cob=(3)
cfi=(126) ./string/../sysdeps/x86_64/multiarch/mempcpy.c
cfn=(402) mempcpy
calls=1 33 
* 22
cob=(3)
cfi=(125) ./string/../sysdeps/x86_64/multiarch/strspn.c
cfn=(400) strspn
calls=1 29 
* 7
cob=(3)
cfi=(123) ./string/../sysdeps/x86_64/multiarch/memchr.c
cfn=(396) memchr
calls=1 29 
* 23
cob=(3)
cfi=(122) ./string/../sysdeps/x86_64/multiarch/stpcpy.c
cfn=(392) stpcpy
calls=1 33 
* 17
cob=(3)
cfi=(120) ./wcsmbs/../sysdeps/x86_64/multiarch/wmemcmp.c
cfn=(388) wmemcmp
calls=1 29 
* 22
cob=(3)
cfi=(119) ./string/../sysdeps/x86_64/multiarch/strncpy.c
cfn=(384) strncpy
calls=1 29 
* 17
cob=(3)
cfi=(118) ./string/../sysdeps/x86_64/multiarch/strlen.c
cfn=(380) strlen
calls=1 29 
* 21
cob=(3)
cfi=(117) ./string/../sysdeps/x86_64/multiarch/strcasecmp_l.c
cfn=(378) strcasecmp_l
calls=1 31 
* 7
cob=(3)
cfi=(116) ./string/../sysdeps/x86_64/multiarch/strcpy.c
cfn=(374) strcpy
calls=1 29 
* 17
cob=(3)
cfi=(115) ./string/../sysdeps/x86_64/multiarch/strchrnul.c
cfn=(370) strchrnul
calls=1 31 
* 21
cob=(3)
cfi=(114) ./string/../sysdeps/x86_64/multiarch/memrchr.c
cfn=(366) memrchr
calls=1 29 
* 21
cob=(3)
cfi=(112) ./wcsmbs/../sysdeps/x86_64/multiarch/wmemset.c
cfn=(362) wmemset
calls=2 31 
* 38
cob=(3)
cfi=(110) ./string/../sysdeps/x86_64/multiarch/memcmp.c
cfn=(358) bcmp
calls=1 29 
* 22
cob=(3)
cfi=(109) ./string/../sysdeps/x86_64/multiarch/strncase_l.c
cfn=(356) strncasecmp_l
calls=1 31 
* 7
cob=(3)
cfi=(108) ./string/../sysdeps/x86_64/multiarch/strcat.c
cfn=(352) strcat
calls=1 29 
* 17
cob=(3)
cfi=(107) ./wcsmbs/../sysdeps/x86_64/multiarch/wcscpy.c
cfn=(350) wcscpy
calls=1 43 
* 7
cob=(3)
cfi=(106) ./string/../sysdeps/x86_64/multiarch/strcspn.c
cfn=(348) strcspn
calls=1 29 
* 7
cob=(3)
cfi=(105) ./string/../sysdeps/x86_64/multiarch/strcasecmp.c
cfn=(346) strcasecmp
calls=1 31 
* 7
cob=(3)
cfi=(104) ./string/../sysdeps/x86_64/multiarch/strncmp.c
cfn=(344) strncmp
calls=1 66 
* 17
cob=(3)
cfi=(102) ./wcsmbs/../sysdeps/x86_64/multiarch/wmemchr.c
cfn=(340) wmemchr
calls=2 31 
* 46
cob=(3)
cfi=(100) ./string/../sysdeps/x86_64/multiarch/stpncpy.c
cfn=(336) stpncpy
calls=1 31 
* 17
cob=(3)
cfi=(99) ./wcsmbs/../sysdeps/x86_64/multiarch/wcscmp.c
cfn=(332) wcscmp
calls=1 30 
* 21
cob=(3)
cfi=(98) ./string/../sysdeps/x86_64/multiarch/memmove.c
cfn=(328) memmove
calls=2 29 
* 44
cob=(3)
cfi=(97) ./string/../sysdeps/x86_64/multiarch/strrchr.c
cfn=(324) rindex
calls=1 28 
* 21
cob=(3)
cfi=(96) ./string/../sysdeps/x86_64/multiarch/strchr.c
cfn=(322) index
calls=1 61 
* 19
cob=(3)
cfi=(94) ./wcsmbs/../sysdeps/x86_64/multiarch/wcschr.c
cfn=(318) wcschr
calls=2 31 
* 42
cob=(3)
cfi=(92) ./string/../sysdeps/x86_64/multiarch/memcpy.c
cfn=(314) memcpy@@GLIBC_2.14
calls=1 29 
* 22
cob=(3)
cfi=(91) ./wcsmbs/../sysdeps/x86_64/multiarch/wcslen.c
cfn=(310) wcslen
calls=1 29 
* 19
cob=(3)
cfi=(89) ./string/../sysdeps/x86_64/multiarch/memset.c
cfn=(306) memset
calls=1 29 
* 24
cob=(3)
cfi=(87) ./wcsmbs/../sysdeps/x86_64/multiarch/wcsnlen.c
cfn=(302) wcsnlen
calls=1 29 
* 19
cob=(3)
cfi=(86) ./string/../sysdeps/x86_64/multiarch/strcmp.c
cfn=(300) strcmp
calls=1 65 
* 17
cob=(3)
cfi=(85) ./string/../sysdeps/x86_64/multiarch/strpbrk.c
cfn=(298) strpbrk
calls=1 29 
* 7
cob=(3)
cfi=(83) ./string/../sysdeps/x86_64/multiarch/strnlen.c
cfn=(294) strnlen
calls=2 31 
* 42
-36 57
+37 57
fi=(5)
77 173
fe=(78)
288 40
+3 30
+24 5
+3 10
+17 15
+2 40
-98 10
+3 2
+7 4
-9 2
fi=(5)
86 16
+2 16
+12 8
-14 32
+14 16
+10 12
+3 16
+1 4
fi=(6)
529 4
fi=(5)
114 4
fi=(6)
529 8
fi=(5)
114 1200
fi=(6)
529 1200
fi=(5)
114 1200
fi=(6)
529 2400
+5 2408
+1 1204
fi=(5)
113 1204
fi=(6)
535 1204
-5 1204
fi=(5)
113 2408
+7 32
+4 24
+2 12
-73 4
fi=(6)
484 4
fi=(5)
52 4
fi=(6)
484 8
fi=(5)
128 8
+1 4
+1 4
-2 4
+2 4
+3 4
-5 4
+2 4
-2 4
+1 8
+2 4
-2 4
+2 12
+2 8
-5 240
+1 120
+1 120
-2 120
+2 120
+3 120
-5 120
+2 120
-2 120
+1 240
+2 120
-2 120
+2 360
+2 240
+9 122
fi=(6)
262 244
+21 244
+4 244
+7 488
fi=(4)
138 318
fi=(6)
294 4091
cfi=(79)
cfn=(280)
calls=103 840 
* 62517
* 927
+2 318
+30 728
450 309
fi=(5)
145 345
-19 372
+32 20
+1 6
fi=(6)
294 2
+22 2
-22 4
fi=(5)
160 6
+3 2
+4 2
-4 2
+4 4
-2 2
-2 2
+2 2
+1 2
-1 4
fi=(6)
294 8
508 2
-1 4
+1 4
+1 2
cfi=(15)
cfn=(502)
calls=1 71 
* 6
cob=(3)
cfi=(81) ./string/../sysdeps/x86/cacheinfo.c
cfn=(290) __x86_cacheinfo
calls=1 86 
* 28
+1 2
fi=(5)
159 2
fi=(6)
510 2
fi=(5)
159 8
-14 3
+1 54
fi=(6)
490 3
+5 2
-1 3
+1 2
-1 1
cfi=(29)
cfn=(80)
calls=1 212 
* 11
+2 4
+1 1
-75 54
+4 72
+5 18
+9 18
-9 36
+9 18
fi=(5)
145 68
fi=(6)
296 164
+3 116
-3 116
+3 232
+2 10
+3 4
+1 6
+11 4
+7 2
cob=(3)
cfi=(86)
cfn=(300)
calls=1 65 
* 17
cob=(3)
cfi=(118)
cfn=(380)
calls=1 29 
* 21
* 6
+3 4
fi=(5)
135 10
+3 2
fi=(6)
296 100
+3 100
-3 216
+3 4
fi=(5)
50 10
fe=(78)
308 14
fi=(6)
-14 29
fe=(78)
+49 25
+3 5
-3 5
+3 5
+4 10
+1 20
cfi=(72)
cfn=(236)
calls=5 117 
* 30
* 10
-63 6
fi=(5)
53 2
175 7
+2 2
+1 2
-1 1
+3 1
-3 4
+3 2
-3 10
+1 10
-1 5
+3 5
-3 20
+3 10
+8 6
fi=(6)
+74 12
+21 12
+4 12
+7 24
fi=(4)
138 18
fi=(6)
294 204
cfi=(79)
cfn=(280)
calls=6 840 
* 3515
* 54
+2 18
+30 36
450 12
fi=(5)
191 18
-16 18
+30 4
fi=(6)
+91 2
+3 2
-3 2
+3 4
-3 2
+3 2
-3 4
fe=(78)

fl=(67)
fn=(220)
28 20
+1 40
cfi=(59)
cfn=(192)
calls=10 153 
* 98

fl=(160) ./elf/./elf/dl-runtime.c
fn=(524) _dl_fixup
46 16
+2 10
+1 2
+6 2
fi=(225) ./elf/../sysdeps/x86_64/dl-runtime.h
-27 2
fe=(160)
+21 2
+5 2
+1 2
-6 2
+6 4
+1 2
+2 2
-2 2
+2 2
-2 10
+7 4
+4 4
+4 6
+4 6
+1 8
-7 8
+16 2
-1 2
+1 4
+10 20
cfi=(79)
cfn=(280)
calls=2 840 
* 1451
* 2
+4 10
+10 20
+15 8
+9 6
+26 6
fi=(6)
+70 2
fe=(160)
-66 12

fl=(71)
fn=(234)
25 8
+1 16
+1 4

fl=(147)
fn=(482)
561 4
+3 1
+2 2
+13 1
cfn=(486) _dlfo_process_initial
calls=1 474 
* 95
+1 1
-1 1
+1 1
fi=(28)
56 1
cfi=(27)
cfn=(76)
calls=1 -21 
* 25
fe=(147)
580 1
fi=(28)
56 1
fe=(147)
582 2
+3 2
+5 1
+1 1
cfn=(486)
calls=1 474 
* 358
+3 3
+10 4
-37 2
cfi=(148) ./elf/./dl-find_object.h
cfn=(484) _dl_find_object_from_map
calls=1 95 
* 68
* 1
+29 2
cfn=(488) _dlfo_sort_mappings
calls=1 -60 
* 128
+3 6
+2 1

fn=(486)
474 2
+3 2
-3 2
+1 2
+3 4
+26 14
+1 6
+1 10
-1 20
+3 36
+3 32
-7 10
+25 2
+2 8
-18 24
+3 8
-1 8
cfi=(148)
cfn=(484)
calls=4 95 
* 247
+2 16

fn=(488)
536 1
+1 2
+3 4
+4 1
+1 1
-1 1
+1 2
-1 2
+1 2
-1 2
+1 10
+1 36
-1 18
+8 9
+1 6
-1 3
-13 6
+14 9
+1 6
-15 6
+17 1

fl=(56)
fn=(180)
25 3
+1 12
+1 3

fl=(58)
fn=(190)
29 8
+1 8
+5 12
cfi=(59)
cfn=(192)
calls=4 153 
* 32

fl=(153)
fn=(504)
27 1
+2 2
-2 1
+6 3
-6 1
+6 3
-6 1
+6 1
cfi=(152) ./elf/./elf/dl-lookup-direct.c
cfn=(500) _dl_lookup_direct
calls=1 +41 
* 177
+4 2
+2 4
+2 1
-1 1
+1 2
-1 1
cob=(3)
cfi=(154) ./elf/./elf/libc_early_init.c
cfn=(506) __libc_early_init
calls=1 -7 
* 1152

fl=(73)
fn=(240)
30 30
+4 3
+1 6
+11 3
-1 6
+18 12

fl=(16)
fn=(40) update_active.constprop.0
43 7
+45 1
-41 1
+28 1
-18 1
+31 1
+4 1
-36 1
-1 1
+37 1
-26 1
-11 1
+1 1
+36 2
+1 1
-17 1
-21 1
+25 1
-4 1
-11 1
+28 1
-1 1
-36 1
+18 1
+19 1
-13 1
-4 1
-11 1
+19 1
+11 1
-3 1
-12 1
+14 1
-29 1
+18 1
+9 1
-18 1
+13 1
-13 1
-9 1
+29 2
+3 1
-14 1
-9 1
+9 1
+4 1
+10 1
-17 1
+7 1
+5 1
+5 1
+1 1
-1 1
+1 2
+2 2
+1 4
+3 1
+1 1
-1 1
+1 1
-1 1
+1 1
-1 1
+1 1
+4 2
+4 2
+2 4
+83 3
+12 2
+1 1
+3 3
+4 1
-4 1
+4 1
+67 3
+4 3
fi=(18)
31 1
-3 1
+3 1
-1 2
fe=(16)
296 1
+1 8
-75 3
+1 2
+3 1
-1 1
+9 1
-5 1
+2 1
-2 1
+5 1
fi=(18)
32 3
+4 3
fe=(16)
+83 2
+2 1
+3 2
+10 1
+10 1
-10 1
+10 1
-10 1
+6 1
+4 1
-4 1
-6 1
+6 1
+2 1
-2 1
+2 3
+7 4
fi=(18)
39 3
+1 4
+5 1
-7 1
+7 3
+2 1
+1 2
+1 3
+2 4
+1 2
+1 2
+6 1
-4 1
+4 1
-3 2
fe=(16)
+75 1
-5 2
+4 1

fn=(34)
399 1
+16 1
-16 6
+3 1
+1 1
+1 1
+11 2
+3 6
593 1
+94 5
+1 1
+3 2
+1 1
+6 1
+3 1
fi=(19)
+5 1
+2 1
fe=(16)
-9 1
fi=(19)
+23 2
840 1
+46 1
-46 17
+45 2
+25 2
+21 2
-21 2
+13 3
+8 1
-8 1
+8 1
cfi=(10)
cfn=(24)
calls=1 405 
* 21
* 1
+2 2
+3 4
cfi=(10)
cfn=(24)
calls=1 405 
* 21
* 1
+2 1
+3 2
-3 2
+3 1
-3 1
+3 1
cfi=(10)
cfn=(24)
calls=1 405 
* 21
* 1
+1 5
+16 2
-12 5
cfi=(10)
cfn=(24)
calls=1 405 
* 21
* 1
+1 3
+23 1
-17 5
+3 3
-3 1
cfi=(10)
cfn=(24)
calls=1 405 
* 21
+3 3
-3 2
+3 9
cfi=(10)
cfn=(54)
calls=1 157 
* 58
+1 9
cfi=(10)
cfn=(54)
calls=1 157 
* 58
+1 10
cfi=(10)
cfn=(54)
calls=1 157 
* 58
+3 8
cfi=(10)
cfn=(54)
calls=1 157 
* 58
+2 8
cfi=(10)
cfn=(54)
calls=1 157 
* 58
+4 1
fe=(16)
706 1
fi=(19)
967 2
fe=(16)
706 2
fi=(19)
967 4
fe=(16)
706 1
cfi=(10)
cfn=(24)
calls=1 405 
* 19
+4 3
+14 1
-1 2
+1 3
+47 1
-1 1
+1 1
+46 4
cfi=(10)
cfn=(24)
calls=1 405 
* 19
+2 4
cfi=(10)
cfn=(24)
calls=1 405 
* 19
fi=(21) ./elf/../sysdeps/unix/sysv/linux/x86/cpu-features.c
27 6
fe=(16)
829 2
+45 8
fi=(19)
+19 11
fe=(16)
775 3
+27 2
-10 2
+1 2
+2 3
+1 2
+2 3
+1 2
fi=(19)
-75 3
cfn=(46)
calls=1 255 
* 437
+1 1
-1 2
+1 1
cfn=(46)
calls=1 255 
* 478
+1 1
-1 1
+1 1
cfn=(46)
calls=1 255 
* 503
+3 1
-3 2
+3 1
cfn=(46)
calls=1 255 
* 459
+2 1
-2 1
+2 1
cfn=(46)
calls=1 255 
* 451
+3 1
-2 1
-1 1
+3 1
cfn=(46)
calls=1 255 
* 428
+2 1
-2 1
+2 1
cfn=(46)
calls=1 255 
* 429
+3 1
-2 1
-1 1
+3 1
cfn=(46)
calls=1 255 
* 469
+2 1
-2 1
+2 1
cfn=(46)
calls=1 255 
* 470
+3 1
-3 1
+3 1
cfn=(46)
calls=1 255 
* 494
+2 1
-2 1
+2 1
cfn=(46)
calls=1 255 
* 495
+2 1
-2 1
+2 1
cfn=(46)
calls=1 255 
* 790
+2 3
-2 1
+2 1
cfn=(52)
calls=1 481 
* 215
863 15
fe=(16)
424 6
cfn=(36) get_common_indices.constprop.0
calls=1 -99 
* 71
303 3
+1 2
+1 6
+5 2
+1 6
+5 2
+1 6
429 1
cfn=(40)
calls=1 43 
* 194
+2 1
+2 1
+83 1
-85 2
564 2
+7 2
+2 1
+4 2
+6 2
422 2
-3 1
+14 3
+1 4
+69 1
+10 11
+42 1
+1 1
434 11
+55 3

fn=(36)
325 1
+4 4
+3 3
+5 2
-5 1
+5 1
-5 1
+4 1
+1 1
+1 4
+1 4
+1 3
+1 2
+7 2
+2 5
+5 1
-5 1
+5 1
-5 1
+5 1
-5 2
+5 1
+7 1
-7 4
+7 1
+1 3
+6 1
-6 4
+6 1
fi=(17) ./elf/../sysdeps/unix/sysv/linux/x86/dl-minsigstacksize.h
24 2
+3 2
+1 2
+37 3
+7 1
+2 1
fe=(16)
384 2

fl=(14)
fn=(28)
35 1
+1 3
+1 2
+6 1
+1 1

fl=(159)
fn=(522)
67 2
+5 2
+3 2
+2 2
+10 2
+6 2
+1 2
+1 2
+1 2
+1 2
+1 2
+1 2
+4 2
+1 2
+3 2
+1 2
+2 2
+1 2
+1 2
+1 2
+1 2
+1 2
+2 2
+7 2
+1 2
+1 2
cfi=(160)
cfn=(524)
calls=2 -80 
* 1643
+1 2
+5 2
+1 2
+1 2
+2 2
+1 2
+1 2
+1 2
+1 2
+1 2
+1 2
+2 2
+2 2
+4 2
+2 2

fl=(148)
fn=(484)
95 10
+1 10
+1 5
+6 25
+1 145
+1 100
+2 15
+5 5

fl=(151)
fn=(498)
30 2
+10 3
-10 1
+10 2
-10 1
+7 1
+3 2
cfi=(152)
cfn=(500)
calls=1 +34 
* 175
+4 2
+1 8
+2 3
-2 1
+2 3
cfi=(152)
cfn=(500)
calls=1 +27 
* 198
+4 2
+1 6
+1 2
-1 1
+1 2

fl=(72)
fn=(236)
117 30
+5 6

fn=(536)
117 5
+5 1

fl=(38)
fn=(108)
175 5
+1 1
-1 6
+1 1
-1 1
+1 1
-1 1
+1 1
-1 1
+1 2
cfi=(10)
cfn=(24)
calls=1 405 
* 21
* 1
+2 2
+1 3
+26 2
-26 1
+25 1
cfi=(39)
cfn=(110)
calls=1 29 
* 47
fi=(40) ./elf/./dl-hwcaps.h
54 1
fe=(38)
205 1
-1 1
fi=(40)
56 1
+32 1
+1 1
+1 1
fe=(38)
-35 2
cfi=(41)
cfn=(116)
calls=1 -4 
* 13
* 2
fi=(40)
-1 1
+2 2
-2 1
+34 2
+1 2
+1 1
fe=(38)
-32 2
-1 2
+1 2
+1 2
-1 2
-3 4
cfi=(41)
cfn=(116)
calls=2 -4 
* 114
* 2
cfi=(41)
cfn=(116)
calls=1 -4 
* 122
* 6
+48 5
fi=(28)
-47 1
cfi=(27)
cfn=(76)
calls=1 -21 
* 25
fe=(38)
+47 1
+2 2
+3 2
fi=(40)
-52 1
fe=(38)
+55 1
-3 1
fi=(40)
-54 2
+3 1
fe=(38)
+58 2
cfi=(41)
cfn=(122)
calls=1 -90 
* 12
* 2
fi=(40)
-61 1
+2 2
-2 1
+34 2
+1 2
+1 1
fe=(38)
+40 4
+1 2
-1 6
+2 2
+1 2
-2 6
-3 4
cfi=(41)
cfn=(116)
calls=2 -77 
* 114
* 2
cfi=(41)
cfn=(116)
calls=1 -77 
* 122
* 6
+8 2
+9 1
-15 1
+15 2
-15 1
+15 8
+9 2
+4 7
cfi=(43)
cfn=(124)
calls=1 22 
* 41
+1 2
+1 1
+4 1
+1 2
+1 1
-20 2
+19 1
+1 1
-20 2
-1 4
+70 1
+1 1
+4 1
-5 2
+1 4
+4 2
-4 1
+4 4
+1 1
-1 1
+1 2
+1 2
-2 5
+1 1
-1 1
+1 2
+1 2
-2 5
+5 1
+3 2
-3 2
+3 15
+7 1
-7 2
+2 3
+1 4
+2 1
fi=(226) ./elf/../sysdeps/x86/dl-hwcap.h
57 1
fe=(38)
233 2
fi=(226)
57 1
fe=(38)
233 2
fi=(226)
57 1
fe=(38)
233 1
+1 1
cfi=(22)
cfn=(60)
calls=1 41 
* 17
+1 1
+1 1
-6 1
+4 1
+1 1
-5 1
+5 1
+1 1
-1 2
-5 4
+10 3
-2 3
+2 1
+1 1
+1 1
-1 1
+4 4
+1 1
-1 1
+4 2
+4 1
-1 1
+1 4
-1 2
+4 3
+1 3
+19 10
+6 2
fi=(28)
56 1
cfi=(27)
cfn=(76)
calls=1 -21 
* 25
* 1
fe=(38)
283 2
+8 1
fi=(40)
54 1
+2 1
+34 1
-2 2
fe=(38)
-5 1
291 1
fi=(40)
54 1
+35 1
fe=(38)
291 1
fi=(40)
90 1
fe=(38)
-10 2
cfi=(41)
cfn=(116)
calls=1 -29 
* 13
* 2
fi=(40)
-26 2
+2 1
fe=(38)
+27 1
fi=(40)
-29 1
+34 2
+1 2
+1 1
fe=(38)
-8 2
+1 4
+7 2
-7 10
cfi=(29)
cfn=(128)
calls=2 199 
* 26
+4 2
+2 2
+2 2
-2 4
-9 4
cfi=(41)
cfn=(116)
calls=2 -29 
* 114
* 2
cfi=(41)
cfn=(116)
calls=1 -29 
* 122
* 6
304 1
+2 1
-2 1
-48 2
+72 1
-72 1
376 2
+13 2
-58 1
+45 1
+13 1
-58 1
-75 1
+82 1
+10 2
-92 1
+88 1
+4 3
-4 1
+3 7
-3 2
-3 1
+3 1
cfi=(29)
cfn=(128)
calls=1 199 
* 18
* 2
-3 1
+3 1
cfi=(29)
cfn=(128)
calls=1 199 
* 18
* 2
+3 2
-3 4
+3 5
+1 12
+1 2
-2 1
+2 1
cfi=(29)
cfn=(128)
calls=1 199 
* 15
* 2
-2 2
+5 8
cfi=(29)
cfn=(128)
calls=2 199 
* 30
* 4
+2 5
+5 6
+1 1
-1 3
+1 7
-1 25
+5 11
+4 1
-1 1
+1 2
-4 12
+4 2
-1 2
+1 13
-1 9
+1 18
+1 24
-1 12
-1 12
+2 24
-1 24
-1 24
+4 9
+3 1
+2 2
-1 1
-1 1
+2 1
-2 1
+2 2
-1 1
+1 2
+2 6
+1 2
+3 2
-6 2
+6 3
+7 8
+1 1
-1 2
+3 2
-3 3
+1 3
-1 6
+3 6
+3 4
-80 2
+86 9
-20 1
+1 2
-6 3
259 2
+1 2
+1 4
-1 3
+12 4
-44 2
+34 4
-2 3

fl=(49)
fn=(154)
28 6
+2 1
-1 1
+1 2
+6 6

fn=(848)
96 5
+1 20

fn=(206)
76 3
+1 12

fn=(606)
117 1
+1 4

fn=(532)
40 6
+4 3
-4 3
+4 3
-4 3
+4 3
-4 6
+4 3
+1 3
+1 12
+4 18

fl=(24)
fn=(266)
68 2
fi=(227) ./elf/../include/list.h
-24 1
fe=(24)
+24 1
fi=(227)
-25 1
fe=(24)
+26 1
+3 1
fi=(227)
-29 1
+1 1
+1 1
+2 1
fe=(24)
+28 4
+1 2
+1 1
+5 2
+5 1
+6 1
-3 1
+3 1
-6 3
+6 1
+13 3
fi=(76) ./elf/../sysdeps/unix/sysv/linux/rseq-internal.h
-72 1
fe=(24)
+72 1
cfi=(10)
cfn=(24)
calls=1 405 
* 20
fi=(76)
-74 3
+2 6
+3 2
+3 1
fe=(24)
+83 3
+7 2
+2 1
+1 1
+1 3

fn=(84)
42 10
+2 20

fn=(66)
53 3
+3 8
+5 1
-5 1
+5 1
+1 1
-6 1
+8 1

fl=(152)
fn=(500)
74 30
+2 3
-2 3
+4 3
-4 3
+2 3
+2 9
+37 3
-37 9
+1 6
+2 12
+3 25
-52 3
+54 6
-54 3
+54 3
-54 9
+1 9
+2 6
+1 6
+12 12
+3 3
+2 3
-2 3
+2 9
cfi=(32)
cfn=(90)
calls=3 +55 
* 207
* 6
+4 6
+1 3
-1 3
+1 18
+1 9
cfi=(32)
cfn=(90)
calls=3 +49 
* 75
* 6
+57 27
-23 6

fl=(7)
fn=(494) lookup_malloc_symbol
61 8
+3 4
-3 16
+3 4
-3 4
+3 8
-1 4
+1 12
cfi=(79)
cfn=(280)
calls=4 840 
* 2280
+4 28
+1 28
+2 4
fi=(150) ./elf/./dl-sym-post.h
-30 8
+12 12
fe=(7)
+19 20

fn=(136)
239 2
+3 4
+2 2
+1 4
+4 33
+7 84
-2 56
+13 1
+4 4
-22 14
+15 14
-15 30

fn=(490)
76 2
+10 1
fi=(149) ./elf/../sysdeps/generic/dl-hash.h
-41 1
fe=(7)
+31 1
fi=(149)
-32 1
fe=(7)
+32 5
+11 1
-1 1
fi=(149)
-43 1
+5 3
+14 4
-17 3
+3 15
+14 20
-17 15
fe=(7)
+46 2
fi=(149)
-24 1
fe=(7)
+22 1
+2 2
fi=(149)
-19 1
fe=(7)
+19 1
cfn=(494)
calls=1 -30 
* 619
+1 3
-1 1
+1 1
cfn=(494)
calls=1 -31 
* 619
+1 3
-1 1
+1 1
cfn=(494)
calls=1 -32 
* 605
+1 3
-1 1
+1 1
cfn=(494)
calls=1 -33 
* 597
+5 1
+1 1
+1 1
+1 1
+1 7

fn=(12)
42 1
+1 2
+1 2
+1 2
+1 2
+1 1

fl=(54)
fn=(174)
68 234
+1 78
cfi=(32)
cfn=(90)
calls=39 +39 
* 1463
* 78
+3 39
+2 78
+6 39
-6 78
+1 141
cfi=(32)
cfn=(90)
calls=47 +33 
* 1833
* 94
+8 8
-13 8
+13 55
-1 31
+1 93

fn=(224)
36 2
+3 1
-3 6
+3 1
-3 1
+3 1
cfi=(55)
cfn=(178)
calls=1 -11 
* 19
+1 2
+23 7
-21 4
cfi=(58)
cfn=(190)
calls=1 -13 
* 15
* 2
+2 2
+3 2
+13 2
cfi=(64)
cfn=(204)
calls=1 -35 
* 6
* 1
-11 6
cfi=(60)
cfn=(194)
calls=1 -2 
* 9
* 2

ob=(3)
fl=(194) ./stdlib/../stdlib/strtol_l.c
fn=(690) ____strtol_l_internal
225 4646343
+54 1548781
-54 6195124
+19 1548781
-19 4646343
+14 1548781
-14 1548781
+26 3097562
+31 6195124
+9 9292686
+2 3097562
+5 3097562
-1 1548781
+6 3097562
+4 3097562
+10 3097562
+10 6195124
-82 3097562
377 1548781
+56 6195124
309 1548781
449 1548781
+10 4646343
-10 1548781
+10 1548781
+12 3097562
-5 5800843
+5 5800843
+1 17402529
-41 11601686
+2 20105810
+2 17402529
+28 17402529
+3 11601686
+11 3097562
+5 4646343
+1 1548781
+5 3097562
324 3097562
491 4646343
-2 3097562
+17 7743905
+18 12390248

fl=(211) ./stdio-common/./stdio-common/_itoa.c
fn=(800) _itoa_word
163 152
+3 304
+2 152
+9 2014
+9 152

fl=(184)
fn=(650)
25 10952227
+4 842479
+1 1684958
-1 1684958
+1 842479
-1 842479
+1 842479
-1 842479
+1 842479
-1 842479
+1 842479
cfi=(185) ./stdio-common/./stdio-common/vfscanf-internal.c
cfn=(652) __vfscanf_internal
calls=842479 278 
* 1367310251
+4 4212395

fl=(207) ./io/../sysdeps/unix/sysv/linux/write.c
fn=(786) write
25 59
+1 413
+1 59

fl=(87)
fn=(302)
29 1
fi=(88) ./wcsmbs/../sysdeps/x86_64/multiarch/ifunc-wcslen.h
+5 4
-1 2
+2 3
+2 2
+4 3
+3 3
fe=(87)
-15 1

fl=(99)
fn=(332)
30 1
fi=(95) ./wcsmbs/../sysdeps/x86_64/multiarch/ifunc-avx2.h
+3 5
-1 2
+2 3
+2 2
+4 3
+3 4
fe=(99)
-13 1

fl=(177)
fn=(674)
3287 13691058
+7 4563686
1343 4563686
+19 9127372
3306 9127372
+3 4563686
+10 1079643
+28 1799405
1362 2238403
3304 6715209
+7 6845523
3193 3843924
+1 3843924
+2 1921962
+1 1921962
-1 5765886
+1 1921962
+1 1921962
3347 9609810
-26 1439524
cfn=(632) _int_malloc
calls=359881 1343 
* 76212394
+1 1799405
fi=(178) ./malloc/./malloc/arena.c
162 719762
fe=(177)

fn=(806) unlink_chunk.constprop.0
1626 166980
+2 834900
+3 333960
+1 166980
-1 500940
+3 667920
+3 166980
+1 166980
+1 335655
+24 333960

fn=(774) malloc_consolidate
4715 74
+17 74
-17 296
+28 74
-28 222
+15 74
+2 74
+13 148
+1 148
-1 1332
+1 1332
+62 2220
+1 592
-31 342708
+4 232150
+2 116075
+1 232150
+1 232150
+2 232150
-4 55279
+1 110558
+1 110558
+2 110558
+1 2660
+4 1330
+2 1330
-2 2660
+3 1330
+9 2660
-12 170024
+2 170024
-2 340048
+3 170024
+9 511393
-56 342708
+4 514062
+1 685416
+8 171354
-3 342708
+3 171354
-3 171354
+4 171354
-4 171354
+5 171354
-5 171354
+5 342708
+2 342708
+1 56050
+2 56050
-1 56050
+2 224200
+2 336300
cfn=(806)
calls=56050 1626 
* 1233961
* 224200
+3 342708
+4 55279
+1 165837
+16 55279
-16 55279
cfn=(806)
calls=55279 1626 
* 1216972
* 165837

fn=(766) _int_free
4421 17537672
+10 2192209
-10 6576627
+10 4384418
+6 10961045
+1 4384418
+4 8768836
+8 10961045
-1 4384418
+1 4384418
+29 2192209
-20 2192209
-6 2192209
+6 4384418
+20 8768836
+14 1560618
+11 3121236
+2 2340927
2012 2340927
4527 780309
+1 780309
+4 2340927
+2 2340927
+4 1560618
+2 3121236
+1 780309
+19 3119300
4702 24114299
3181 1411900
+4 1411900
-4 1411900
+2 5647600
+1 1411900
+1 1411900
4482 1411900

fn=(630) tcache_init.part.0
3235 3
+9 8
+1 3
cfn=(632)
calls=1 1343 
* 367
* 1
+1 2
+8 4
+7 2
+2 1
+1 2
-1 1
+1 86
+3 4

fn=(634) sysmalloc
2548 612
+20 272
+11 136
+1 204
+26 68
+1 204
+1 68
+9 540
+6 204
+3 204
2941 136
+1 68
+5 136
+3 136
+5 136
-2 68
+2 68
-1 68
+1 68
-3 68
+3 68
+1 68
-1 204
+1 68
+2 136
+6 748
2687 136
+9 272
+13 204
+8 340
+8 136
+21 28
+6 49
cfn=(808) sysmalloc_mmap_fallback.constprop.0
calls=7 2508 
* 369
+2 14
-2 7
+2 7
+4 7
+14 21
-10 14
+2 136
+2 204
+6 268
+1 60
2946 60
2773 180
+2 16
+92 14
-65 7
+84 14
+10 8
-1 8
+1 24
+1 8
+11 16
+7 14
+1 21
+8 7
+2 7
+5 14
fi=(178)
565 68
fe=(177)
2727 68
cfi=(180) ./malloc/./malloc/morecore.c
cfn=(638) __glibc_morecore
calls=68 25 
* 2966
+1 136
-1 68
+1 68
2028 61
2729 61
2028 61
2729 61
2028 122
2730 68
+3 136
+33 122
2610 122
2775 2
+40 3
+22 1
+1 1
-1 1
+1 6
+2 2
+1 3
cfi=(180)
cfn=(638)
calls=1 25 
* 28
+12 2
-12 1
+12 1
2028 4
2897 4
2765 2
-36 14
-16 3

fn=(762)
3352 2192209
+4 4384418
-4 2192209
+14 2192209
-14 4384418
+12 2192209
+4 2192209
-4 2192209
+4 4384418
+17 6576627
fi=(178)
162 6576627
fe=(177)
3391 4384418
cfn=(766)
calls=2192209 4421 
* 156685929
+3 2192209
+1 8768836

fn=(620)
3624 4
+10 2
-10 8
+10 16
+8 4
+3 6
+2 6
+32 6
cfn=(632)
calls=2 1343 
* 454
+2 10
fi=(178)
162 6
fe=(177)
3681 4
+3 6
+14 4
+11 2
+5 2
-2 4
-3 2
+12 8
-20 8
+31 2
+2 4
+2 4
fi=(178)
315 1
cfn=(624) ptmalloc_init.part.0
calls=1 -2 
* 1128
* 1
fe=(177)
3657 2
+1 6
+7 2
+97 2
-25 4
+25 8
-25 2
cob=(2)
cfi=(51)
cfn=(644)
calls=2 0 
* 134534
3241 4
cfn=(630)
calls=1 -6 
* 484
* 1

fn=(632)
1343 719768
3771 359884
1362 359884
3771 2879072
1362 719768
3811 8718
+27 8718
+66 286688
+2 286688
-2 286688
+2 573376
+2 301
+1 602
+6 301
-4 301
+1 301
+1 301
+2 602
+7 1204
-1 602
+1 602
3181 301
3927 301
3183 301
3927 301
3181 301
3927 7155
+1 4176
+4 2084
+1 2084
+1 4168
3181 2084
3936 2084
3185 2084
3937 2084
3181 2084
+2 10420
-6 2084
+9 2084
-9 2084
+8 2084
+1 2084
1362 711050
3811 711050
4397 711050
3838 711050
+63 10
+62 147
+1 12
+1 4359
3838 8718
1362 4359
3843 8718
+2 8718
+2 146384
-6 73192
+9 73192
+1 73192
-1 146384
+1 365960
+5 146384
+1 146384
+7 73192
-1 146384
+1 365960
+5 73192
+1 73192
3183 73192
3870 73192
+5 2539920
3181 1015968
+2 507984
+2 507984
-2 1015968
+2 507984
-8 507984
+8 507984
3869 507984
+1 2542512
+2 1015968
+2 507984
+1 507984
-1 1015968
-21 1066560
-10 355520
+2 1571101
4399 572774
3903 286387
4399 3723031
3983 286387
+1 286387
-1 572774
-1 572774
+2 572774
-1 4
+1 4
-1 8
-1 8
+2 8
-2 859170
+12 286390
-6 286390
+73 1145560
-67 859171
-6 1
+73 4
-67 225
4158 25483
-91 25483
+91 50966
-91 25483
-74 25483
3181 25483
4067 25483
3181 50966
4025 50966
3183 50966
3997 101932
+1 25483
+2 50966
-3 240052
+1 60013
+2 120026
+1 256488
+2 85496
+1 341984
+2 341984
-10 85496
+12 170992
+1 170992
+2 170992
+11 341984
+31 79877
+1 79877
+4 159754
+29 141550
+2 140020
+1 210030
+1 70010
-1 70010
+57 70010
+2 140020
-2 140020
+2 70010
+7 70010
-9 210030
+9 70010
-7 70010
+1 70010
+1 70010
+6 140020
-10 765
+2 1530
-2 1530
+2 765
+7 765
-9 2295
+9 765
-7 765
+1 765
+1 765
+6 1530
3994 18204
2005 219576
4413 3238956
2005 301
3944 301
2005 602
4060 9102
+1 9102
-1 9102
+1 18204
+5 9102
-21 9102
+21 9102
+1 36408
+28 3870
+1 2295
+1 765
-1 765
+4 1530
+5 729
-2 1458
+2 2187
+1 1458
+7 8
-1 32
+2 24
+52 212325
3994 212316
4183 543488
+2 12
+3 4
-3 4
+3 8
+68 543488
+1 271744
+1 271744
-1 271744
+1 271744
+1 543488
+1 815232
+5 697954
+16 40300
+2 80600
-4 213486
+8 66443
+3 132886
+2 10792
+1 10792
+1 10792
-2 43168
-27 10792
3181 9102
+2 9102
+2 9102
-4 9102
+2 36408
4071 9102
3184 9102
+1 9102
4071 9102
3963 4
4144 108
4023 50960
+1 50942
+5 5619
-1 11238
+3 5619
-1 5619
+1 11238
+1 5619
+1 11238
+6 5619
+6 5619
-6 39333
+2 16857
+1 5619
2005 16857
4269 648285
+3 864364
-3 648267
+3 864356
-3 432178
+3 648261
+97 216093
+1 432186
+2 432186
+3 648563
+17 426
+2 148
cfn=(774)
calls=74 4715 
* 11168269
+3 74
-1 222
+1 74
-1 74
3904 3
4118 3605
+3 158
+1 474
-3 1758
+6 721
+6 24
+2 24
+2 8
+1 24
+2 8
+1 16
-1 713
+1 1426
-11 1426
4299 166953
+3 111302
+2 55651
+3 111302
-3 55651
+3 111302
cfn=(806)
calls=55651 1626 
* 1224322
+3 222604
+15 39706
-5 19853
+5 39706
+1 39706
+3 19853
+1 19853
+1 19853
+3 39706
+1 19853
+1 39706
+5 158824
+2 59559
+1 19853
2005 19853
4347 19853
2005 75504
4347 35798
2005 71596
4272 2
+2 8
+1 4
+38 35798
-1 35798
+1 71596
3193 27306
+1 18204
+2 36408
+1 9102
+1 9102
4174 9102
4380 215951
-2 431902
+2 215951
-1 215951
+6 215951
-5 215951
-3 215951
+3 215951
+2 215951
-2 863804
2005 215951
4382 215951
2005 431902
4407 272
cfn=(634)
calls=68 2548 
* 11712
* 68
+1 136
2005 204

fn=(808)
2508 49
+4 7
-4 14
+7 14
+1 5
+3 14
+5 7
-1 14
+3 56
cfi=(212) ./misc/../sysdeps/unix/sysv/linux/mmap64.c
cfn=(810) mmap
calls=7 47 
* 63
* 7
+3 14
+4 14
+7 7
+2 7
+2 49
2028 28

fl=(189) ./libio/./libio/filedoalloc.c
fn=(664) _IO_file_doallocate
78 18
+6 8
fi=(200) ./libio/./libio/libioP.h
940 6
+2 4
+1 4
fe=(189)
84 6
cfi=(188) ./libio/./libio/fileops.c
cfn=(666) _IO_file_stat
calls=2 1146 
* 36
* 4
+2 8
+11 8
+4 4
cob=(2)
cfi=(51)
cfn=(672)
calls=2 0 
* 374
* 2
+1 4
+2 8
cfi=(187) ./libio/./libio/genops.c
cfn=(678) _IO_setb
calls=2 329 
* 48
+1 2
+1 16

fl=(188)
fn=(718) _IO_file_overflow@@GLIBC_2.2.5
731 300
+1 240
+7 298
+37 59
-2 120
+3 18
+3 27
+1 27
+1 18
+4 9
+1 36
-45 2
+12 2
+9 3
+5 3
+2 2
-3 2
+3 1
+1 1
-6 1
+1 1
+5 4
+16 51
-12 51
+1 51
+11 102
-12 51
cfn=(720) _IO_do_write@@GLIBC_2.2.5
calls=51 423 
* 5505
+3 27
+2 18
-2 27
cfn=(720)
calls=9 423 
* 990
* 18
-34 2
cfi=(187)
cfn=(662) _IO_doallocbuf
calls=1 343 
* 306
+1 1
+9 1
-9 5

fn=(666)
1146 2
+1 4
cfi=(190) ./io/../sysdeps/unix/sysv/linux/fstat64.c
cfn=(668) fstat
calls=2 29 
* 30

fn=(716) _IO_file_xsputn@@GLIBC_2.2.5
1197 122460
+7 24492
-7 73476
+6 97892
+9 48908
-2 97816
+17 73362
+1 24447
+3 73341
+2 24447
+2 24447
+2 48894
-2 24447
+1 24447
+1 24447
-2 24447
cob=(2)
cfi=(51)
cfn=(736)
calls=24447 0 
* 416358
* 24447
+4 48894
+28 220428
-36 7
+12 7
fi=(200)
940 21
+2 14
+1 14
fe=(188)
1243 43
fi=(200)
940 129
+2 86
+1 86
fe=(188)
1243 150
cfn=(718)
calls=50 731 
* 6879
* 100
+6 100
+1 350
+2 100
+11 150
+1 200
cfi=(187)
cfn=(722) _IO_default_xsputn
calls=50 371 
* 3741
+2 150

fn=(902) _IO_file_sync@@GLIBC_2.2.5
792 10
+5 8
+2 2
+1 4
+11 4
+4 8

fn=(660) _IO_file_underflow@@GLIBC_2.2.5
461 4023
+4 12069
-4 32184
+7 8046
+6 12069
+3 8046
+12 8044
+9 8046
fi=(200)
940 4023
+2 4023
-2 4023
fe=(188)
505 8046
cfi=(187)
cfn=(680) _IO_switch_to_get_mode
calls=4023 164 
* 100575
+6 4023
+5 4023
-5 4023
fi=(200)
942 8046
fe=(188)
511 4023
fi=(200)
942 4023
fe=(188)
511 12069
fi=(200)
943 8046
fe=(188)
516 16092
cfn=(682) _IO_file_read
calls=4023 1130 
* 56322
+2 8046
+16 4022
-9 4022
+9 8044
+2 8044
+1 32176
-6 1
-10 5
+11 1
-11 2
+16 8
-57 3
+5 2
cfi=(187)
cfn=(662)
calls=1 343 
* 306
+4 4

fn=(682)
1130 4023
+1 4023
+2 4023
-1 4023
+1 8046
cfi=(192) ./io/../sysdeps/unix/sysv/linux/read.c
cfn=(684) read
calls=4023 25 
* 32184

fn=(784) _IO_file_write@@GLIBC_2.2.5
1173 413
+2 354
+5 59
cfi=(207)
cfn=(786)
calls=59 25 
* 531
+1 118
+5 59
+1 59
-12 118
+4 177
+1 118
+10 177
+3 354
-4 177

fn=(898) _IO_file_setbuf@@GLIBC_2.2.5
381 6
+1 2
cfi=(187)
cfn=(900) _IO_default_setbuf
calls=2 +70 
* 138
* 4
+3 2
+4 4
-2 6
+3 4

fn=(720)
423 60
+2 180
+1 1
-3 59
fi=(200)
940 59
fe=(188)
423 118
fi=(200)
940 59
fe=(188)
423 59
fi=(200)
940 118
fe=(188)
423 295
+20 59
-10 118
+7 236
fi=(200)
942 118
+1 118
fe=(188)
448 236
cfn=(784)
calls=59 1173 
* 2714
* 59
+1 295
+2 59
+4 118
-3 118
-1 118
+4 177
-2 59
-28 236
+1 472
+28 177

fl=(210)
fn=(798)
51 152
+2 152
+1 152
+1 152
+1 152
+1 152
+3 152
+1 152
+4 152
+1 152
+1 152
+1 152
+1 152
+1 152
+1 152
+1 152
+6 152
+1 304

fl=(165) ./misc/./misc/init-misc.c
fn=(564) __init_misc
30 1
+1 2
-1 4
+1 3
+2 3
cob=(2)
cfi=(51)
cfn=(566)
calls=1 -33 
* 54
+4 5
+1 3
+2 4

fl=(181) ./misc/./misc/sbrk.c
fn=(640) sbrk
37 138
+6 69
-6 69
+3 69
-3 138
+3 69
+3 69
+20 1
+15 310
-20 138
+1 2
cfi=(182) ./misc/../sysdeps/unix/sysv/linux/brk.c
cfn=(642) brk
calls=1 -24 
* 9
* 2
+4 1
-1 138
+4 272
+8 68
cfi=(182)
cfn=(642)
calls=68 -39 
* 626
* 136
-14 7
+18 35

fl=(164)
fn=(562)
46 4
+5 2
+4 5
+8 1
-2 1
+10 1
-9 1
+1 1
+9 2
-1 1
cfi=(165)
cfn=(564)
calls=1 -41 
* 79

fl=(154)
fn=(506)
33 7
+2 1
cfi=(155) ./ctype/./ctype/ctype-info.c
cfn=(508) __ctype_init
calls=1 -6 
* 17
+3 1
fi=(157) ./elf/../sysdeps/nptl/pthread_early_init.h
-5 2
fe=(154)
+8 1
-3 1
fi=(157)
-5 1
cfi=(156) ./resource/../sysdeps/unix/sysv/linux/getrlimit64.c
cfn=(510) getrlimit
calls=1 +5 
* 10
* 3
+1 6
+11 1
fi=(228) ./elf/../nptl/nptl-stack.h
+13 3
fi=(157)
-13 1
fi=(228)
+13 2
fi=(157)
-4 1
fi=(228)
+4 2
fi=(157)
-6 1
fi=(228)
+6 1
fi=(157)
-12 1
+6 6
+1 1
+4 1
cfi=(158) ./nptl/./nptl/pthread_mutex_conf.c
cfn=(514) __pthread_tunables_init
calls=1 -7 
* 928
fe=(154)
-10 3
+2 2
-2 1
cfi=(161) ./nptl/../sysdeps/unix/sysv/linux/x86/elision-conf.c
cfn=(528) __lll_elision_init
calls=1 +49 
* 147

fl=(128)
fn=(408)
31 1
fi=(124) ./string/../sysdeps/x86_64/multiarch/ifunc-evex.h
+4 5
-1 2
+2 3
+5 2
-3 2
+9 3
+3 4
fe=(128)
-19 1

fl=(118)
fn=(380)
29 2
fi=(84) ./string/../sysdeps/x86_64/multiarch/ifunc-avx2.h
+4 10
-1 4
+2 6
+2 4
+4 6
+3 8
fe=(118)
-14 2

fl=(100)
fn=(336)
31 1
fi=(101) ./string/../sysdeps/x86_64/multiarch/ifunc-strcpy.h
+5 2
+1 1
-1 2
+1 2
+2 2
+4 3
+3 3
fe=(100)
-15 1

fl=(196)
fn=(702)
50 26316
+13 26316
+1 26316
+1 26316
+3 26316
+2 26316
+1 26316
+3 26316
+1 26316
+8 26316
+1 26316
+1 26316
+5 52632

fl=(166)
fn=(568)
46 1
+1 1
+1 1
+2 1
+1 1
+3 1
+1 1
+1 1
+33 1
+1 1
+1 1
+1 1
+1 1
+1 1
+1 1
+1 1
+1 1
+1 1
+3 1
+1 1
+9 1
+1 1
+3 1
+1 2
+4 1
+1 1
+1 1
+1 1
+1 1
+1 1
+1 1
+1 1
+32 1
+1 1
+2 1
+1 1
+1 1
+1 1
+6 1
+1 1
+2 2
+5 1
+1 1
+1 1
+15 1
+1 1
+1 1
+1 1
+1 1
+2 1

fl=(167)
fn=(570)
83 1
+1 4
+1 3
+1 3
+2 1

fl=(174) ./setjmp/../sysdeps/x86_64/setjmp.S
fn=(612) __sigsetjmp
30 1
+2 1
+9 1
+1 2
+1 1
+4 1
+1 1
+1 1
+1 1
+1 1
+2 2
+2 1
+1 1
+1 1
+2 2
+2 1
+5 1
+1 1
+17 1
cfi=(175) ./setjmp/./setjmp/sigjmp.c
cfn=(614) __sigjmp_save
calls=1 -56 
* 9

fl=(127)
fn=(406)
31 1
fi=(229) ./string/../sysdeps/x86_64/multiarch/ifunc-strcasecmp.h
+1 5
fe=(127)
-1 1

fl=(102)
fn=(340)
31 2
fi=(103) ./wcsmbs/../sysdeps/x86_64/multiarch/ifunc-evex.h
+4 10
-1 4
+2 6
+5 4
-3 4
+9 6
+3 8
fe=(102)
-19 2

fl=(209) ./stdio-common/./stdio-common/vfprintf-internal.c
fn=(794) __vfprintf_internal
1180 456
+30 190
+8 114
+4 190
+11 76
+11 38
fi=(230) ./stdio-common/./stdio-common/printf-parse.h
111 76
fe=(209)
1244 190
fi=(230)
111 38
cob=(2)
cfi=(51)
cfn=(796)
calls=38 0 
* 798
fe=(209)
1259 38
fi=(230)
111 38
fe=(209)
1259 114
239 38
fi=(231) ./stdio-common/../libio/libioP.h
940 38
fe=(209)
1263 38
fi=(231)
942 38
-2 38
fe=(209)
1263 38
fi=(231)
940 76
+2 76
+1 76
fe=(209)
239 152
cfi=(188)
cfn=(716)
calls=38 1197 
* 760
* 76
127 342
1263 76
+4 114
+4 304
1532 38
1214 38
+34 38
-8 38
1532 114
+23 38
-39 38
+39 38
-39 38
+39 76
1313 1710
+39 114
-51 114
-1 114
-1 114
-1 114
+5 114
1501 114
fi=(230)
88 114
fe=(209)
1352 114
-46 114
-4 114
+50 114
1501 114
1295 114
-1 114
-1 114
-1 114
-1 114
+16 228
1608 76
+1 76
+3 456
-4 342
1218 76
+41 152
cfi=(186) ./nptl/./nptl/libc-cleanup.c
cfn=(654) __libc_cleanup_push_defer
calls=38 24 
* 380
+1 494
-1 76
1609 76
cfi=(186)
cfn=(692) __libc_cleanup_pop_restore
calls=38 39 
* 304
+2 38
-47 38
-47 836
-1 988
cfi=(211)
cfn=(800)
calls=76 163 
* 2774
* 2356
192 152
+47 76
fi=(231)
942 228
+1 152
fe=(209)
239 304
cfi=(188)
cfn=(716)
calls=76 1197 
* 5112
* 152
127 1254
1517 228
-54 76
+53 152
+73 114
fi=(230)
111 114
fe=(209)
1583 114
fi=(230)
111 228
cob=(2)
cfi=(51)
cfn=(796)
calls=114 0 
* 2394
fe=(209)
239 114
fi=(231)
942 114
fe=(209)
1593 114
fi=(230)
111 114
fi=(231)
942 114
fe=(209)
1593 114
fi=(231)
942 114
+1 228
fe=(209)
239 456
cfi=(188)
cfn=(716)
calls=114 1197 
* 7524
* 228
127 1482
1593 228
+2 266
-79 1520
192 152
1392 152
1516 608
+1 76
cob=(2)
cfi=(51)
cfn=(714)
calls=38 0 
* 608
* 76
-1 760
239 38
fi=(231)
942 114
+1 76
fe=(209)
239 152
cfi=(188)
cfn=(716)
calls=38 1197 
* 2394
* 76
127 228
1516 152

fl=(91)
fn=(310)
29 1
fi=(88)
+5 4
-1 2
+2 3
+2 2
+4 3
+3 3
fe=(91)
-15 1

fl=(106)
fn=(348)
29 1
fi=(232) ./string/../sysdeps/x86_64/multiarch/ifunc-sse4_2.h
+1 5
fe=(106)
-1 1

fl=(125)
fn=(400)
29 1
fi=(232)
+1 5
fe=(125)
-1 1

fl=(161)
fn=(528)
96 2
+5 1
-5 1
+5 1
-5 3
+5 3
cob=(2)
cfi=(51)
cfn=(516)
calls=1 0 
* 22
+2 4
cob=(2)
cfi=(51)
cfn=(516)
calls=1 0 
* 22
+2 4
cob=(2)
cfi=(51)
cfn=(516)
calls=1 0 
* 22
+2 4
cob=(2)
cfi=(51)
cfn=(516)
calls=1 0 
* 22
+2 4
cob=(2)
cfi=(51)
cfn=(516)
calls=1 0 
* 22
+4 3
+1 1
+1 6

fl=(216)
fn=(820)
77 1
+3 3
+2 1
+2 2
-7 2
+11 2
+79 1
+3 1
+2 1
+3 1
+2 1
+1 3
-81 2
+11 4
+4 1
+3 2
-71 1
+1 8
+1 1
+84 3
+1 2

fl=(119)
fn=(384)
29 1
fi=(101)
+7 2
+1 1
-1 2
+1 2
+2 2
+4 3
+3 3
fe=(119)
-17 1

fl=(158)
fn=(514)
50 2
+1 2
-1 4
+1 3
cob=(2)
cfi=(51)
cfn=(516)
calls=1 -51 
* 884
+2 4
cob=(2)
cfi=(51)
cfn=(516)
calls=1 -53 
* 23
+2 6

fl=(186)
fn=(654)
24 842519
+3 1685038
+3 3370076
+1 842519
+2 842519
+1 842519

fn=(692)
39 842519
+3 1685038
+2 1685038
+1 1685038
+2 842519

fl=(212)
fn=(810)
47 14
+3 14
+8 28
+2 7

fl=(198)
fn=(708)
34 7348872
+3 2449624
+1 7348563
+5 6123957
-5 103
cfi=(187)
cfn=(656) __uflow
calls=103 299 
* 16686

fl=(85)
fn=(298)
29 1
fi=(232)
+1 5
fe=(85)
-1 1

fl=(107)
fn=(350)
43 1
-6 5
+6 1

fl=(178)
fn=(624)
313 1
fi=(177)
3162 3
fe=(178)
313 5
+5 1
fi=(177)
3162 2
cfi=(179) ./stdlib/../sysdeps/unix/sysv/linux/getrandom.c
cfn=(626) getrandom
calls=1 28 
* 9
* 2
fe=(178)
343 2
+4 3
fi=(177)
1966 4
+3 1
-3 1
+3 2
-3 2
+3 126
-3 126
+3 252
-3 252
fe=(178)
352 3
fi=(177)
1977 1
+1 1
+2 1
fe=(178)
352 1
cob=(2)
cfi=(51)
cfn=(516)
calls=1 0 
* 23
+1 4
cob=(2)
cfi=(51)
cfn=(516)
calls=1 0 
* 22
+1 4
cob=(2)
cfi=(51)
cfn=(516)
calls=1 0 
* 23
+1 4
cob=(2)
cfi=(51)
cfn=(516)
calls=1 0 
* 23
+1 4
cob=(2)
cfi=(51)
cfn=(516)
calls=1 0 
* 22
+1 4
cob=(2)
cfi=(51)
cfn=(516)
calls=1 0 
* 23
+1 4
cob=(2)
cfi=(51)
cfn=(516)
calls=1 0 
* 23
+2 4
cob=(2)
cfi=(51)
cfn=(516)
calls=1 0 
* 23
+1 4
cob=(2)
cfi=(51)
cfn=(516)
calls=1 0 
* 23
+1 4
cob=(2)
cfi=(51)
cfn=(516)
calls=1 0 
* 23
+3 4
cob=(2)
cfi=(51)
cfn=(516)
calls=1 0 
* 23
+1 4
cob=(2)
cfi=(51)
cfn=(516)
calls=1 0 
* 23
+1 2
+63 7

fl=(183)
fn=(646)
181 2
+1 6
+5 2
+1 2
+1 2
+1 2
+69 2
+1 2
+88 2
+1 2
+1 2
+1 134498
+1 2
+1 4

fl=(182)
fn=(642)
35 69
+1 276
+1 138
+6 62
+1 62
-5 14
+1 14

fl=(120)
fn=(388)
29 1
fi=(121) ./wcsmbs/../sysdeps/x86_64/multiarch/ifunc-memcmp.h
+5 2
+1 1
-1 2
+1 2
+1 2
+1 3
+2 2
+4 3
+3 3
fe=(120)
-17 1

fl=(171) ./stdlib/./stdlib/cxa_atexit.c
fn=(588) __cxa_atexit
69 9
-28 2
+2 6
+1 2
cfn=(590) __new_exitfn
calls=1 +38 
* 32
+2 2
+10 1
+2 1
-5 3
+3 1
-1 1
+4 2
+1 1
-1 2
+12 6

fn=(590)
82 1
+6 2
-6 4
+11 4
-10 2
+12 4
-2 1
+10 1
-10 3
+45 1
+5 1
-4 1
+4 4
-18 1
-1 1
+1 1

fl=(94)
fn=(318)
31 2
fi=(95)
+2 10
-1 4
+2 6
+2 4
+4 6
+3 8
fe=(94)
-12 2

fl=(187)
fn=(656)
299 20115
+1 12069
+5 12069
+3 4023
173 4023
308 8046
+2 8046
+6 8046
+7 4023
fi=(200)
940 12069
+2 8046
+1 8046
fe=(187)
323 4023
+1 4023
-1 4023
+1 8046
-1 4023
cfn=(658) _IO_default_uflow
calls=4023 +38 
* 499164
-23 8046
+21 12069

fn=(892) _IO_flush_all_lockp
686 12
+5 6
cfi=(186)
cfn=(654)
calls=1 24 
* 10
+1 9
+3 1
-8 1
+5 2
+3 2
fi=(200)
940 4
fe=(187)
706 1
fi=(200)
942 2
+1 2
fe=(187)
706 3
cfi=(188)
cfn=(718)
calls=1 +25 
* 133
+1 3
+2 6
+2 3
-16 9
+2 3
+1 6
+3 20
+14 9
+1 2
cfi=(186)
cfn=(692)
calls=1 39 
* 8
+4 12

fn=(900)
452 4
fi=(200)
940 2
fe=(187)
452 4
fi=(200)
940 2
fe=(187)
452 2
fi=(200)
940 2
fe=(187)
452 8
+1 2
fi=(200)
942 4
+1 4
fe=(187)
453 4
cfi=(188)
cfn=(902)
calls=2 792 
* 36
* 4
+4 2
330 2
462 2
-7 4
332 4
+5 2
-5 2
+5 2
467 2
332 2
466 8
+2 12
-11 2
+1 4
-1 2
330 8

fn=(686) _IO_sputbackc
635 23912570
+3 14347542
+1 9565028
+9 4782514
+3 19130056
-10 9565028
+1 4782514
+5 4782514

fn=(780) __overflow
199 27
+2 27
+2 9
fi=(200)
940 27
+2 18
+1 18
fe=(187)
203 9
+1 18
-1 9
cfi=(188)
cfn=(718)
calls=9 731 
* 1368

fn=(890) _IO_cleanup
863 2
+3 1
-3 9
-77 1
+80 1
cfn=(892)
calls=1 686 
* 269
-80 2
+80 1
-80 3
cfi=(186)
cfn=(654)
calls=1 24 
* 10
+1 9
+3 1
-3 2
+3 2
fi=(200)
940 4
fe=(187)
838 3
-48 9
+9 9
+2 6
+6 26
+8 10
+9 2
fi=(200)
942 4
+1 4
fe=(187)
824 8
cfi=(188)
cfn=(898)
calls=2 381 
* 166
+2 6
+4 10
+1 16
+11 9
+1 2
cfi=(186)
cfn=(692)
calls=1 39 
* 8
+35 12
-59 2
-2 2
+3 2
-3 2
+2 6

fn=(662)
343 2
+1 4
-1 6
+3 8
+1 2
fi=(200)
940 6
+2 4
+1 4
fe=(187)
347 4
cfi=(189)
cfn=(664)
calls=2 78 
* 560
* 4
+3 8

fn=(678)
329 18
+1 8
+5 4
-3 2
+3 8
+3 8

fn=(680)
164 20115
+1 12069
+3 12069
+4 8046
+1 8046
+7 4023
-4 4023
+4 4023
-2 8046
+3 4023
+1 16092

fn=(658)
361 8046
fi=(200)
940 8046
fe=(187)
361 4023
fi=(200)
940 4023
fe=(187)
361 8046
+1 4023
fi=(200)
942 8046
+1 8046
fe=(187)
362 8046
cfi=(188)
cfn=(660)
calls=4023 +99 
* 398593
+1 8046
+2 16088
+1 16092

fn=(722)
371 50
+3 100
-3 400
fi=(200)
940 50
fe=(187)
371 50
fi=(200)
940 50
fe=(187)
371 50
fi=(200)
940 50
fe=(187)
371 100
+18 100
+8 50
+2 100
-20 200
+2 150
+3 100
+20 50
-29 50
+29 350
-11 426
+1 10
-1 10
+1 252
-1 121
+1 74
-1 111
+1 260
-1 427

fl=(213) ./stdlib/./stdlib/exit.c
fn=(814) __run_exit_handlers
40 11
+5 2
+3 5
+50 1
-42 1
+2 3
+8 6
+2 1
+3 1
-3 1
+3 6
+34 1
+1 1
+1 1
-2 1
+7 1
-3 2
+3 3
+1 3
cob=(1)
cfi=(215)
cfn=(818)
calls=1 -82 
* 1131
+1 4
+10 2
+1 2
-63 1
+69 4
+2 2
+1 6
cfi=(187)
cfn=(890)
calls=1 863 
* 641
* 3
+2 2
cfi=(221) ./posix/../sysdeps/unix/sysv/linux/_exit.c
cfn=(904) _Exit
calls=1 27 
* 5
-90 1
cfi=(214) ./stdlib/./stdlib/cxa_thread_atexit_impl.c
cfn=(816) __call_tls_dtors
calls=1 149 
* 12
* 1

fn=(812) exit
142 3
+1 3
-1 1
+1 1
cfn=(814)
calls=1 40 
* 1868

fl=(89)
fn=(306)
29 1
fi=(90) ./string/../sysdeps/x86_64/multiarch/ifunc-memset.h
+21 5
+3 3
+7 2
+9 2
+2 2
+10 2
+8 2
+2 5
fe=(89)

fl=(97)
fn=(324)
28 1
fi=(84)
+5 5
-1 2
+2 3
+2 2
+4 3
+3 4
fe=(97)
-15 1

fl=(219) ./posix/./posix/register-atfork.c
fn=(834) __unregister_atfork
76 6
+1 3
-1 3
+1 9
fi=(220) ./posix/../malloc/dynarray-skeleton.c
243 3
fe=(219)
65 6
+38 12
+1 6

fl=(156)
fn=(510)
38 2
+1 7
+1 1

fl=(110)
fn=(358)
29 1
fi=(111) ./string/../sysdeps/x86_64/multiarch/ifunc-memcmp.h
+5 2
+1 1
-1 2
+1 2
+1 2
+1 3
+2 2
+4 3
+3 3
fe=(110)
-17 1

fl=(122)
fn=(392)
33 1
fi=(101)
+3 2
+1 1
-1 2
+1 2
+2 2
+4 3
+3 3
fe=(122)
-13 1

fl=(96)
fn=(322)
61 1
-20 2
+1 1
-1 2
-1 2
+2 2
+2 2
+4 3
+3 3
+10 1

fl=(116)
fn=(374)
29 1
fi=(101)
+7 2
+1 1
-1 2
+1 2
+2 2
+4 3
+3 3
fe=(116)
-17 1

fl=(201)
fn=(730)
83 20686902
+23 20686902
+1 20686902
+2 20686902
+1 20686902
+1 20686902
+1 20686902
+1 20686902
+2 19532258
+1 19532258
+1 19532258
+1 19532258
+1 19532258
+1 19532258
+1 19532258
+1 19532258
+18 19532258
+1 19532258
+1 19532258
+3 39064516
718 1154644
+1 1154644
+4 1154644
+11 1154644
+1 1154644
+1 1154644
+2 2309288
+10 1154644
+1 1154644
+2 790940
+1 790940
+1 790940
+1 790940
+1 790940
+1 790940
+1 790940
+15 363704
+1 363704
+1 363704
+1 363704
+1 363704
+1 363704
+1 363704
+1 363704
+1 363704

fl=(123)
fn=(396)
29 1
fi=(124)
+6 5
-1 2
+2 3
+5 2
-3 2
+9 3
+3 4
fe=(123)
-21 1

fl=(199)
fn=(712)
33 193808
+2 24226
cob=(2)
cfi=(51)
cfn=(714)
calls=24226 -35 
* 387616
+1 24226
-1 24226
+1 290712
+3 24226
-3 24226
+3 24226
-3 24226
+3 48452
-1 48450
+1 1
+1 1
fi=(200)
940 3
+2 2
+1 2
fe=(199)
40 24225
fi=(200)
940 72675
+2 48450
+1 48450
fe=(199)
40 72678
cfi=(188)
cfn=(716)
calls=24226 1197 
* 1538434
* 48452
+1 169555
+1 96868
fi=(200)
883 48434
fe=(199)
42 36
fi=(200)
883 18
+1 242260
fe=(199)
46 169582
-5 18
cfi=(187)
cfn=(780)
calls=9 199 
* 1530
* 18

fl=(175)
fn=(614)
28 3
+2 2
-1 1
+5 3

fl=(81)
fn=(290)
86 1
fi=(82) ./string/../sysdeps/x86/cacheinfo.h
-25 1
+3 3
+2 1
+1 1
-1 2
+7 3
+2 1
+1 1
-1 2
+5 2
+2 2
+1 2
+1 2
+2 2
fe=(81)
* 2

fl=(185)
fn=(652)
278 10952227
+10 4212395
+1 842479
fi=(195) ./stdio-common/../include/scratch_buffer.h
78 842479
fe=(185)
289 842479
fi=(195)
77 1684958
fe=(185)
339 842479
fi=(195)
77 842479
fe=(185)
339 3369916
+6 2527438
+3 3369916
+4 1684958
+13 842479
-6 842479
+8 1684958
-8 842479
+8 842479
+5 842479
-5 842479
+5 5054874
cfi=(186)
cfn=(654)
calls=842479 24 
* 8424790
* 2527437
+9 842479
-4 842479
+4 2527437
570 842479
284 842479
-1 842479
+10 842479
-11 842479
570 1684958
2429 3369916
328 1684958
+4 842479
-5 842479
-1 842479
-1 842479
-12 842479
2180 842479
2429 842479
2180 4212395
418 7880074
+24 7880074
+1 7880074
+3 7743895
-65 15760144
3015 4212390
222 4782516
+1 4782516
-1 2391258
488 2391258
222 2391258
488 4782516
222 2391258
488 4782516
345 1684956
+3 2
+24 9267269
482 2391258
+22 9565032
+25 2391258
-4 9565032
+7 23912580
+80 4782516
+5 2391258
-1 4782516
+1 4782516
+1 2527437
+3 7173774
+1 19130064
+6 23913522
+3 7970644
-3 3985322
+3 15942346
-3 529
+3 2116
-3 7971704
+3 6
+1 16738806
+1 11956287
+4 4782514
-4 4782514
cfi=(187)
cfn=(686)
calls=2391257 +2 
* 45433883
+4 19130056
-9 1060
cfi=(187)
cfn=(656)
calls=530 299 
* 86172
* 1064
3025 10952227
cfi=(186)
cfn=(692)
calls=842479 39 
* 6739832
fi=(195)
85 2527437
fe=(185)
3029 1684958
+17 1684956
+6 10109748
442 1548779
+6 3097558
618 6
3031 3
637 11
1398 15487810
+5 4646343
+9 9292686
1733 3097562
+9 1548781
fi=(195)
113 6195124
fe=(185)
1742 3097562
fi=(195)
113 4646343
fe=(185)
1740 39451401
260 11601686
1797 5800843
260 11601686
+3 17402529
1799 23203372
+2 52201751
-68 11598768
+68 1459
-68 2918
+2 14699248
+2 7743905
+67 3097562
206 1548781
1811 3097562
214 3097562
1812 3097562
+28 9292686
cfi=(187)
cfn=(686)
calls=1548781 635 
* 29426839
260 4646343
+3 4646343
1844 3097562
1669 1548781
206 1548781
1862 3097562
1669 3097562
1861 4646343
+1 1548781
cfi=(193) ./stdlib/../stdlib/strtol.c
cfn=(688) __strtol_internal
calls=1548781 97 
* 244959964
* 1548781
+6 4646343
+3 7743905
+6 1548781
-4 3097562
+4 3097562
+23 3097562
1390 1548781
-1 1548781
+2 1548781
1742 7743905
+59 2918
cfi=(187)
cfn=(656)
calls=1459 299 
* 236358
* 4377
1435 6195124
+3 6195124
637 842476
1017 4212385
+2 4212385
+2 6739810
+10 1684952
-10 842476
+10 2527428
+71 842476
-81 5897332
+81 842476
-81 2527428
1144 62819559
1031 15702476
1144 7851238
1031 15706338
1144 1931
1031 3862
1144 7010693
-45 15706338
+3 7853169
-1 15706338
+1 15706338
-1 15706338
+43 7724
cfi=(187)
cfn=(656)
calls=1931 299 
* 312822
* 9655
2943 1684952
+40 2527428
+2 1684952
+8 1684952
-10 842476
+8 1684952
1813 54512
+1 54512
+65 3097562
+17 15487810
2048 4212380
1033 2527428
cfi=(187)
cfn=(686)
calls=842476 635 
* 16007044
+1 842476
1881 3097562
+1 4646343
1023 6
-2 3
+1 1
-3 11794678

fl=(98)
fn=(328)
29 2
fi=(93) ./string/../sysdeps/x86_64/multiarch/ifunc-memmove.h
+24 6
-1 4
+4 6
+14 4
+2 4
+8 4
+8 4
+2 10
fe=(98)

fl=(191) ./io/../sysdeps/unix/sysv/linux/fstatat64.c
fn=(670) fstatat
153 4
-55 4
+70 6
+1 2

fl=(214)
fn=(816)
149 4
+1 4
+18 4

fl=(83)
fn=(294)
31 2
fi=(84)
+2 10
-1 4
+2 6
+2 4
+4 6
+3 8
fe=(83)
-12 2

fl=(112)
fn=(362)
31 2
fi=(113) ./wcsmbs/../sysdeps/x86_64/multiarch/ifunc-wmemset.h
+2 10
+1 6
+2 4
+8 6
+3 8
fe=(112)
-16 2

fl=(117)
fn=(378)
31 1
fi=(229)
+1 5
fe=(117)
-1 1

fl=(180)
fn=(638)
25 69
+1 138
-1 69
+4 69
cfi=(181)
cfn=(640)
calls=69 +8 
* 2366
+1 138
+4 124
-7 7
+7 14

fl=(190)
fn=(668)
29 4
+1 4
+5 6
cfi=(191)
cfn=(670)
calls=2 153 
* 16

fl=(92)
fn=(314)
29 1
fi=(93)
+24 3
-1 2
+4 3
+14 2
+2 2
+8 2
+8 2
+2 5
fe=(92)

fl=(221)
fn=(904)
27 2
+3 1
+1 2

fl=(104)
fn=(344)
66 1
-25 4
+1 3
+2 2
+5 3
+3 3
+14 1

fl=(114)
fn=(366)
29 1
fi=(84)
+4 5
-1 2
+2 3
+2 2
+4 3
+3 4
fe=(114)
-14 1

fl=(126)
fn=(402)
33 1
fi=(93)
+20 3
-1 2
+4 3
+14 2
+2 2
+8 2
+8 2
+2 5
fe=(126)

fl=(172) ./csu/../sysdeps/nptl/libc_start_call_main.h
fn=(608) (below main)
29 4
+15 1
-15 5
+15 1
cfi=(173) ./setjmp/../sysdeps/x86_64/bsd-_setjmp.S
cfn=(610) _setjmp
calls=1 -16 
* 34
* 1
+2 2
+5 2
+1 2
+3 2
+3 6
cob=(6)
cfi=(176)
cfn=(616)
calls=1 991 
* 5924288968
* 1
+16 1
cfi=(213)
cfn=(812)
calls=1 +68 
* 1876

fl=(208)
fn=(792)
25 418
+7 38
-4 76
+4 76
-4 38
+5 38
-1 38
+1 38
-5 38
+4 38
+1 38
-1 38
+1 38
cfi=(209)
cfn=(794)
calls=38 1180 
* 47900
+4 190

fl=(115)
fn=(370)
31 1
fi=(84)
+2 5
-1 2
+2 3
+2 2
+4 3
+3 4
fe=(115)
-12 1

fl=(86)
fn=(300)
65 2
-24 4
+1 2
-1 4
+1 4
+2 4
+5 6
+3 6
+13 2

fl=(108)
fn=(352)
29 1
fi=(101)
+7 2
+1 1
-1 2
+1 2
+2 2
+4 3
+3 3
fe=(108)
-17 1

fl=(217)
fn=(822)
367 1
51 3
+1 2
367 1
57 2
+8 1
-3 1
-23 1
+1 2
+30 1
369 2
40 3
+1 2
+33 2
+6 4
+4 3
+3 3

fl=(179)
fn=(626)
28 1
+1 7
+1 1

fl=(109)
fn=(356)
31 1
fi=(229)
+1 5
fe=(109)
-1 1

fl=(193)
fn=(688)
97 1548781
+1 4646343
cfi=(194)
cfn=(690)
calls=1548781 225 
* 238764840

fl=(173)
fn=(610)
28 1
+2 1
+2 1
cfi=(174)
cfn=(612)
calls=1 -2 
* 31

fl=(203)
fn=(738)
294 24447
+1 24447
+1 24447
+1 24447
+17 24447
+1 24447
+42 24447
+1 24447
+2 24427
+1 24427
+2 231
+4 231
+1 211
+1 211
+1 211
+1 211
+1 63
+1 63
+2 63
+2 63
-2 148
+2 148
+6 20
+1 20
+1 20
+1 20
+1 20
+7 20
+1 20
+1 20
+1 20
+2 20
+17 24196
+1 24196
+1 24196
+1 24196
+1 24196

fl=(192)
fn=(684)
25 4023
+1 24138
+1 4023

fl=(155)
fn=(508)
29 1
+2 7
+2 4
+2 4
+1 1

fl=(105)
fn=(346)
31 1
fi=(229)
+1 5
fe=(105)
-1 1

fl=(170)
fn=(586)
242 12
343 3
+1 3
cfi=(171)
cfn=(588)
calls=1 69 
* 71
+25 6
+6 2
-3 2
+10 2
cob=(2)
cfi=(51)
cfn=(602)
calls=1 0 
* 880
+2 2
+8 4
cfi=(172)
cfn=(608)
calls=1 29 
* 5924290906
128 2
+6 3
+1 6
cob=(2)
cfi=(51)
cfn=(592)
calls=1 0 
* 7
* 1
+3 1
+1 2
+3 2
+1 2
-1 1
+2 7
+1 4
cob=(6)
cfi=(169)
cfn=(596)
calls=1 0 
* 12
-1 4

fl=(218)
fn=(832)
30 6
+3 6
-3 21
+3 12
+3 9
+4 18
-4 9
+58 12
+4 18
-4 9
+11 6
+1 6
cfi=(219)
cfn=(834)
calls=3 -30 
* 48
+1 12
+1 24

ob=(5)
fl=(163)
fn=(556)
0 5

fn=(548)
0 12

fn=(852)
0 11
cob=(2)
cfi=(51)
cfn=(858)
calls=1 0 
0 74
0 10
cfn=(864) 0x0000000000001070
calls=1 0 
0 5
0 5

fn=(864)
0 5

ob=(4)
fl=(141)
fn=(450)
27 1
fi=(132) ./math/../sysdeps/x86_64/fpu/multiarch/ifunc-avx-fma4.h
+5 5
+1 2
fe=(141)
-6 1

fl=(134)
fn=(426)
34 1
fi=(132)
-2 5
+1 2
fe=(134)
+1 1

fn=(476)
27 1
fi=(132)
+5 5
+1 2
fe=(134)
-6 1

fl=(133)
fn=(422)
27 1
fi=(130) ./math/../sysdeps/x86_64/fpu/multiarch/ifunc-fma.h
+2 4
+1 3
fe=(133)
-3 1

fl=(144)
fn=(462)
49 6

fl=(205)
fn=(754)
23 16863410
+1 16863410
+1 16863410
+1 16863410
+1 16863410
+23 16863410

fl=(131)
fn=(418)
27 1
fi=(132)
+5 5
+1 2
fe=(131)
-6 1

fl=(146)
fn=(472)
26 1
fi=(132)
+6 5
+1 2
fe=(146)
-7 1

fl=(140)
fn=(446)
27 1
fi=(130)
+2 4
+1 3
fe=(140)
-3 1

fl=(143)
fn=(458)
26 1
fi=(130)
+3 4
+1 3
fe=(143)
-4 1

fl=(206)
fn=(758)
44 1460096
fi=(233) ./math/../sysdeps/ieee754/dbl-64/math_config.h
+23 1460096
fe=(206)
-28 1460096
+17 4380288
-17 1460096
+17 2920192
+28 4380288
+17 1460096
+37 1460096
-30 1460096
-4 1460096
-3 1460096
+37 1460096
-15 1460096
-19 1460096
-2 1460096
+1 1460096
+1 1460096
-2 1460096
+6 1460096
+15 1460096
-19 1460096
+16 5840384
-15 1460096
+15 1460096
-15 1460096
+15 1460096
-15 1460096
+15 2920192
fi=(233)
-41 1460096
fe=(206)
+41 1460096
+8 1460096
+10 1460096
-4 1460096
fi=(233)
-55 1460096
fe=(206)
+55 1460096
+4 1460096
fi=(233)
-59 1460096
fe=(206)
+59 1460096
fi=(233)
-59 1460096
fe=(206)
+59 1460096
-15 1460096
+15 1460096
-3 2920192
-6 2920192
+9 2920192
-8 1460096
+8 2920192
-8 1460096
+8 2920192
-16 2920192
+2 1460096
+15 1460096
-15 2920192
+6 1460096
+9 2920192
+1 1460096

fl=(129)
fn=(414)
26 1
fi=(130)
+3 4
+1 3
fe=(129)
-4 1

fl=(138)
fn=(442)
27 1
fi=(139) ./math/../sysdeps/x86_64/fpu/multiarch/ifunc-fma4.h
+4 4
+1 2
fe=(138)
-5 1

fl=(136)
fn=(434)
26 1
fi=(130)
+3 4
+1 3
fe=(136)
-4 1

fl=(142)
fn=(464)
27 1
fi=(139)
+4 4
+1 2
fe=(142)
-5 1

fn=(454)
35 1
fi=(139)
-4 4
+1 2
+3 1
fe=(142)

fl=(135)
fn=(430)
27 1
fi=(130)
+2 4
+1 3
fe=(135)
-3 1

fl=(145)
fn=(468)
27 1
fi=(130)
+2 4
+1 3
fe=(145)
-3 1

fl=(168)
fn=(882) 0x000000000000e3b0
0 5

fn=(872)
0 9
cob=(2)
cfi=(51)
cfn=(878)
calls=1 0 
0 74
0 1
cfn=(882)
calls=1 0 
0 5
0 3

fn=(576)
0 12

fl=(137)
fn=(438)
30 1
fi=(130)
-1 4
+1 4
fe=(137)

totals: 5924456655
