# callgrind format
version: 1
creator: callgrind-3.18.1
pid: 280963
cmd:  ./first
part: 1


desc: I1 cache: 
desc: D1 cache: 
desc: LL cache: 

desc: Timerange: Basic block 0 - 1267510917
desc: Trigger: Program termination

positions: line
events: Ir
summary: 6645541256


ob=(3) /usr/lib/x86_64-linux-gnu/libc.so.6
fl=(212) ./stdio-common/./stdio-common/_itoa.c
fn=(804) _itoa_word
163 152
+3 304
+2 152
+9 2014
+9 152

fl=(170) ./csu/../csu/libc-start.c
fn=(586) __libc_start_main@@GLIBC_2.34
242 12
343 3
+1 3
cfi=(171) ./stdlib/./stdlib/cxa_atexit.c
cfn=(588) __cxa_atexit
calls=1 69 
* 71
+25 6
+6 2
-3 2
+10 2
cob=(2) ???
cfi=(51) ???
cfn=(602) 0x000000000495b6d0
calls=1 0 
* 880
+2 2
+8 4
cfi=(172) ./csu/../sysdeps/nptl/libc_start_call_main.h
cfn=(608) (below main)
calls=1 29 
* 6645378857
128 2
+6 3
+1 6
cob=(2)
cfi=(51)
cfn=(592) 0x0000000000109000
calls=1 0 
* 7
* 1
+3 1
+1 2
+3 2
+1 2
-1 1
+2 7
+1 4
cob=(6) /home/colinux/Bakery/first
cfi=(169) ???
cfn=(596) 0x0000000000001660
calls=1 0 
* 12
-1 4

fl=(186) ./nptl/./nptl/libc-cleanup.c
fn=(654) __libc_cleanup_push_defer
24 842519
+3 1685038
+3 3370076
+1 842519
+2 842519
+1 842519

fn=(692) __libc_cleanup_pop_restore
39 842519
+3 1685038
+2 1685038
+1 1685038
+2 842519

fl=(87) ./wcsmbs/../sysdeps/x86_64/multiarch/wcsnlen.c
fn=(302) wcsnlen
29 1
fi=(88) ./wcsmbs/../sysdeps/x86_64/multiarch/ifunc-wcslen.h
+5 4
-1 2
+2 3
+2 2
+4 3
+3 3
fe=(87)
-15 1

fl=(99) ./wcsmbs/../sysdeps/x86_64/multiarch/wcscmp.c
fn=(332) wcscmp
30 1
fi=(95) ./wcsmbs/../sysdeps/x86_64/multiarch/ifunc-avx2.h
+3 5
-1 2
+2 3
+2 2
+4 3
+3 4
fe=(99)
-13 1

fl=(198) ./string/../sysdeps/x86_64/multiarch/strlen-avx2.S
fn=(708) __strlen_avx2
50 26316
+13 26316
+1 26316
+1 26316
+3 26316
+2 26316
+1 26316
+3 26316
+1 26316
+8 26316
+1 26316
+1 26316
+5 52632

fl=(211) ./string/../sysdeps/x86_64/multiarch/strchr-avx2.S
fn=(802) __strchrnul_avx2
51 152
+2 152
+1 152
+1 152
+1 152
+1 152
+3 152
+1 152
+4 152
+1 152
+1 152
+1 152
+1 152
+1 152
+1 152
+1 152
+6 152
+1 304

fl=(156) ./resource/../sysdeps/unix/sysv/linux/getrlimit64.c
fn=(510) getrlimit
38 2
+1 7
+1 1

fl=(193) ./stdlib/../stdlib/strtol.c
fn=(688) __strtol_internal
97 1548781
+1 4646343
cfi=(194) ./stdlib/../stdlib/strtol_l.c
cfn=(690) ____strtol_l_internal
calls=1548781 225 
* 238764840

fl=(128) ./string/../sysdeps/x86_64/multiarch/rawmemchr.c
fn=(408) rawmemchr
31 1
fi=(124) ./string/../sysdeps/x86_64/multiarch/ifunc-evex.h
+4 5
-1 2
+2 3
+5 2
-3 2
+9 3
+3 4
fe=(128)
-19 1

fl=(177) ./malloc/./malloc/malloc.c
fn=(630) tcache_init.part.0
3235 3
+9 8
+1 3
cfn=(632) _int_malloc
calls=1 1343 
* 367
* 1
+1 2
+8 4
+7 2
+2 1
+1 2
-1 1
+1 86
+3 4

fn=(634) sysmalloc
2548 639
+20 284
+11 142
+1 213
+26 71
+1 213
+1 71
+9 564
+6 213
+3 213
2941 142
+1 71
+5 142
+3 142
+5 142
-2 71
+2 71
-1 71
+1 71
-3 71
+3 71
+1 71
-1 213
+1 71
+2 142
+6 781
2687 142
+9 284
+13 213
+8 355
+8 142
+21 36
+6 63
cfn=(814) sysmalloc_mmap_fallback.constprop.0
calls=9 2508 
* 473
+2 18
-2 9
+2 9
+4 9
+14 27
-10 18
+2 142
+2 213
+6 280
+1 61
2946 61
2773 183
+2 20
+92 18
-65 9
+84 18
+10 10
-1 10
+1 30
+1 10
+11 20
+7 18
+1 27
+8 9
+2 9
+5 18
+2 8
cfn=(770) _int_free
calls=2 4421 
* 128
* 2
+8 2
+5 4
fi=(178) ./malloc/./malloc/arena.c
565 71
fe=(177)
2727 71
cfi=(180) ./malloc/./malloc/morecore.c
cfn=(638) __glibc_morecore
calls=71 25 
* 3103
+1 142
-1 71
+1 71
2028 62
2729 62
2028 62
2729 62
2028 124
2730 71
+3 142
+33 124
2610 124
2775 2
+40 3
+22 1
+1 1
-1 1
+1 6
+2 2
+1 3
cfi=(180)
cfn=(638)
calls=1 25 
* 28
+12 2
-12 1
+12 1
2028 4
2897 4
2765 2
-36 18
-16 3

fn=(770)
4421 17538488
+10 2192311
-10 6576933
+10 4384622
+6 10961555
+1 4384622
+4 8769244
+8 10961555
-1 4384622
+1 4384622
+29 2192311
-20 2192311
-6 2192311
+6 4384622
+20 8769244
+14 1565758
+11 3131516
+2 2348637
2012 2348637
4527 782879
+1 782879
+4 2348637
+2 2348637
+4 1565758
+2 3131516
+1 782879
+19 3129160
4702 24115421
3181 1409432
+4 1409432
-4 1409432
+2 5637728
+1 1409432
+1 1409432
4482 1409432

fn=(620) calloc
3624 4
+10 2
-10 8
+10 16
+8 4
+3 6
+2 6
+32 6
cfn=(632)
calls=2 1343 
* 298
+2 10
fi=(178)
162 6
fe=(177)
3681 4
+3 6
+14 4
+11 2
+5 2
-2 4
-3 2
+12 8
-20 8
+31 2
+2 4
+2 4
fi=(178)
315 1
cfn=(624) ptmalloc_init.part.0
calls=1 -2 
* 1128
* 1
fe=(177)
3657 2
+1 6
+7 2
+97 2
-25 4
+25 8
-25 2
cob=(2)
cfi=(51)
cfn=(644) 0x000000000495b670
calls=2 0 
* 131126
3241 4
cfn=(630)
calls=1 -6 
* 484
* 1

fn=(766) free
3352 2192309
+4 4384618
-4 2192309
+14 2192309
-14 4384618
+12 2192309
+4 2192309
-4 2192309
+4 4384618
+17 6576927
fi=(178)
162 6576927
fe=(177)
3391 4384618
cfn=(770)
calls=2192309 4421 
* 156745879
+3 2192309
+1 8769236

fn=(632)
1343 729164
3771 364582
1362 364582
3771 2916656
1362 729164
3811 13332
+27 13332
+66 292067
+2 292067
-2 292067
+2 584134
+2 592
+1 1184
+6 592
-4 592
+1 592
+1 592
+2 1184
+7 2368
-1 1184
+1 1184
3181 592
3927 592
3183 592
3927 592
3181 592
3927 13716
+1 8014
+4 3980
+1 3980
+1 7960
3181 3980
3936 3980
3185 3980
3937 3980
3181 3980
+2 19900
-6 3980
+9 3980
-9 3980
+8 3980
+1 3980
1362 715832
3811 715832
4397 715832
3838 715832
+63 3148
+62 146
+1 12
+1 6666
3838 13332
1362 6666
3843 13332
+2 13332
+2 145022
-6 72511
+9 72511
+1 72511
-1 145022
+1 362555
+5 145022
+1 145022
+7 72511
-1 145022
+1 362555
+5 72511
+1 72511
3183 72511
3870 72511
+5 2508965
3181 1003586
+2 501793
+2 501793
-2 1003586
+2 501793
-8 501793
+8 501793
3869 501793
+1 2512172
+2 1003586
+2 501793
+1 501793
-1 1003586
-21 1069026
-10 356342
+2 1584175
4399 582950
3903 291475
4399 3789175
3983 291475
+1 291475
-1 582950
-1 582950
+2 582950
-1 4
+1 4
-1 8
-1 8
+2 8
-2 874434
+12 291478
-6 291478
+73 1165912
-67 874435
-6 1
+73 4
-67 243
4158 20931
-91 20931
+91 41862
-91 20931
-74 20931
3181 20931
4067 20931
3181 41862
4025 41862
3183 41862
3997 83724
+1 20931
+2 41862
-3 281148
+1 70287
+2 140574
+1 273654
+2 91218
+1 364872
+2 364872
-10 91218
+12 182436
+1 182436
+2 182436
+11 364872
+31 87191
+1 87191
+4 174382
+29 159230
+2 159176
+1 238764
+1 79588
-1 79588
+57 79588
+2 159176
-2 159176
+2 79588
+7 79588
-9 238764
+9 79588
-7 79588
+1 79588
+1 79588
+6 159176
-10 27
+2 54
-2 54
+2 27
+7 27
-9 81
+9 27
-7 27
+1 27
+1 27
+6 54
+2 55588
+7 41691
3994 84691
2005 217542
4413 3281238
2005 592
3944 592
2005 1184
4060 7576
+1 7576
-1 7576
+1 15152
+5 7576
-21 7576
+21 7576
+1 30304
2005 6
4095 135
+1 81
+1 27
-1 27
+4 54
+5 20
-2 40
+2 60
+1 40
+7 1
-1 4
+2 3
+52 197154
3994 197145
4183 559972
+2 12
+3 4
-3 4
+3 8
+68 559972
+1 279986
+1 279986
-1 279986
+1 279986
+1 559972
+1 839958
+5 722612
+16 32611
+2 65222
-4 209176
+8 71977
+3 143954
+2 9345
+1 9345
+1 9345
-2 37380
-27 9345
3181 7573
+2 7573
+2 7573
-4 7573
+2 30292
4071 7573
3184 7573
+1 7573
4071 7573
3963 8
4144 21
4023 41850
+1 41812
+5 4027
-1 8054
+3 4027
-1 4027
+1 8054
+1 4027
+1 8054
+6 4027
+6 4027
-6 28189
+2 12081
+1 4027
2005 12081
4269 652068
+3 869408
-3 652050
+3 869400
-3 434700
+3 652044
+97 217354
+1 434708
+2 434708
+3 652364
+17 453
+2 160
cfn=(782) malloc_consolidate
calls=80 4715 
* 6699608
+3 80
-1 240
+1 80
-1 80
3904 4710
4118 95
+3 1
+1 3
-3 40
+6 19
+13 19
+1 38
-11 38
4299 187896
+3 125264
+2 62632
+3 125264
-3 62632
+3 125264
cfn=(808) unlink_chunk.constprop.0
calls=62632 1626 
* 1377904
+3 250528
+15 33758
-5 16879
+5 33758
+1 33758
+3 16879
+1 16879
+1 16879
+3 33758
+1 16879
+1 33758
+5 135032
+2 50637
+1 16879
2005 16879
4347 16879
2005 79511
4347 45753
2005 91506
4272 2
+2 8
+1 4
+38 45753
-1 45753
+1 91506
3193 22629
+1 15086
+2 30172
+1 7543
+1 7543
4174 7543
4380 217203
-2 434406
+2 217203
-1 217203
+6 217203
-5 217203
-3 217203
+3 217203
+2 217203
-2 868812
2005 217203
4382 217203
2005 434406
4407 284
cfn=(634)
calls=71 2548 
* 12518
* 71
+1 142
2005 213

fn=(782)
4715 80
+17 80
-17 320
+28 80
-28 240
+15 80
+2 80
+13 160
+1 160
-1 1440
+1 1440
+62 2400
+1 640
-31 231274
+4 181266
+2 90633
+1 181266
+1 181266
+2 181266
-4 25004
+1 50008
+1 50008
+2 50008
+1 60
+4 30
+2 30
-2 60
+3 30
+9 60
-12 115607
+2 115607
-2 231214
+3 115607
+9 346832
-56 231274
+4 346911
+1 462548
+8 115637
-3 231274
+3 115637
-3 115637
+4 115637
-4 115637
+5 115637
-5 115637
+5 231274
+2 231274
+1 25509
+2 25509
-1 25509
+2 102036
+2 153054
cfn=(808)
calls=25509 1626 
* 561198
* 102036
+3 231274
+4 25004
+1 75012
+16 25004
-16 25004
cfn=(808)
calls=25004 1626 
* 550097
* 75012

fn=(808)
1626 113145
+2 565725
+3 226290
+1 113145
-1 339435
+3 452580
+3 113145
+1 113145
+1 226299
+24 226290

fn=(674) malloc
3287 13678782
+7 4559594
1343 4559594
+19 9119188
3306 9119188
+3 4559594
+10 1093737
+28 1822895
1362 2236480
3304 6709440
+7 6839385
3193 3830436
+1 3830436
+2 1915218
+1 1915218
-1 5745654
+1 1915218
+1 1915218
3347 9576090
-26 1458316
cfn=(632)
calls=364579 1343 
* 72775226
+1 1822895
fi=(178)
162 729158
fe=(177)

fn=(814)
2508 63
+4 9
-4 18
+7 18
+1 5
+3 18
+5 9
-1 18
+3 72
cfi=(213) ./misc/../sysdeps/unix/sysv/linux/mmap64.c
cfn=(816) mmap
calls=9 47 
* 81
* 9
+3 18
+4 18
+7 9
+2 9
+2 63
2028 36

fl=(192) ./io/../sysdeps/unix/sysv/linux/read.c
fn=(684) read
25 4023
+1 24138
+1 4023

fl=(118) ./string/../sysdeps/x86_64/multiarch/strlen.c
fn=(380) strlen
29 1
fi=(84) ./string/../sysdeps/x86_64/multiarch/ifunc-avx2.h
+4 5
-1 2
+2 3
+2 2
+4 3
+3 4
fe=(118)
-14 1

fl=(100) ./string/../sysdeps/x86_64/multiarch/stpncpy.c
fn=(336) stpncpy
31 1
fi=(101) ./string/../sysdeps/x86_64/multiarch/ifunc-strcpy.h
+5 2
+1 1
-1 2
+1 2
+2 2
+4 3
+3 3
fe=(100)
-15 1

fl=(187) ./libio/./libio/genops.c
fn=(656) __uflow
299 20115
+1 12069
+5 12069
+3 4023
173 4023
308 8046
+2 8046
+6 8046
+7 4023
fi=(202) ./libio/./libio/libioP.h
940 12069
+2 8046
+1 8046
fe=(187)
323 4023
+1 4023
-1 4023
+1 8046
-1 4023
cfn=(658) _IO_default_uflow
calls=4023 +38 
* 499323
-23 8046
+21 12069

fn=(686) _IO_sputbackc
635 23912570
+3 14347542
+1 9565028
+9 4782514
+3 19130056
-10 9565028
+1 4782514
+5 4782514

fn=(896) _IO_cleanup
863 2
+3 1
-3 9
-77 1
+80 1
cfn=(898) _IO_flush_all_lockp
calls=1 686 
* 269
-80 2
+80 1
-80 3
cfi=(186)
cfn=(654)
calls=1 24 
* 10
+1 9
+3 1
-3 2
+3 2
fi=(202)
940 4
fe=(187)
838 3
-48 9
+9 9
+2 6
+6 26
+8 10
+9 2
fi=(202)
942 4
+1 4
fe=(187)
824 8
cfi=(188) ./libio/./libio/fileops.c
cfn=(904) _IO_file_setbuf@@GLIBC_2.2.5
calls=2 381 
* 166
+2 6
+4 10
+1 16
+11 9
+1 2
cfi=(186)
cfn=(692)
calls=1 39 
* 8
+35 12
-59 2
-2 2
+3 2
-3 2
+2 6

fn=(662) _IO_doallocbuf
343 2
+1 4
-1 6
+3 8
+1 2
fi=(202)
940 6
+2 4
+1 4
fe=(187)
347 4
cfi=(189) ./libio/./libio/filedoalloc.c
cfn=(664) _IO_file_doallocate
calls=2 78 
* 719
* 4
+3 8

fn=(784) __overflow
199 27
+2 27
+2 9
fi=(202)
940 27
+2 18
+1 18
fe=(187)
203 9
+1 18
-1 9
cfi=(188)
cfn=(724) _IO_file_overflow@@GLIBC_2.2.5
calls=9 731 
* 1368

fn=(678) _IO_setb
329 18
+1 8
+5 4
-3 2
+3 8
+3 8

fn=(680) _IO_switch_to_get_mode
164 20115
+1 12069
+3 12069
+4 8046
+1 8046
+7 4023
-4 4023
+4 4023
-2 8046
+3 4023
+1 16092

fn=(658)
361 8046
fi=(202)
940 8046
fe=(187)
361 4023
fi=(202)
940 4023
fe=(187)
361 8046
+1 4023
fi=(202)
942 8046
+1 8046
fe=(187)
362 8046
cfi=(188)
cfn=(660) _IO_file_underflow@@GLIBC_2.2.5
calls=4023 +99 
* 398752
+1 8046
+2 16088
+1 16092

fn=(728) _IO_default_xsputn
371 50
+3 100
-3 400
fi=(202)
940 50
fe=(187)
371 50
fi=(202)
940 50
fe=(187)
371 50
fi=(202)
940 50
fe=(187)
371 100
+18 100
+8 50
+2 100
-20 200
+2 150
+3 100
+20 50
-29 50
+29 350
-11 426
+1 10
-1 10
+1 252
-1 121
+1 74
-1 111
+1 260
-1 427

fn=(898)
686 12
+5 6
cfi=(186)
cfn=(654)
calls=1 24 
* 10
+1 9
+3 1
-8 1
+5 2
+3 2
fi=(202)
940 4
fe=(187)
706 1
fi=(202)
942 2
+1 2
fe=(187)
706 3
cfi=(188)
cfn=(724)
calls=1 +25 
* 133
+1 3
+2 6
+2 3
-16 9
+2 3
+1 6
+3 20
+14 9
+1 2
cfi=(186)
cfn=(692)
calls=1 39 
* 8
+4 12

fn=(906) _IO_default_setbuf
452 4
fi=(202)
940 2
fe=(187)
452 4
fi=(202)
940 2
fe=(187)
452 2
fi=(202)
940 2
fe=(187)
452 8
+1 2
fi=(202)
942 4
+1 4
fe=(187)
453 4
cfi=(188)
cfn=(908) _IO_file_sync@@GLIBC_2.2.5
calls=2 792 
* 36
* 4
+4 2
330 2
462 2
-7 4
332 4
+5 2
-5 2
+5 2
467 2
332 2
466 8
+2 12
-11 2
+1 4
-1 2
330 8

fl=(197) ./debug/./debug/strcpy_chk.c
fn=(704) __strcpy_chk
27 6156
+1 2052
-1 8208
+1 2052
cob=(2)
cfi=(51)
cfn=(706) 0x000000000495b490
calls=2052 -28 
* 32832
+1 4104
+4 2052
-1 4104
+1 2052
-1 2052
+1 2052
-1 2052
cob=(2)
cfi=(51)
cfn=(710) 0x000000000495b620
calls=2052 -32 
* 30908

fl=(181) ./misc/./misc/sbrk.c
fn=(640) sbrk
37 144
+6 72
-6 72
+3 72
-3 144
+3 72
+3 72
+20 1
+15 315
-20 144
+1 2
cfi=(182) ./misc/../sysdeps/unix/sysv/linux/brk.c
cfn=(642) brk
calls=1 -24 
* 9
* 2
+4 1
-1 144
+4 284
+8 71
cfi=(182)
cfn=(642)
calls=71 -39 
* 657
* 142
-14 9
+18 45

fl=(127) ./string/../sysdeps/x86_64/multiarch/strncase.c
fn=(406) strncasecmp
31 1
fi=(223) ./string/../sysdeps/x86_64/multiarch/ifunc-strcasecmp.h
+1 5
fe=(127)
-1 1

fl=(102) ./wcsmbs/../sysdeps/x86_64/multiarch/wmemchr.c
fn=(340) wmemchr
31 2
fi=(103) ./wcsmbs/../sysdeps/x86_64/multiarch/ifunc-evex.h
+4 10
-1 4
+2 6
+5 4
-3 4
+9 6
+3 8
fe=(102)
-19 2

fl=(210) ./stdio-common/./stdio-common/vfprintf-internal.c
fn=(798) __vfprintf_internal
1180 456
+30 190
+8 114
+4 190
+11 76
+11 38
fi=(224) ./stdio-common/./stdio-common/printf-parse.h
111 76
fe=(210)
1244 190
fi=(224)
111 38
cob=(2)
cfi=(51)
cfn=(800) 0x000000000495b4d0
calls=38 0 
* 798
fe=(210)
1259 38
fi=(224)
111 38
fe=(210)
1259 114
239 38
fi=(225) ./stdio-common/../libio/libioP.h
940 38
fe=(210)
1263 38
fi=(225)
942 38
-2 38
fe=(210)
1263 38
fi=(225)
940 76
+2 76
+1 76
fe=(210)
239 152
cfi=(188)
cfn=(722) _IO_file_xsputn@@GLIBC_2.2.5
calls=38 1197 
* 760
* 76
127 342
1263 76
+4 114
+4 304
1532 38
1214 38
+34 38
-8 38
1532 114
+23 38
-39 38
+39 38
-39 38
+39 76
1313 1710
+39 114
-51 114
-1 114
-1 114
-1 114
+5 114
1501 114
fi=(224)
88 114
fe=(210)
1352 114
-46 114
-4 114
+50 114
1501 114
1295 114
-1 114
-1 114
-1 114
-1 114
+16 228
1608 76
+1 76
+3 456
-4 342
1218 76
+41 152
cfi=(186)
cfn=(654)
calls=38 24 
* 380
+1 494
-1 76
1609 76
cfi=(186)
cfn=(692)
calls=38 39 
* 304
+2 38
-47 38
-47 836
-1 988
cfi=(212)
cfn=(804)
calls=76 163 
* 2774
* 2356
192 152
+47 76
fi=(225)
942 228
+1 152
fe=(210)
239 304
cfi=(188)
cfn=(722)
calls=76 1197 
* 5112
* 152
127 1254
1517 228
-54 76
+53 152
+73 114
fi=(224)
111 114
fe=(210)
1583 114
fi=(224)
111 228
cob=(2)
cfi=(51)
cfn=(800)
calls=114 0 
* 2394
fe=(210)
239 114
fi=(225)
942 114
fe=(210)
1593 114
fi=(224)
111 114
fi=(225)
942 114
fe=(210)
1593 114
fi=(225)
942 114
+1 228
fe=(210)
239 456
cfi=(188)
cfn=(722)
calls=114 1197 
* 7524
* 228
127 1482
1593 228
+2 266
-79 1520
192 152
1392 152
1516 608
+1 76
cob=(2)
cfi=(51)
cfn=(706)
calls=38 0 
* 608
* 76
-1 760
239 38
fi=(225)
942 114
+1 76
fe=(210)
239 152
cfi=(188)
cfn=(722)
calls=38 1197 
* 2394
* 76
127 228
1516 152

fl=(91) ./wcsmbs/../sysdeps/x86_64/multiarch/wcslen.c
fn=(310) wcslen
29 1
fi=(88)
+5 4
-1 2
+2 3
+2 2
+4 3
+3 3
fe=(91)
-15 1

fl=(106) ./string/../sysdeps/x86_64/multiarch/strcspn.c
fn=(348) strcspn
29 1
fi=(226) ./string/../sysdeps/x86_64/multiarch/ifunc-sse4_2.h
+1 5
fe=(106)
-1 1

fl=(125) ./string/../sysdeps/x86_64/multiarch/strspn.c
fn=(400) strspn
29 1
fi=(226)
+1 5
fe=(125)
-1 1

fl=(167) ./libio/./libio/vtables.c
fn=(570) check_stdfiles_vtables
83 1
+1 4
+1 3
+1 3
+2 1

fl=(174) ./setjmp/../sysdeps/x86_64/setjmp.S
fn=(612) __sigsetjmp
30 1
+2 1
+9 1
+1 2
+1 1
+4 1
+1 1
+1 1
+1 1
+1 1
+2 2
+2 1
+1 1
+1 1
+2 2
+2 1
+5 1
+1 1
+17 1
cfi=(175) ./setjmp/./setjmp/sigjmp.c
cfn=(614) __sigjmp_save
calls=1 -56 
* 9

fl=(194)
fn=(690)
225 4646343
+54 1548781
-54 6195124
+19 1548781
-19 4646343
+14 1548781
-14 1548781
+26 3097562
+31 6195124
+9 9292686
+2 3097562
+5 3097562
-1 1548781
+6 3097562
+4 3097562
+10 3097562
+10 6195124
-82 3097562
377 1548781
+56 6195124
309 1548781
449 1548781
+10 4646343
-10 1548781
+10 1548781
+12 3097562
-5 5800843
+5 5800843
+1 17402529
-41 11601686
+2 20105810
+2 17402529
+28 17402529
+3 11601686
+11 3097562
+5 4646343
+1 1548781
+5 3097562
324 3097562
491 4646343
-2 3097562
+17 7743905
+18 12390248

fl=(119) ./string/../sysdeps/x86_64/multiarch/strncpy.c
fn=(384) strncpy
29 1
fi=(101)
+7 2
+1 1
-1 2
+1 2
+2 2
+4 3
+3 3
fe=(119)
-17 1

fl=(217) ./nptl/./nptl/pthread_mutex_lock.c
fn=(826) pthread_mutex_lock@@GLIBC_2.2.5
77 1
+3 3
+2 1
+2 2
-7 2
+11 2
+79 1
+3 1
+2 1
+3 1
+2 1
+1 3
-81 2
+11 4
+4 1
+3 2
-71 1
+1 8
+1 1
+84 3
+1 2

fl=(185) ./stdio-common/./stdio-common/vfscanf-internal.c
fn=(652) __vfscanf_internal
278 10952227
+10 4212395
+1 842479
fi=(195) ./stdio-common/../include/scratch_buffer.h
78 842479
fe=(185)
289 842479
fi=(195)
77 1684958
fe=(185)
339 842479
fi=(195)
77 842479
fe=(185)
339 3369916
+6 2527438
+3 3369916
+4 1684958
+13 842479
-6 842479
+8 1684958
-8 842479
+8 842479
+5 842479
-5 842479
+5 5054874
cfi=(186)
cfn=(654)
calls=842479 24 
* 8424790
* 2527437
+9 842479
-4 842479
+4 2527437
570 842479
284 842479
-1 842479
+10 842479
-11 842479
570 1684958
2429 3369916
328 1684958
+4 842479
-5 842479
-1 842479
-1 842479
-12 842479
2180 842479
2429 842479
2180 4212395
418 7880074
+24 7880074
+1 7880074
+3 7743895
-65 15760144
3015 4212390
222 4782516
+1 4782516
-1 2391258
488 2391258
222 2391258
488 4782516
222 2391258
488 4782516
345 1684956
+3 2
+24 9267269
482 2391258
+22 9565032
+25 2391258
-4 9565032
+7 23912580
+80 4782516
+5 2391258
-1 4782516
+1 4782516
+1 2527437
+3 7173774
+1 19130064
+6 23913522
+3 7970644
-3 3985322
+3 15942346
-3 529
+3 2116
-3 7971704
+3 6
+1 16738806
+1 11956287
+4 4782514
-4 4782514
cfi=(187)
cfn=(686)
calls=2391257 +2 
* 45433883
+4 19130056
-9 1060
cfi=(187)
cfn=(656)
calls=530 299 
* 86331
* 1064
3025 10952227
cfi=(186)
cfn=(692)
calls=842479 39 
* 6739832
fi=(195)
85 2527437
fe=(185)
3029 1684958
+17 1684956
+6 10109748
442 1548779
+6 3097558
618 6
3031 3
637 11
1398 15487810
+5 4646343
+9 9292686
1733 3097562
+9 1548781
fi=(195)
113 6195124
fe=(185)
1742 3097562
fi=(195)
113 4646343
fe=(185)
1740 39451401
260 11601686
1797 5800843
260 11601686
+3 17402529
1799 23203372
+2 52201751
-68 11598768
+68 1459
-68 2918
+2 14699248
+2 7743905
+67 3097562
206 1548781
1811 3097562
214 3097562
1812 3097562
+28 9292686
cfi=(187)
cfn=(686)
calls=1548781 635 
* 29426839
260 4646343
+3 4646343
1844 3097562
1669 1548781
206 1548781
1862 3097562
1669 3097562
1861 4646343
+1 1548781
cfi=(193)
cfn=(688)
calls=1548781 97 
* 244959964
* 1548781
+6 4646343
+3 7743905
+6 1548781
-4 3097562
+4 3097562
+23 3097562
1390 1548781
-1 1548781
+2 1548781
1742 7743905
+59 2918
cfi=(187)
cfn=(656)
calls=1459 299 
* 236358
* 4377
1435 6195124
+3 6195124
637 842476
1017 4212385
+2 4212385
+2 6739810
+10 1684952
-10 842476
+10 2527428
+71 842476
-81 5897332
+81 842476
-81 2527428
1144 62819559
1031 15702476
1144 7851238
1031 15706338
1144 1931
1031 3862
1144 7010693
-45 15706338
+3 7853169
-1 15706338
+1 15706338
-1 15706338
+43 7724
cfi=(187)
cfn=(656)
calls=1931 299 
* 312822
* 9655
2943 1684952
+40 2527428
+2 1684952
+8 1684952
-10 842476
+8 1684952
1813 54512
+1 54512
+65 3097562
+17 15487810
2048 4212380
1033 2527428
cfi=(187)
cfn=(686)
calls=842476 635 
* 16007044
+1 842476
1881 3097562
+1 4646343
1023 6
-2 3
+1 1
-3 11794678

fl=(201) ./libio/./libio/ioputs.c
fn=(720) puts
33 193808
+2 24226
cob=(2)
cfi=(51)
cfn=(706)
calls=24226 -35 
* 387616
+1 24226
-1 24226
+1 290712
+3 24226
-3 24226
+3 24226
-3 24226
+3 48452
-1 48450
+1 1
+1 1
fi=(202)
940 3
+2 2
+1 2
fe=(201)
40 24225
fi=(202)
940 72675
+2 48450
+1 48450
fe=(201)
40 72678
cfi=(188)
cfn=(722)
calls=24226 1197 
* 1538434
* 48452
+1 169555
+1 96868
fi=(202)
883 48434
fe=(201)
42 36
fi=(202)
883 18
+1 242260
fe=(201)
46 169582
-5 18
cfi=(187)
cfn=(784)
calls=9 199 
* 1530
* 18

fl=(85) ./string/../sysdeps/x86_64/multiarch/strpbrk.c
fn=(298) strpbrk
29 1
fi=(226)
+1 5
fe=(85)
-1 1

fl=(107) ./wcsmbs/../sysdeps/x86_64/multiarch/wcscpy.c
fn=(350) wcscpy
43 1
-6 5
+6 1

fl=(191) ./io/../sysdeps/unix/sysv/linux/fstatat64.c
fn=(670) fstatat
153 4
-55 4
+70 6
+1 2

fl=(190) ./io/../sysdeps/unix/sysv/linux/fstat64.c
fn=(668) fstat
29 4
+1 4
+5 6
cfi=(191)
cfn=(670)
calls=2 153 
* 16

fl=(208) ./io/../sysdeps/unix/sysv/linux/write.c
fn=(790) write
25 59
+1 413
+1 59

fl=(120) ./wcsmbs/../sysdeps/x86_64/multiarch/wmemcmp.c
fn=(388) wmemcmp
29 1
fi=(121) ./wcsmbs/../sysdeps/x86_64/multiarch/ifunc-memcmp.h
+5 2
+1 1
-1 2
+1 2
+1 2
+1 3
+2 2
+4 3
+3 3
fe=(120)
-17 1

fl=(178)
fn=(624)
313 1
fi=(177)
3162 3
fe=(178)
313 5
+5 1
fi=(177)
3162 2
cfi=(179) ./stdlib/../sysdeps/unix/sysv/linux/getrandom.c
cfn=(626) getrandom
calls=1 28 
* 9
* 2
fe=(178)
343 2
+4 3
fi=(177)
1966 4
+3 1
-3 1
+3 2
-3 2
+3 126
-3 126
+3 252
-3 252
fe=(178)
352 3
fi=(177)
1977 1
+1 1
+2 1
fe=(178)
352 1
cob=(2)
cfi=(51)
cfn=(516) 0x000000000495b650
calls=1 0 
* 23
+1 4
cob=(2)
cfi=(51)
cfn=(516)
calls=1 0 
* 22
+1 4
cob=(2)
cfi=(51)
cfn=(516)
calls=1 0 
* 23
+1 4
cob=(2)
cfi=(51)
cfn=(516)
calls=1 0 
* 23
+1 4
cob=(2)
cfi=(51)
cfn=(516)
calls=1 0 
* 22
+1 4
cob=(2)
cfi=(51)
cfn=(516)
calls=1 0 
* 23
+1 4
cob=(2)
cfi=(51)
cfn=(516)
calls=1 0 
* 23
+2 4
cob=(2)
cfi=(51)
cfn=(516)
calls=1 0 
* 23
+1 4
cob=(2)
cfi=(51)
cfn=(516)
calls=1 0 
* 23
+1 4
cob=(2)
cfi=(51)
cfn=(516)
calls=1 0 
* 23
+3 4
cob=(2)
cfi=(51)
cfn=(516)
calls=1 0 
* 23
+1 4
cob=(2)
cfi=(51)
cfn=(516)
calls=1 0 
* 23
+1 2
+63 7

fl=(183) ./string/../sysdeps/x86_64/multiarch/memset-vec-unaligned-erms.S
fn=(646) __memset_avx2_unaligned_erms
181 2
+1 6
+5 2
+1 2
+1 2
+1 2
+69 2
+1 2
+88 2
+1 2
+1 2
+1 131090
+1 2
+1 4

fl=(94) ./wcsmbs/../sysdeps/x86_64/multiarch/wcschr.c
fn=(318) wcschr
31 2
fi=(95)
+2 10
-1 4
+2 6
+2 4
+4 6
+3 8
fe=(94)
-12 2

fl=(182)
fn=(642)
35 72
+1 288
+1 144
+6 63
+1 63
-5 18
+1 18

fl=(89) ./string/../sysdeps/x86_64/multiarch/memset.c
fn=(306) memset
29 1
fi=(90) ./string/../sysdeps/x86_64/multiarch/ifunc-memset.h
+21 5
+3 3
+7 2
+9 2
+2 2
+10 2
+8 2
+2 5
fe=(89)

fl=(97) ./string/../sysdeps/x86_64/multiarch/strrchr.c
fn=(324) rindex
28 1
fi=(84)
+5 5
-1 2
+2 3
+2 2
+4 3
+3 4
fe=(97)
-15 1

fl=(171)
fn=(588)
69 9
-28 2
+2 6
+1 2
cfn=(590) __new_exitfn
calls=1 +38 
* 32
+2 2
+10 1
+2 1
-5 3
+3 1
-1 1
+4 2
+1 1
-1 2
+12 6

fn=(590)
82 1
+6 2
-6 4
+11 4
-10 2
+12 4
-2 1
+10 1
-10 3
+45 1
+5 1
-4 1
+4 4
-18 1
-1 1
+1 1

fl=(214) ./stdlib/./stdlib/exit.c
fn=(820) __run_exit_handlers
40 11
+5 2
+3 5
+50 1
-42 1
+2 3
+8 6
+2 1
+3 1
-3 1
+3 6
+34 1
+1 1
+1 1
-2 1
+7 1
-3 2
+3 3
+1 3
cob=(1) /usr/lib/x86_64-linux-gnu/ld-linux-x86-64.so.2
cfi=(216) ./elf/./elf/dl-fini.c
cfn=(824) _dl_fini
calls=1 -82 
* 1131
+1 4
+10 2
+1 2
-63 1
+69 4
+2 2
+1 6
cfi=(187)
cfn=(896)
calls=1 863 
* 641
* 3
+2 2
cfi=(222) ./posix/../sysdeps/unix/sysv/linux/_exit.c
cfn=(910) _Exit
calls=1 27 
* 5
-90 1
cfi=(215) ./stdlib/./stdlib/cxa_thread_atexit_impl.c
cfn=(822) __call_tls_dtors
calls=1 149 
* 12
* 1

fn=(818) exit
142 3
+1 3
-1 1
+1 1
cfn=(820)
calls=1 40 
* 1868

fl=(220) ./posix/./posix/register-atfork.c
fn=(840) __unregister_atfork
76 6
+1 3
-1 3
+1 9
fi=(221) ./posix/../malloc/dynarray-skeleton.c
243 3
fe=(220)
65 6
+38 12
+1 6

fl=(110) ./string/../sysdeps/x86_64/multiarch/memcmp.c
fn=(358) bcmp
29 1
fi=(111) ./string/../sysdeps/x86_64/multiarch/ifunc-memcmp.h
+5 2
+1 1
-1 2
+1 2
+1 2
+1 3
+2 2
+4 3
+3 3
fe=(110)
-17 1

fl=(122) ./string/../sysdeps/x86_64/multiarch/stpcpy.c
fn=(392) stpcpy
33 1
fi=(101)
+3 2
+1 1
-1 2
+1 2
+2 2
+4 3
+3 3
fe=(122)
-13 1

fl=(96) ./string/../sysdeps/x86_64/multiarch/strchr.c
fn=(322) index
61 1
-20 2
+1 1
-1 2
-1 2
+2 2
+2 2
+4 3
+3 3
+10 1

fl=(116) ./string/../sysdeps/x86_64/multiarch/strcpy.c
fn=(374) strcpy
29 1
fi=(101)
+7 2
+1 1
-1 2
+1 2
+2 2
+4 3
+3 3
fe=(116)
-17 1

fl=(123) ./string/../sysdeps/x86_64/multiarch/memchr.c
fn=(396) memchr
29 1
fi=(124)
+6 5
-1 2
+2 3
+5 2
-3 2
+9 3
+3 4
fe=(123)
-21 1

fl=(203) ./string/../sysdeps/x86_64/multiarch/strcmp-avx2.S
fn=(736) __strcmp_avx2
83 27315926
+23 27315926
+1 27315926
+2 27315926
+1 27315926
+1 27315926
+1 27315926
+1 27315926
+2 26109760
+1 26109760
+1 26109760
+1 26109760
+1 26109760
+1 26109760
+1 26109760
+1 26109760
+18 26109760
+1 26109760
+1 26109760
+3 52219520
718 1206166
+1 1206166
+4 1206166
+11 1206166
+1 1206166
+1 1206166
+2 2412332
+10 1206166
+1 1206166
+2 902717
+1 902717
+1 902717
+1 902717
+1 902717
+1 902717
+1 902717
+15 303449
+1 303449
+1 303449
+1 303449
+1 303449
+1 303449
+1 303449
+1 303449
+1 303449

fl=(213)
fn=(816)
47 18
+3 18
+8 36
+2 9

fl=(98) ./string/../sysdeps/x86_64/multiarch/memmove.c
fn=(328) memmove
29 2
fi=(93) ./string/../sysdeps/x86_64/multiarch/ifunc-memmove.h
+24 6
-1 4
+4 6
+14 4
+2 4
+8 4
+8 4
+2 10
fe=(98)

fl=(83) ./string/../sysdeps/x86_64/multiarch/strnlen.c
fn=(294) strnlen
31 2
fi=(84)
+2 10
-1 4
+2 6
+2 4
+4 6
+3 8
fe=(83)
-12 2

fl=(112) ./wcsmbs/../sysdeps/x86_64/multiarch/wmemset.c
fn=(362) wmemset
31 2
fi=(113) ./wcsmbs/../sysdeps/x86_64/multiarch/ifunc-wmemset.h
+2 10
+1 6
+2 4
+8 6
+3 8
fe=(112)
-16 2

fl=(117) ./string/../sysdeps/x86_64/multiarch/strcasecmp_l.c
fn=(378) strcasecmp_l
31 1
fi=(223)
+1 5
fe=(117)
-1 1

fl=(215)
fn=(822)
149 4
+1 4
+18 4

fl=(155) ./ctype/./ctype/ctype-info.c
fn=(508) __ctype_init
29 1
+2 7
+2 4
+2 4
+1 1

fl=(175)
fn=(614)
28 3
+2 2
-1 1
+5 3

fl=(92) ./string/../sysdeps/x86_64/multiarch/memcpy.c
fn=(314) memcpy@@GLIBC_2.14
29 1
fi=(93)
+24 3
-1 2
+4 3
+14 2
+2 2
+8 2
+8 2
+2 5
fe=(92)

fl=(222)
fn=(910)
27 2
+3 1
+1 2

fl=(104) ./string/../sysdeps/x86_64/multiarch/strncmp.c
fn=(344) strncmp
66 1
-25 4
+1 3
+2 2
+5 3
+3 3
+14 1

fl=(114) ./string/../sysdeps/x86_64/multiarch/memrchr.c
fn=(366) memrchr
29 1
fi=(84)
+4 5
-1 2
+2 3
+2 2
+4 3
+3 4
fe=(114)
-14 1

fl=(180)
fn=(638)
25 72
+1 144
-1 72
+4 72
cfi=(181)
cfn=(640)
calls=72 +8 
* 2474
+1 144
+4 126
-7 9
+7 18

fl=(126) ./string/../sysdeps/x86_64/multiarch/mempcpy.c
fn=(402) mempcpy
33 1
fi=(93)
+20 3
-1 2
+4 3
+14 2
+2 2
+8 2
+8 2
+2 5
fe=(126)

fl=(209) ./debug/./debug/printf_chk.c
fn=(796) __printf_chk
25 418
+7 38
-4 76
+4 76
-4 38
+5 38
-1 38
+1 38
-5 38
+4 38
+1 38
-1 38
+1 38
cfi=(210)
cfn=(798)
calls=38 1180 
* 47900
+4 190

fl=(115) ./string/../sysdeps/x86_64/multiarch/strchrnul.c
fn=(370) strchrnul
31 1
fi=(84)
+2 5
-1 2
+2 3
+2 2
+4 3
+3 4
fe=(115)
-12 1

fl=(86) ./string/../sysdeps/x86_64/multiarch/strcmp.c
fn=(300) strcmp
65 2
-24 4
+1 2
-1 4
+1 4
+2 4
+5 6
+3 6
+13 2

fl=(108) ./string/../sysdeps/x86_64/multiarch/strcat.c
fn=(352) strcat
29 1
fi=(101)
+7 2
+1 1
-1 2
+1 2
+2 2
+4 3
+3 3
fe=(108)
-17 1

fl=(172)
fn=(608)
29 4
+15 1
-15 5
+15 1
cfi=(173) ./setjmp/../sysdeps/x86_64/bsd-_setjmp.S
cfn=(610) _setjmp
calls=1 -16 
* 34
* 1
+2 2
+5 2
+1 2
+3 2
+3 6
cob=(6)
cfi=(176) /home/colinux/Bakery/first.c
cfn=(616) main
calls=1 1013 
* 6645376919
* 1
+16 1
cfi=(214)
cfn=(818)
calls=1 +68 
* 1876

fl=(165) ./misc/./misc/init-misc.c
fn=(564) __init_misc
30 1
+1 2
-1 4
+1 3
+2 3
cob=(2)
cfi=(51)
cfn=(566) 0x000000000495b5f0
calls=1 -33 
* 30
+4 5
+1 3
+2 4

fl=(184) ./stdio-common/./stdio-common/isoc99_scanf.c
fn=(650) __isoc99_scanf
25 10952227
+4 842479
+1 1684958
-1 1684958
+1 842479
-1 842479
+1 842479
-1 842479
+1 842479
-1 842479
+1 842479
cfi=(185)
cfn=(652)
calls=842479 278 
* 1367310410
+4 4212395

fl=(218) ./nptl/./nptl/pthread_mutex_unlock.c
fn=(828) pthread_mutex_unlock@@GLIBC_2.2.5
367 1
51 3
+1 2
367 1
57 2
+8 1
-3 1
-23 1
+1 2
+30 1
369 2
40 3
+1 2
+33 2
+6 4
+4 3
+3 3

fl=(164) ./csu/./csu/init-first.c
fn=(562) _init_first
46 4
+5 2
+4 5
+8 1
-2 1
+10 1
-9 1
+1 1
+9 2
-1 1
cfi=(165)
cfn=(564)
calls=1 -41 
* 55

fl=(200) ./libio/./libio/getc.c
fn=(716) getc
34 7348872
+3 2449624
+1 7348563
+5 6123957
-5 103
cfi=(187)
cfn=(656)
calls=103 299 
* 16686

fl=(154) ./elf/./elf/libc_early_init.c
fn=(506) __libc_early_init
33 7
+2 1
cfi=(155)
cfn=(508)
calls=1 -6 
* 17
+3 1
fi=(157) ./elf/../sysdeps/nptl/pthread_early_init.h
-5 2
fe=(154)
+8 1
-3 1
fi=(157)
-5 1
cfi=(156)
cfn=(510)
calls=1 +5 
* 10
* 3
+1 6
+11 1
fi=(227) ./elf/../nptl/nptl-stack.h
+13 3
fi=(157)
-13 1
fi=(227)
+13 2
fi=(157)
-4 1
fi=(227)
+4 2
fi=(157)
-6 1
fi=(227)
+6 1
fi=(157)
-12 1
+6 6
+1 1
+4 1
cfi=(158) ./nptl/./nptl/pthread_mutex_conf.c
cfn=(514) __pthread_tunables_init
calls=1 -7 
* 928
fe=(154)
-10 3
+2 2
-2 1
cfi=(161) ./nptl/../sysdeps/unix/sysv/linux/x86/elision-conf.c
cfn=(528) __lll_elision_init
calls=1 +49 
* 147

fl=(81) ./string/../sysdeps/x86/cacheinfo.c
fn=(290) __x86_cacheinfo
86 1
fi=(82) ./string/../sysdeps/x86/cacheinfo.h
-25 1
+3 3
+2 1
+1 1
-1 2
+7 3
+2 1
+1 1
-1 2
+5 2
+2 2
+1 2
+1 2
+2 2
fe=(81)
* 2

fl=(189)
fn=(664)
78 18
+6 8
fi=(202)
940 6
+2 4
+1 4
fe=(189)
84 6
cfi=(188)
cfn=(666) _IO_file_stat
calls=2 1146 
* 36
* 4
+2 8
+11 8
+4 4
cob=(2)
cfi=(51)
cfn=(672) 0x000000000495b380
calls=2 0 
* 533
* 2
+1 4
+2 8
cfi=(187)
cfn=(678)
calls=2 329 
* 48
+1 2
+1 16

fl=(109) ./string/../sysdeps/x86_64/multiarch/strncase_l.c
fn=(356) strncasecmp_l
31 1
fi=(223)
+1 5
fe=(109)
-1 1

fl=(188)
fn=(726) _IO_do_write@@GLIBC_2.2.5
423 60
+2 180
+1 1
-3 59
fi=(202)
940 59
fe=(188)
423 118
fi=(202)
940 59
fe=(188)
423 59
fi=(202)
940 118
fe=(188)
423 295
+20 59
-10 118
+7 236
fi=(202)
942 118
+1 118
fe=(188)
448 236
cfn=(788) _IO_file_write@@GLIBC_2.2.5
calls=59 1173 
* 2714
* 59
+1 295
+2 59
+4 118
-3 118
-1 118
+4 177
-2 59
-28 236
+1 472
+28 177

fn=(788)
1173 413
+2 354
+5 59
cfi=(208)
cfn=(790)
calls=59 25 
* 531
+1 118
+5 59
+1 59
-12 118
+4 177
+1 118
+10 177
+3 354
-4 177

fn=(724)
731 300
+1 240
+7 298
+37 59
-2 120
+3 18
+3 27
+1 27
+1 18
+4 9
+1 36
-45 2
+12 2
+9 3
+5 3
+2 2
-3 2
+3 1
+1 1
-6 1
+1 1
+5 4
+16 51
-12 51
+1 51
+11 102
-12 51
cfn=(726)
calls=51 423 
* 5505
+3 27
+2 18
-2 27
cfn=(726)
calls=9 423 
* 990
* 18
-34 2
cfi=(187)
cfn=(662)
calls=1 343 
* 306
+1 1
+9 1
-9 5

fn=(908)
792 10
+5 8
+2 2
+1 4
+11 4
+4 8

fn=(666)
1146 2
+1 4
cfi=(190)
cfn=(668)
calls=2 29 
* 30

fn=(722)
1197 122460
+7 24492
-7 73476
+6 97892
+9 48908
-2 97816
+17 73362
+1 24447
+3 73341
+2 24447
+2 24447
+2 48894
-2 24447
+1 24447
+1 24447
-2 24447
cob=(2)
cfi=(51)
cfn=(742) 0x000000000495b3e0
calls=24447 0 
* 416358
* 24447
+4 48894
+28 220428
-36 7
+12 7
fi=(202)
940 21
+2 14
+1 14
fe=(188)
1243 43
fi=(202)
940 129
+2 86
+1 86
fe=(188)
1243 150
cfn=(724)
calls=50 731 
* 6879
* 100
+6 100
+1 350
+2 100
+11 150
+1 200
cfi=(187)
cfn=(728)
calls=50 371 
* 3741
+2 150

fn=(660)
461 4023
+4 12069
-4 32184
+7 8046
+6 12069
+3 8046
+12 8044
+9 8046
fi=(202)
940 4023
+2 4023
-2 4023
fe=(188)
505 8046
cfi=(187)
cfn=(680)
calls=4023 164 
* 100575
+6 4023
+5 4023
-5 4023
fi=(202)
942 8046
fe=(188)
511 4023
fi=(202)
942 4023
fe=(188)
511 12069
fi=(202)
943 8046
fe=(188)
516 16092
cfn=(682) _IO_file_read
calls=4023 1130 
* 56322
+2 8046
+16 4022
-9 4022
+9 8044
+2 8044
+1 32176
-6 1
-10 5
+11 1
-11 2
+16 8
-57 3
+5 2
cfi=(187)
cfn=(662)
calls=1 343 
* 465
+4 4

fn=(682)
1130 4023
+1 4023
+2 4023
-1 4023
+1 8046
cfi=(192)
cfn=(684)
calls=4023 25 
* 32184

fn=(904)
381 6
+1 2
cfi=(187)
cfn=(906)
calls=2 +70 
* 138
* 4
+3 2
+4 4
-2 6
+3 4

fl=(166) ./string/../sysdeps/x86_64/multiarch/strrchr-avx2.S
fn=(568) __strrchr_avx2
46 1
+1 1
+1 1
+2 1
+1 1
+3 1
+1 1
+1 1
+2 1
+1 1
+1 1
+1 1
+1 1
+1 1
+2 1
+1 1
+12 1
+1 1
219 1
+1 1
+1 1
+1 1
+1 1
+2 1
+1 1
+1 1
+1 2

fl=(179)
fn=(626)
28 1
+1 7
+1 1

fl=(161)
fn=(528)
96 2
+5 1
-5 1
+5 1
-5 3
+5 3
cob=(2)
cfi=(51)
cfn=(516)
calls=1 0 
* 22
+2 4
cob=(2)
cfi=(51)
cfn=(516)
calls=1 0 
* 22
+2 4
cob=(2)
cfi=(51)
cfn=(516)
calls=1 0 
* 22
+2 4
cob=(2)
cfi=(51)
cfn=(516)
calls=1 0 
* 22
+2 4
cob=(2)
cfi=(51)
cfn=(516)
calls=1 0 
* 22
+4 3
+1 1
+1 6

fl=(173)
fn=(610)
28 1
+2 1
+2 1
cfi=(174)
cfn=(612)
calls=1 -2 
* 31

fl=(158)
fn=(514)
50 2
+1 2
-1 4
+1 3
cob=(2)
cfi=(51)
cfn=(516)
calls=1 -51 
* 884
+2 4
cob=(2)
cfi=(51)
cfn=(516)
calls=1 -53 
* 23
+2 6

fl=(199) ./string/../sysdeps/x86_64/multiarch/memmove-vec-unaligned-erms.S
fn=(712) __memcpy_avx_unaligned_erms
307 2052
+1 2052
+6 2052
+1 2052
+42 2052
+1 2052
+2 2052
+1 2052
+2 64
+4 64
+16 64
+1 64
+1 64
+1 64
+1 64
+29 1988
+1 1988
+1 1988
+1 1988
+1 1988

fn=(744) __mempcpy_avx_unaligned_erms
294 24447
+1 24447
+1 24447
+1 24447
+17 24447
+1 24447
+42 24447
+1 24447
+2 24427
+1 24427
+2 231
+4 231
+1 211
+1 211
+1 211
+1 211
+1 63
+1 63
+2 63
+2 63
-2 148
+2 148
+6 20
+1 20
+1 20
+1 20
+1 20
+7 20
+1 20
+1 20
+1 20
+2 20
+17 24196
+1 24196
+1 24196
+1 24196
+1 24196

fl=(105) ./string/../sysdeps/x86_64/multiarch/strcasecmp.c
fn=(346) strcasecmp
31 1
fi=(223)
+1 5
fe=(105)
-1 1

fl=(219) ./stdlib/./stdlib/cxa_finalize.c
fn=(838) __cxa_finalize
30 6
+3 6
-3 21
+3 12
+3 9
+4 18
-4 9
+58 12
+4 18
-4 9
+11 6
+1 6
cfi=(220)
cfn=(840)
calls=3 -30 
* 48
+1 12
+1 24

ob=(2)
fl=(51)
fn=(164) 0x0000000004002050
0 12
cob=(1)
cfi=(52) ./elf/./elf/dl-error-skeleton.c
cfn=(166) _dl_catch_exception
calls=6 175 
0 15393

fn=(710)
0 4104
cob=(3)
cfi=(199)
cfn=(712)
calls=2052 307 
0 26804

fn=(864) 0x000000000483f040
0 2
cob=(3)
cfi=(219)
cfn=(838)
calls=1 30 
0 72

fn=(516)
0 38
cob=(1)
cfi=(10) ./elf/./elf/dl-tunables.c
cfn=(24) __tunable_get_val
calls=19 405 
0 391
cob=(1)
cfi=(159) ./elf/../sysdeps/x86_64/dl-trampoline.h
cfn=(522) _dl_runtime_resolve_xsave
calls=1 67 
0 857
0 5

fn=(566)
0 2
cob=(3)
cfi=(166)
cfn=(568)
calls=1 46 
0 28

fn=(672)
0 4
cob=(3)
cfi=(177)
cfn=(674)
calls=2 3287 
0 529

fn=(800)
0 304
cob=(3)
cfi=(211)
cfn=(802)
calls=152 51 
0 2888

fn=(856) 0x000000000483f334
0 3
cob=(5) /usr/libexec/valgrind/vgpreload_core-amd64-linux.so
cfi=(163) ???
cfn=(858) 0x00000000000010e0
calls=1 0 
0 105
0 2

fn=(644)
0 4
cob=(3)
cfi=(183)
cfn=(646)
calls=2 181 
0 131122

fn=(698) 0x00000000001091a0
0 4559590
cob=(3)
cfi=(177)
cfn=(674)
calls=2279795 3287 
0 171726431

fn=(702) 0x00000000001091b0
0 4104
cob=(3)
cfi=(197)
cfn=(704)
calls=2052 27 
0 100676

fn=(706)
0 52632
cob=(3)
cfi=(198)
cfn=(708)
calls=26316 50 
0 368424

fn=(714) 0x00000000001091f0
0 2449624
cob=(3)
cfi=(200)
cfn=(716)
calls=1224812 34 
0 23287805

fn=(734) 0x0000000000109180
0 54631852
cob=(3)
cfi=(203)
cfn=(736)
calls=27315926 83 
0 579066008

fn=(894) 0x00000000048d58c8
0 4

fn=(572) 0x000000000485a000
0 7

fn=(756) 0x0000000000109190
0 33774554
cob=(4) /usr/lib/x86_64-linux-gnu/libm.so.6
cfi=(206) ./math/../sysdeps/x86_64/fpu/s_fmin.S
cfn=(758) fmin
calls=16887277 23 
0 101323662

fn=(836) 0x0000000000109110
0 2
cob=(3)
cfi=(219)
cfn=(838)
calls=1 30 
0 72

fn=(160) 0x0000000004002080
0 2
cob=(1)
cfi=(52)
cfn=(162) _dl_catch_error
calls=1 225 
0 2782

fn=(742)
0 48894
cob=(3)
cfi=(199)
cfn=(744)
calls=24447 294 
0 367464

fn=(544) 0x000000000483f000
0 6
cob=(5)
cfi=(163)
cfn=(548) 0x0000000000001170
calls=1 0 
0 12
0 1
cob=(5)
cfi=(163)
cfn=(556) 0x00000000000012f0
calls=1 0 
0 5
0 2

fn=(592)
0 7

fn=(718) 0x0000000000109150
0 48452
cob=(3)
cfi=(201)
cfn=(720)
calls=24226 33 
0 3720312

fn=(884) 0x000000000485a1e0
0 2
cob=(3)
cfi=(219)
cfn=(838)
calls=1 30 
0 72

fn=(764) 0x0000000000109120
0 4384618
cob=(3)
cfi=(177)
cfn=(766)
calls=2192309 3352 
0 211553604

fn=(794) 0x00000000001091c0
0 76
cob=(3)
cfi=(209)
cfn=(796)
calls=38 25 
0 49040

fn=(602)
0 2
cob=(1)
cfi=(49) ./elf/./elf/dl-audit.c
cfn=(606) _dl_audit_preinit
calls=1 117 
0 5
cob=(1)
cfi=(159)
cfn=(522)
calls=1 67 
0 868
0 5

fn=(618) 0x0000000000109170
0 4
cob=(3)
cfi=(177)
cfn=(620)
calls=2 3624 
0 133187

fn=(648) 0x00000000001091e0
0 1684958
cob=(3)
cfi=(184)
cfn=(650)
calls=842479 25 
0 1392584780

fn=(760) 0x0000000000109130
0 2920204
cob=(4)
cfi=(207) ./math/../sysdeps/ieee754/dbl-64/e_log2.c
cfn=(762) log2@@GLIBC_2.29
calls=1460102 44 
0 108047548

fn=(852) 0x000000000010b240
0 4

ob=(4)
fl=(141) ./math/../sysdeps/x86_64/fpu/multiarch/e_log.c
fn=(450) __log_finite@GLIBC_2.15
27 1
fi=(132) ./math/../sysdeps/x86_64/fpu/multiarch/ifunc-avx-fma4.h
+5 5
+1 2
fe=(141)
-6 1

fl=(134) ./math/../sysdeps/x86_64/fpu/multiarch/s_sin.c
fn=(426) cos
34 1
fi=(132)
-2 5
+1 2
fe=(134)
+1 1

fn=(476) sin
27 1
fi=(132)
+5 5
+1 2
fe=(134)
-6 1

fl=(133) ./math/../sysdeps/x86_64/fpu/multiarch/e_expf.c
fn=(422) expf@@GLIBC_2.27
27 1
fi=(130) ./math/../sysdeps/x86_64/fpu/multiarch/ifunc-fma.h
+2 4
+1 3
fe=(133)
-3 1

fl=(144) ./math/../sysdeps/x86_64/fpu/multiarch/s_fma.c
fn=(462) fma
49 6

fl=(131) ./math/../sysdeps/x86_64/fpu/multiarch/e_exp.c
fn=(418) __exp_finite@GLIBC_2.15
27 1
fi=(132)
+5 5
+1 2
fe=(131)
-6 1

fl=(146) ./math/../sysdeps/x86_64/fpu/multiarch/e_atan2.c
fn=(472) __atan2_finite@GLIBC_2.15
26 1
fi=(132)
+6 5
+1 2
fe=(146)
-7 1

fl=(140) ./math/../sysdeps/x86_64/fpu/multiarch/e_log2f.c
fn=(446) log2f@@GLIBC_2.27
27 1
fi=(130)
+2 4
+1 3
fe=(140)
-3 1

fl=(168) ???
fn=(878) 0x000000000000e420
0 9
cob=(2)
cfi=(51)
cfn=(884)
calls=1 0 
0 74
0 1
cfn=(888) 0x000000000000e3b0
calls=1 0 
0 5
0 3

fn=(576) 0x000000000000e460
0 12

fn=(888)
0 5

fl=(143) ./math/../sysdeps/x86_64/fpu/multiarch/s_sinf.c
fn=(458) sinf
26 1
fi=(130)
+3 4
+1 3
fe=(143)
-4 1

fl=(129) ./math/../sysdeps/x86_64/fpu/multiarch/s_cosf.c
fn=(414) cosf
26 1
fi=(130)
+3 4
+1 3
fe=(129)
-4 1

fl=(138) ./math/../sysdeps/x86_64/fpu/multiarch/e_pow.c
fn=(442) __pow_finite@GLIBC_2.15
27 1
fi=(139) ./math/../sysdeps/x86_64/fpu/multiarch/ifunc-fma4.h
+4 4
+1 2
fe=(138)
-5 1

fl=(207)
fn=(762)
44 1460102
fi=(228) ./math/../sysdeps/ieee754/dbl-64/math_config.h
+23 1460102
fe=(207)
-28 1460102
+17 4380306
-17 1460102
+17 2920204
+28 4380306
+17 1460102
+37 1460102
-30 1460102
-4 1460102
-3 1460102
+37 1460102
-15 1460102
-19 1460102
-2 1460102
+1 1460102
+1 1460102
-2 1460102
+6 1460102
+15 1460102
-19 1460102
+16 5840408
-15 1460102
+15 1460102
-15 1460102
+15 1460102
-15 1460102
+15 2920204
fi=(228)
-41 1460102
fe=(207)
+41 1460102
+8 1460102
+10 1460102
-4 1460102
fi=(228)
-55 1460102
fe=(207)
+55 1460102
+4 1460102
fi=(228)
-59 1460102
fe=(207)
+59 1460102
fi=(228)
-59 1460102
fe=(207)
+59 1460102
-15 1460102
+15 1460102
-3 2920204
-6 2920204
+9 2920204
-8 1460102
+8 2920204
-8 1460102
+8 2920204
-16 2920204
+2 1460102
+15 1460102
-15 2920204
+6 1460102
+9 2920204
+1 1460102

fl=(136) ./math/../sysdeps/x86_64/fpu/multiarch/s_sincosf.c
fn=(434) sincosf
26 1
fi=(130)
+3 4
+1 3
fe=(136)
-4 1

fl=(142) ./math/../sysdeps/x86_64/fpu/multiarch/e_asin.c
fn=(464) __asin_finite@GLIBC_2.15
27 1
fi=(139)
+4 4
+1 2
fe=(142)
-5 1

fn=(454) __acos_finite@GLIBC_2.15
35 1
fi=(139)
-4 4
+1 2
+3 1
fe=(142)

fl=(135) ./math/../sysdeps/x86_64/fpu/multiarch/e_logf.c
fn=(430) logf@@GLIBC_2.27
27 1
fi=(130)
+2 4
+1 3
fe=(135)
-3 1

fl=(145) ./math/../sysdeps/x86_64/fpu/multiarch/e_exp2f.c
fn=(468) exp2f@@GLIBC_2.27
27 1
fi=(130)
+2 4
+1 3
fe=(145)
-3 1

fl=(206)
fn=(758)
23 16887277
+1 16887277
+1 16887277
+1 16887277
+1 16887277
+23 16887277

fl=(137) ./math/../sysdeps/x86_64/fpu/multiarch/e_powf.c
fn=(438) powf@@GLIBC_2.27
30 1
fi=(130)
-1 4
+1 4
fe=(137)

ob=(1)
fl=(151) ./elf/../sysdeps/nptl/dl-mutex.c
fn=(498) __rtld_mutex_init
30 2
+10 3
-10 1
+10 2
-10 1
+7 1
+3 2
cfi=(152) ./elf/./elf/dl-lookup-direct.c
cfn=(500) _dl_lookup_direct
calls=1 +34 
* 175
+4 2
+1 8
+2 3
-2 1
+2 3
cfi=(152)
cfn=(500)
calls=1 +27 
* 198
+4 2
+1 6
+1 2
-1 1
+1 2

fl=(49)
fn=(606)
117 1
+1 4

fn=(206) _dl_audit_objopen
76 3
+1 12

fn=(854) _dl_audit_objclose
96 5
+1 20

fn=(154) _dl_audit_activity_map
28 6
+2 1
-1 1
+1 2
+6 6

fn=(532) _dl_audit_activity_nsid
40 6
+4 3
-4 3
+4 3
-4 3
+4 3
-4 6
+4 3
+1 3
+1 12
+4 18

fl=(24) ./elf/../sysdeps/nptl/dl-tls_init_tp.c
fn=(266) __tls_init_tp
68 2
fi=(229) ./elf/../include/list.h
-24 1
fe=(24)
+24 1
fi=(229)
-25 1
fe=(24)
+26 1
+3 1
fi=(229)
-29 1
+1 1
+1 1
+2 1
fe=(24)
+28 4
+1 2
+1 1
+5 2
+5 1
+6 1
-3 1
+3 1
-6 3
+6 1
+13 3
fi=(76) ./elf/../sysdeps/unix/sysv/linux/rseq-internal.h
-72 1
fe=(24)
+72 1
cfi=(10)
cfn=(24)
calls=1 405 
* 20
fi=(76)
-74 3
+2 6
+3 2
+3 1
fe=(24)
+83 3
+7 2
+2 1
+1 1
+1 3

fn=(84) rtld_mutex_dummy
42 10
+2 20

fn=(66) __tls_pre_init_tp
53 3
+3 8
+5 1
-5 1
+5 1
+1 1
-6 1
+8 1

fl=(7) ./elf/./elf/dl-minimal.c
fn=(494) lookup_malloc_symbol
61 8
+3 4
-3 16
+3 4
-3 4
+3 8
-1 4
+1 12
cfi=(79) ./elf/./elf/dl-lookup.c
cfn=(280) _dl_lookup_symbol_x
calls=4 840 
* 2280
+4 28
+1 28
+2 4
fi=(150) ./elf/./dl-sym-post.h
-30 8
+12 12
fe=(7)
+19 20

fn=(136) strsep
239 2
+3 4
+2 2
+1 4
+4 33
+7 84
-2 56
+13 1
+4 4
-22 14
+15 14
-15 30

fn=(490) __rtld_malloc_init_real
76 2
+10 1
fi=(149) ./elf/../sysdeps/generic/dl-hash.h
-41 1
fe=(7)
+31 1
fi=(149)
-32 1
fe=(7)
+32 5
+11 1
-1 1
fi=(149)
-43 1
+5 3
+14 4
-17 3
+3 15
+14 20
-17 15
fe=(7)
+46 2
fi=(149)
-24 1
fe=(7)
+22 1
+2 2
fi=(149)
-19 1
fe=(7)
+19 1
cfn=(494)
calls=1 -30 
* 619
+1 3
-1 1
+1 1
cfn=(494)
calls=1 -31 
* 619
+1 3
-1 1
+1 1
cfn=(494)
calls=1 -32 
* 605
+1 3
-1 1
+1 1
cfn=(494)
calls=1 -33 
* 597
+5 1
+1 1
+1 1
+1 1
+1 7

fn=(12) __rtld_malloc_init_stubs
42 1
+1 2
+1 2
+1 2
+1 2
+1 1

fl=(54) ./elf/./elf/dl-misc.c
fn=(224) _dl_sysdep_read_whole_file
36 2
+3 1
-3 6
+3 1
-3 1
+3 1
cfi=(55) ./io/../sysdeps/unix/sysv/linux/open64_nocancel.c
cfn=(178) __open_nocancel
calls=1 -11 
* 19
+1 2
+23 7
-21 4
cfi=(58) ./io/../sysdeps/unix/sysv/linux/fstat64.c
cfn=(190) fstat
calls=1 -13 
* 15
* 2
+2 2
+3 2
+13 2
cfi=(64) ./io/../sysdeps/unix/sysv/linux/close_nocancel.c
cfn=(204) __GI___close_nocancel
calls=1 -35 
* 6
* 1
-11 6
cfi=(60) ./misc/../sysdeps/unix/sysv/linux/mmap64.c
cfn=(194) mmap
calls=1 -2 
* 9
* 2

fn=(174) _dl_name_match_p
68 234
+1 78
cfi=(32) ./string/../sysdeps/x86_64/strcmp.S
cfn=(90) strcmp
calls=39 +39 
* 1640
* 78
+3 39
+2 78
+6 39
-6 78
+1 141
cfi=(32)
cfn=(90)
calls=47 +33 
* 2153
* 94
+8 8
-13 8
+13 55
-1 31
+1 93

fl=(1) ???
fn=(0) 0x0000000000020290
0 2
cfi=(2) ./elf/./elf/rtld.c
cfn=(2) _dl_start
calls=1 527 
0 160885
0 14
cfi=(162) ./elf/./elf/dl-init.c
cfn=(540) _dl_init
calls=1 77 
0 442
0 3
cob=(6)
cfi=(169)
cfn=(584) (below main)
calls=1 0 
0 6645379910

fl=(12) ./elf/./elf/dl-sort-maps.c
fn=(22) _dl_sort_maps_init
281 2
+1 4
cfi=(10)
cfn=(24)
calls=1 405 
* 20
+2 3
-1 1
+2 2

fn=(246) _dl_sort_maps
290 20
+8 2
-8 2
+8 4
+4 16
-79 4
-37 2
+37 2
-36 8
+1 2
-1 2
+1 2
-1 4
+1 8
-1 8
+1 8
-1 16
+36 30
+8 6
-3 2
+2 2
+1 2
-8 2
+5 2
+3 8
+2 24
+2 10
-90 50
cfn=(248) dfs_traversal.part.0
calls=10 -5 
* 385
+93 20
+18 4
+13 2
+33 2
-26 8
cfi=(29) ./string/../sysdeps/x86_64/multiarch/memmove-vec-unaligned-erms.S
cfn=(80) memcpy
calls=2 -64 
* 38
* 2

fn=(248)
140 80
+10 10
-2 10
+2 20
+2 28
+3 34
-3 68
+9 20
+15 30
+1 10
+1 60
-17 15

fl=(22) ./string/../sysdeps/x86_64/multiarch/strlen-vec.S
fn=(60) strlen
41 21
+44 21
+1 21
+1 21
+1 21
+1 21
+1 21
+1 21
+2 21
+2 21
+31 20
+1 20
+1 20
+1 20
+1 20
+1 12
+2 12
+4 8
+1 8
+1 8
+1 8
+1 8
+1 8
+1 8
+1 8
+1 8
+1 8
+1 8
+1 8
+5 64
+4 1
+1 14
+1 8

fl=(23) ./elf/../misc/sbrk.c
fn=(62) sbrk
37 5
+3 1
+18 2
+4 2
+16 5

fl=(152)
fn=(500)
74 30
+2 3
-2 3
+4 3
-4 3
+2 3
+2 9
+37 3
-37 9
+1 6
+2 12
+3 25
-52 3
+54 6
-54 3
+54 3
-54 9
+1 9
+2 6
+1 6
+12 12
+3 3
+2 3
-2 3
+2 9
cfi=(32)
cfn=(90)
calls=3 +55 
* 207
* 6
+4 6
+1 3
-1 3
+1 18
+1 9
cfi=(32)
cfn=(90)
calls=3 +49 
* 75
* 6
+57 27
-23 6

fl=(27) ./elf/./elf/dl-minimal-malloc.c
fn=(144) __minimal_free
95 4
+2 16

fn=(76) __minimal_malloc
35 145
+1 29
+11 29
-11 58
+11 58
+3 29
-3 29
+3 166
+18 29
+1 29
+2 116
-16 8
+1 4
+2 2
+1 14
cfi=(60)
cfn=(194)
calls=2 -12 
* 18
* 2
+2 4
+2 4
+2 2
+4 2
-4 4
-23 1
-1 1
+1 1
+1 2
-2 2

fn=(72) __minimal_calloc
78 10
+4 10
-4 40
+7 10
+1 30
fi=(28) ./elf/../include/rtld-malloc.h
-30 10
cfi=(27)
cfn=(76)
calls=10 -21 
* 285
fe=(27)

fl=(43) ./string/../sysdeps/x86_64/memcmp.S
fn=(124) bcmp
22 1
+5 1
+1 1
+1 1
+1 1
+1 1
+1 1
+1 1
+1 1
+3 1
+1 1
+1 1
+1 1
+1 1
+1 1
+1 1
+1 1
+1 1
+2 1
+1 1
+17 1
+1 1
+17 1
+1 1
+1 1
+1 1
+1 1
+4 1
+47 1
+1 1
+1 1
+1 1
+1 1
+1 1
+1 1
+1 1
+1 1
+1 1
+1 1
+1 1
+1 1

fl=(53) ./setjmp/../sysdeps/x86_64/setjmp.S
fn=(168) __sigsetjmp
30 6
+2 6
+9 6
+1 12
+1 6
+4 6
+1 6
+1 6
+1 6
+1 6
+2 12
+2 6
+1 6
+1 6
+2 12
+2 6
+8 6
+3 6
+1 6
+7 6
+1 6

fl=(15) ./elf/../sysdeps/x86/dl-get-cpu-features.c
fn=(32) _dl_x86_init_cpu_features
37 1
+2 3
+2 1
cfi=(16) ./elf/../sysdeps/x86/cpu-features.c
cfn=(34) init_cpu_features.constprop.0
calls=1 399 
* 7219

fn=(502) __x86_cpu_features
71 1
-32 3
+32 2

fl=(45) ./string/./string/strdup.c
fn=(140) strdup
40 20
+1 4
cfi=(22)
cfn=(60)
calls=4 * 
* 122
* 4
fi=(230) ./string/../include/rtld-malloc.h
+15 8
cfi=(27)
cfn=(76)
calls=4 -21 
* 100
fe=(45)
-12 8
+4 4
-1 12
+1 8
-1 4
cfi=(29)
cfn=(80)
calls=4 212 
* 52

fl=(26) ./elf/./elf/dl-object.c
fn=(82) _dl_add_to_namespace_list
31 8
+2 4
-2 8
+2 4
-2 8
+2 4
cfi=(24)
cfn=(84)
calls=4 +9 
* 12
+2 31
+3 36
+2 3
+2 3
+4 3
+4 3
-4 6
+1 3
+4 3
-4 3
+1 3
+3 3
-3 3
+3 3
-1 3
cfi=(24)
cfn=(84)
calls=3 -8 
* 9
-4 1
+4 1
-4 2
+1 1
+4 1
-4 1
+1 1
+3 1
-3 1
+3 1
-1 1
cfi=(24)
cfn=(84)
calls=1 -8 
* 3
-5 2

fn=(70) _dl_new_object
59 56
+3 8
+18 3
+3 3
-3 3
+3 3
cfi=(22)
cfn=(60)
calls=3 -42 
* 69
+4 6
-4 6
+9 6
fi=(28)
-48 9
cfi=(27)
cfn=(72)
calls=3 +34 
* 136
fe=(26)
+48 1
fi=(28)
-48 3
cfi=(27)
cfn=(72)
calls=1 +34 
* 43
* 4
fe=(26)
+51 8
+5 4
-2 4
+6 4
-4 4
+4 4
-5 4
+4 4
+1 4
-1 4
+1 8
cfi=(29)
cfn=(80)
calls=4 212 
* 55
* 8
+2 4
+13 8
+6 1
+2 7
+3 2
-3 21
+3 6
+9 4
-7 4
+4 4
+3 17
+2 1
-2 3
+2 15
-2 45
+16 8
-5 4
+5 4
-6 4
+6 4
-6 4
+6 8
+2 6
+3 6
-3 6
+7 12
+4 6
+8 2
+3 2
+10 3
-10 6
+10 9
+2 3
+21 3
-21 3
cfi=(22)
cfn=(60)
calls=3 41 
* 105
* 9
+17 3
-13 9
+50 9
cfi=(29)
cfn=(128) mempcpy
calls=3 -46 
* 47
* 3
+5 6
+1 6
-1 100
+1 100
+2 6
+3 3
+3 3
+4 36
131 11
-12 6
+34 1
+7 4
+8 12
fi=(28)
56 6
cfi=(27)
cfn=(76)
calls=3 -21 
* 75
* 3
fe=(26)
200 12
64 2
+2 3
+1 2
+10 5
-6 2

fl=(10)
fn=(54) __GI___tunable_set_val
157 15
-55 5
+55 5
-55 5
+55 5
-55 35
+9 5
+1 5
fi=(231) ./elf/./dl-tunable-types.h
-22 10
fe=(10)
+22 20
+1 40
fi=(11) ./elf/./elf/dl-tunables.h
+8 10
+1 5
fe=(10)
-6 15
fi=(11)
+15 5
fe=(10)
-12 10
+4 10
+7 10
+1 10
+3 30
+1 5
+1 5
+1 5
+24 5
fi=(11)
-30 15
fe=(10)

fn=(24)
405 34
+3 238
+9 34
-9 130
+9 10
+17 170
+2 34
-9 24
+1 24

fn=(18) __GI___tunables_init
282 9
-9 7
71 98
+6 31
-3 31
+3 2237
-3 31
-3 62
357 8
81 62
+5 93
fi=(11)
+54 31
fe=(10)
-54 31
fi=(11)
+54 31
+1 82
-1 70
+1 20
-1 31
+1 62
fe=(10)
323 124
-18 4340
+6 6820
fi=(11)
140 279
+1 558
-1 19
+1 76
-1 95
fe=(10)

fl=(60)
fn=(194)
47 32
+3 32
+8 64
+2 16

fl=(2)
fn=(156) handle_preload_list
894 10
+5 1
-5 2
+5 2
+6 1
-64 1
+54 3
+7 3
cfi=(50) ./string/../sysdeps/x86_64/strcspn.S
cfn=(158) strcspn
calls=1 25 
* 233
* 1
+1 3
+9 1
191 1
914 2
191 2
916 2
-80 1
+5 5
-10 1
+8 1
-4 1
+1 1
+1 1
+4 1
cob=(2)
cfi=(51)
cfn=(160)
calls=1 0 
* 2784
+1 3
+8 3
+67 1
-18 2
+21 9
-15 4
cfi=(29)
cfn=(80)
calls=1 212 
* 19
+1 2

fn=(170) map_doit
663 2
+2 1
-2 1
+2 1
+1 2
-1 2
+1 3
cfi=(31) ./elf/./elf/dl-load.c
cfn=(172) _dl_map_object
calls=1 2022 
* 2683
* 1
+2 2

fn=(64) dl_main
1320 2
205 1
311 1
1320 2
2818 1
1320 3
2829 1
1320 2
2698 1
1320 2
311 1
1320 3
207 1
310 1
205 1
+99 3
1332 1
cfi=(24)
cfn=(66)
calls=1 53 
* 17
2677 3
+6 5
-4 1
+4 1
+2 3
cfi=(25) ./elf/./elf/dl-environ.c
cfn=(68) _dl_next_ld_env_entry
calls=1 28 
* 35
* 4
cfi=(25)
cfn=(68)
calls=2 28 
* 186
* 9
+4 6
-2 2
+2 6
+1 2
-1 6
+1 17
-1 89
+9 12
2845 4
+32 2
1348 1
+1 2
-1 2
+1 2
2774 3
+1 3
-56 2
+7 2
1627 9
cfi=(26)
cfn=(70)
calls=1 59 
* 230
* 1
+2 2
+1 1
+6 2
-6 1
+1 2
+1 3
+4 1
cfi=(26)
cfn=(82)
calls=1 31 
* 36
+1 2
1140 1
1326 1
1169 1
-29 1
+11 1
+18 2
-21 1
+21 1
-19 1
-4 1
+23 1
-21 1
+21 2
+57 1
-83 1
+23 1
+4 1
+19 1
+22 1
+15 5
-56 116
1275 4
+2 1
1169 18
fi=(30) ./elf/../sysdeps/x86/dl-prop.h
105 2
fe=(2)
1282 22
+6 4
cfi=(31)
cfn=(88) _dl_process_pt_gnu_property
calls=1 868 
* 20
-7 26
+1 13
+6 13
-6 26
fi=(30)
212 4
+1 2
95 8
+10 2
212 1
105 1
-2 1
-3 1
+2 1
+3 1
-4 2
+92 4
-1 1
-87 3
+3 3
+1 2
+1 2
+4 3
+4 3
+3 3
+1 2
+4 1
+1 4
+58 3
+2 4
-56 4
+1 2
+3 4
+3 2
+1 8
+5 4
+2 4
+5 4
+14 2
-1 4
+2 2
fe=(2)
1174 1
-5 1
+5 2
-5 2
+30 1
-9 1
+27 1
-27 1
+2 1
-3 1
+10 2
-20 2
-10 1
+10 1
+1 9
-11 2
+57 4
-1 4
+1 8
-1 4
+2 8
+1 1
+2 12
+1 14
+4 8
+1 8
+1 4
+1 10
+1 1
+4 1
-74 1
+74 2
-74 2
+74 3
-74 3
+74 6
-74 6
fi=(30)
165 2
fe=(2)
1271 1
1169 1
1271 1
1169 2
1294 1
+3 2
+2 1
-5 2
+3 2
+2 2
+2 2
1662 3
+2 1
-1 1
+1 2
+1 2
-2 1
+2 1
-2 2
cfi=(32)
cfn=(90)
calls=1 108 
* 34
* 2
+7 1
+3 1
-5 1
+3 1
+2 1
+1 2
+4 2
+2 2
fi=(3) ./elf/./get-dynamic-info.h
39 3
+6 1
-2 1
+2 2
+9 1
+5 1
+3 1
+2 1
-3 1
-3 1
-3 17
+13 5
-23 20
+23 22
-23 88
+4 54
+5 24
+2 5
+16 3
+25 3
+5 2
+7 2
+1 3
+22 3
+5 2
+2 2
+2 2
+2 2
+1 1
+3 3
+2 3
+1 2
+9 2
+6 2
+1 2
+3 2
fe=(2)
1688 3
+7 2
cfi=(8) ./elf/./elf/dl-setup_hash.c
cfn=(14) _dl_setup_hash
calls=1 25 
* 29
+3 2
fi=(33) ./elf/./setup-vdso.h
24 2
fi=(35) ./elf/../sysdeps/unix/sysv/linux/dl-vdso-setup.h
+21 1
fe=(2)
1723 1
cfi=(13) ./elf/../sysdeps/unix/sysv/linux/dl-sysdep.c
cfn=(100) _dl_discover_osversion
calls=1 46 
* 109
* 8
fi=(37) ./elf/./dl-main.h
109 5
cfi=(31)
cfn=(106) _dl_init_paths
calls=1 706 
* 2926
fe=(2)
1731 3
cfi=(46) ./elf/./elf/dl-debug.c
cfn=(146) _dl_debug_initialize
calls=1 56 
* 30
+7 1
-7 1
+2 1
+5 1
+4 1
+3 1
-3 3
+1 2
+3 1
+5 1
-7 1
+7 1
+1 3
+12 2
+1 2
+5 1
-3 2
+2 1
+1 2
+5 3
+1 5
-1 2
233 1
-1 1
+1 3
+1 2
-2 1
+2 2
1793 2
+5 1
-1 1
+1 1
+24 1
cfi=(47) ./elf/../elf/dl-tls.c
cfn=(148) _dl_count_modids
calls=1 197 
* 6
* 1
fi=(48) ./elf/../sysdeps/generic/dl-debug.h
29 3
+1 2
fe=(2)
1828 2
+1 1
cfi=(46)
cfn=(152) _dl_debug_state
calls=1 116 
* 2
+1 1
+4 3
cfi=(49)
cfn=(154)
calls=1 28 
* 16
+5 3
+2 1
+2 2
+9 2
+16 4
cfi=(65) ./io/../sysdeps/unix/sysv/linux/access.c
cfn=(208) access
calls=1 25 
* 9
* 2
+76 4
+16 3
85 1
1970 1
85 2
1970 2
85 1
1970 5
cfi=(66) ./elf/./elf/dl-deps.c
cfn=(210) _dl_map_object_deps
calls=1 159 
* 14888
92 1
1976 1
92 2
+9 2
1976 2
+1 5
-1 4
+1 8
-1 16
+4 4
+1 3
+1 1
+2 2
+1 4
-1 13
+1 12
+12 3
+1 2
+2 1
+2 3
+2 1
-4 1
+5 1
-1 2
+14 2
+1 2
+1 3
+11 2
+2 1
-2 1
+2 2
-2 1
+1 2
+1 1
-1 2
+1 1
cfi=(52)
cfn=(250) _dl_receive_error
calls=1 238 
* 7601
+10 2
+1 2
+3 2
862 1
fi=(232) ./elf/../sysdeps/unix/sysv/linux/dl-osinfo.h
64 2
fe=(2)
864 1
+6 1
+3 1
+7 1
-5 1
2052 3
2282 3
1778 2
+6 1
-6 2
+6 1
+2 3
fi=(30)
198 4
+2 1
+1 1
+2 1
-3 3
+3 1
fi=(3)
59 4
+3 4
+2 4
fi=(34) ./elf/../sysdeps/unix/sysv/linux/dl-vdso.h
-24 1
+1 2
fe=(2)
2331 1
1325 1
2342 1
-4 2
+10 1
-6 1
+6 1
+3 2
+8 1
fi=(30)
36 1
fe=(2)
2359 1
fi=(30)
37 3
+3 1
+13 7
-13 4
+9 8
-9 1
+9 25
+4 20
-16 15
+34 3
cfi=(77) ./elf/../sysdeps/x86/dl-cet.c
cfn=(270) _dl_cet_check
calls=1 252 
* 30
fe=(2)
2361 2
+54 3
+3 1
85 4
2422 1
+1 22
+2 10
+5 10
+2 10
+6 5
+2 15
+1 32
cfi=(78) ./elf/./elf/dl-reloc.c
cfn=(272) _dl_relocate_object
calls=4 194 
* 93510
+4 12
+1 2
-23 1
+23 1
cfi=(47)
cfn=(412) _dl_add_to_slotinfo
calls=1 1015 
* 28
-23 6
92 3
+1 1
2454 1
93 1
2454 1
+5 4
+2 1
+7 3
cfi=(47)
cfn=(480) _dl_allocate_tls_init
calls=1 528 
* 146
+3 2
fi=(3)
72 2
+10 3
+1 4
+1 4
+1 4
+2 4
+5 4
+1 4
+1 5
fi=(35)
-64 3
+3 1
+3 1
+3 1
fi=(34)
+16 2
fe=(2)
2434 1
+1 1
-3 2
+49 3
+2 4
+10 1
cfi=(147) ./elf/./elf/dl-find_object.c
cfn=(482) _dl_find_object_init
calls=1 561 
* 713
+5 2
cfi=(7)
cfn=(490)
calls=1 76 
* 2548
+3 1
cfi=(151)
cfn=(498)
calls=1 30 
* 415
85 1
2507 1
+1 3
85 3
2508 2
cfi=(78)
cfn=(272)
calls=1 194 
* 5070
92 3
+9 2
2516 3
cfi=(153) ./elf/./elf/dl-call-libc-early-init.c
cfn=(504) _dl_call_libc_early_init
calls=1 27 
* 1353
+7 1
cfi=(9) ./elf/../elf/dl-sysdep.c
cfn=(530) _dl_sysdep_start_cleanup
calls=1 262 
* 2
+4 3
cfi=(49)
cfn=(532)
calls=1 40 
* 21
+5 2
cfi=(46)
cfn=(186) _dl_debug_update
calls=1 38 
* 7
+1 1
-1 1
+2 1
cfi=(46)
cfn=(152)
calls=1 116 
* 2
+1 1
+4 1
cfi=(68) ./elf/./elf/dl-cache.c
cfn=(534) _dl_unload_cache
calls=1 537 
* 18
+5 8
1741 4
1995 2
+50 2
cfn=(258) init_tls
calls=1 756 
* 789
* 2
2726 4
+2 2
+1 1
+46 2
+2 1
+1 1
-1 1
+1 1
+1 1
85 1
1847 1
85 2
1847 1
85 1
1847 2
cfn=(156)
calls=1 894 
* 3107
* 1
92 3
+9 3
1948 16
+1 1
-1 1
+4 3
+1 1
+1 2
+1 2
-7 2
fi=(30)
170 3
-39 2
fe=(2)

fn=(252) version_check_doit
696 3
+2 4
cfi=(75) ./elf/./elf/dl-version.c
cfn=(254) _dl_check_all_versions
calls=1 361 
* 7573
* 2
+4 2

fn=(2)
527 10
85 1
fi=(6) ./elf/../sysdeps/x86_64/dl-machine.h
-40 1
fe=(2)
557 1
-4 1
85 2
556 1
85 1
fi=(3)
-40 1
fe=(2)
556 1
fi=(3)
45 2
+9 1
+5 1
+3 1
+2 1
+4 1
-7 1
-3 1
-3 14
+13 4
-23 16
+23 14
-23 56
+4 36
+5 20
+2 5
+3 4
fi=(4) ./elf/../sysdeps/generic/ldsodefs.h
+21 1
fi=(3)
-8 3
+10 4
+1 4
+1 4
+1 4
+2 4
+5 4
+1 4
+1 4
+3 3
+5 2
+7 3
+1 3
+8 2
+1 2
+5 3
+3 3
fe=(2)
573 1
fi=(6)
71 1
fe=(2)
573 42
fi=(6)
414 1
fi=(5) ./elf/./elf/do-rel.h
86 1
fe=(2)
573 2
fi=(5)
49 1
+37 1
-37 1
+37 1
+2 1
-2 1
+2 1
-2 1
+27 2
-27 1
fe=(2)
573 2
fi=(5)
49 1
+37 1
-37 1
+37 1
+2 1
-2 1
+2 1
-2 1
+27 3
+1 2
fi=(6)
534 2
fi=(5)
114 282
fi=(6)
534 282
+1 142
fi=(5)
113 142
fi=(6)
535 284
fi=(5)
113 284
+5 4
+8 7
fi=(6)
326 12
fi=(5)
126 21
+2 7
+2 7
-2 7
fi=(6)
287 7
fi=(5)
130 7
-2 7
+1 14
fi=(6)
287 14
+9 70
+3 14
+27 33
fe=(2)
573 6
fi=(5)
50 1
fi=(4)
+30 2
fi=(6)
326 2
+20 12
+1 6
fe=(2)
575 1
+13 1
cfi=(7)
cfn=(12)
calls=1 42 
* 10
+4 2
85 1
488 2
85 3
488 1
cfi=(8)
cfn=(14)
calls=1 25 
* 29
+2 2
-1 1
+1 2
+17 1
-15 1
-2 1
+17 1
-15 1
+9 1
-11 1
+17 1
cfi=(9)
cfn=(16) _dl_sysdep_start
calls=1 85 
* 158792
* 1
+2 2
+98 9
fi=(3)
62 4
+2 4
fe=(2)
573 3

fn=(258)
756 3
+2 1
+4 1
-4 1
+4 2
+11 1
fi=(28)
44 1
fe=(2)
768 1
+4 1
fi=(28)
44 1
cfi=(27)
cfn=(72)
calls=1 +34 
* 36
fe=(2)
783 1
-12 1
+6 1
-9 1
+11 1
+4 1
+2 3
-1 2
+3 10
+4 1
+2 1
-2 2
-5 1
-1 2
+10 3
+3 2
cfi=(47)
cfn=(260) _dl_tls_static_surplus_init
calls=1 97 
* 79
+3 1
cfi=(47)
cfn=(262) _dl_determine_tlsoffset
calls=1 221 
* 76
+7 1
cfi=(47)
cfn=(264) _dl_allocate_tls_storage
calls=1 422 
* 442
* 1
+1 2
+6 1
+3 2
-3 1
+3 6
+3 1
cfi=(24)
cfn=(266)
calls=1 68 
* 75
+1 1
+3 5
-39 4
-1 9

fl=(216)
fn=(824)
31 9
+20 3
-3 7
+3 4
+3 2
cob=(3)
cfi=(217)
cfn=(826)
calls=1 +23 
* 43
+2 1
+3 2
+2 6
+7 2
-2 1
+2 1
cfi=(49)
cfn=(532)
calls=1 -28 
* 21
+5 14
+5 1
-5 1
+5 3
+2 10
+2 10
+2 10
+1 5
+1 5
+4 5
-12 15
+14 6
+1 4
+6 5
cfi=(12)
cfn=(246)
calls=1 290 
* 379
+9 2
cob=(3)
cfi=(218)
cfn=(828)
calls=1 367 
* 34
+5 6
+2 1
+2 3
-2 4
+2 12
+3 10
+3 15
+4 4
+11 8
+1 2
+1 4
+1 10
+1 4
cob=(4)
cfi=(168)
cfn=(878)
calls=1 0 
* 92
cob=(6)
cfi=(169)
cfn=(830) 0x0000000000001620
calls=1 0 
* 92
-1 10
+5 6
+1 9
cob=(2)
cfi=(51)
cfn=(894)
calls=1 0 
* 4
cob=(2)
cfi=(51)
cfn=(856)
calls=1 0 
* 110
cob=(2)
cfi=(51)
cfn=(852)
calls=1 0 
* 4
+6 10
cfi=(49)
cfn=(854)
calls=5 -57 
* 25
+5 5
-45 15
+49 3
cfi=(49)
cfn=(532)
calls=1 40 
* 21
* 2
-38 9
+3 2
+41 6
+6 2
+7 8
73 2

fl=(25)
fn=(68)
28 3
+1 3
+3 39
+13 29
-13 58
+2 62
+1 18
+5 2
-3 2
+3 2
+2 2
+7 1

fl=(64)
fn=(204)
25 4
+1 16
+1 4

fl=(147)
fn=(482)
561 4
+3 1
+2 2
+13 1
cfn=(486) _dlfo_process_initial
calls=1 474 
* 95
+1 1
-1 1
+1 1
fi=(28)
56 1
cfi=(27)
cfn=(76)
calls=1 -21 
* 25
fe=(147)
580 1
fi=(28)
56 1
fe=(147)
582 2
+3 2
+5 1
+1 1
cfn=(486)
calls=1 474 
* 358
+3 3
+10 4
-37 2
cfi=(148) ./elf/./dl-find_object.h
cfn=(484) _dl_find_object_from_map
calls=1 95 
* 68
* 1
+29 2
cfn=(488) _dlfo_sort_mappings
calls=1 -60 
* 128
+3 6
+2 1

fn=(486)
474 2
+3 2
-3 2
+1 2
+3 4
+26 14
+1 6
+1 10
-1 20
+3 36
+3 32
-7 10
+25 2
+2 8
-18 24
+3 8
-1 8
cfi=(148)
cfn=(484)
calls=4 95 
* 247
+2 16

fn=(488)
536 1
+1 2
+3 4
+4 1
+1 1
-1 1
+1 2
-1 2
+1 2
-1 2
+1 10
+1 36
-1 18
+8 9
+1 6
-1 3
-13 6
+14 9
+1 6
-15 6
+17 1

fl=(19) ./elf/../sysdeps/x86/dl-cacheinfo.h
fn=(52) get_common_cache_info.constprop.0
481 1
+17 1
-17 4
+16 1
-16 1
+15 1
-15 3
+18 1
-1 1
+9 2
+3 3
+11 1
-11 1
-5 1
+21 3
+4 2
681 4
+1 5
+4 2
+9 2
-2 1
+2 2
-1 1
+1 3
535 6
+3 8
+7 2
-7 9
+7 6
+3 26
+14 2
+4 1
+3 1
+1 1
-4 2
+3 3
+6 2
-37 6
+15 2
+4 1
+1 1
-1 2
+18 2
-68 6
+74 4
+8 7
+2 2
+4 3
+2 1
+2 5
-4 1
+16 1
-16 3
+21 2
-21 4
+3 1
+1 4
-4 1
+6 4
+3 2
+5 1
+2 2
+1 1
+1 1
-2 2
+1 1
-19 5
+46 2
+1 1
+1 2
+2 2
-1 3
-23 2
+7 1
+2 2
-16 1
+22 1
-6 2
+1 1
+5 1

fn=(46) handle_intel.constprop.0
255 24
-5 24
+16 12
-16 72
+13 12
+1 36
-3 24
+11 60
+5 24
+2 12
+1 12
-1 12
+5 48
cfn=(48) intel_check_word.constprop.0
calls=12 123 
* 3876
+2 24
+3 60
cfn=(48)
calls=12 123 
* 1156
+2 24
+3 5
cfn=(48)
calls=1 123 
* 20
+2 2
+3 5
cfn=(48)
calls=1 123 
* 255
+2 2
-35 3
+39 3
+5 96

fn=(48)
123 78
-4 78
+10 104
-10 26
+10 52
+2 52
+71 200
-71 102
+2 63
+2 126
+8 126
+51 102
+22 51
fi=(20) ./elf/../bits/stdlib-bsearch.h
28 51
-1 102
+4 102
+1 51
fe=(19)
+78 102
fi=(20)
-79 76
+1 38
fe=(19)
+78 76
+3 345
fi=(20)
-84 820
+2 512
+1 256
fe=(19)
+78 512
+15 15
246 104
fi=(20)
37 63
-8 151
fe=(19)
155 36
+3 36
-6 54
+3 14
+9 14
+23 19
-32 57
+3 57
+4 50
+2 100
+2 50
+2 36
+4 11
+2 22
+6 14
+3 8
+1 12
-8 4
+2 4
-1 4
-1 4
+2 8
-2 4
+3 12
-2 12
+2 8
-10 24
+1 10
+11 12
-26 4
+9 4
+23 2
-32 6
+3 6
+4 8
+2 16
+2 8
-11 3
+7 6
+2 12

fl=(39) ./elf/../sysdeps/x86_64/dl-hwcaps-subdirs.c
fn=(110) _dl_hwcaps_subdirs_active
29 1
fi=(18) ./elf/../sysdeps/x86/get-isa-level.h
+2 1
fe=(39)
+7 1
fi=(18)
-7 2
-1 2
fe=(39)
+22 1
fi=(18)
-20 3
+4 1
fe=(39)
+2 1
fi=(18)
-2 2
+3 4
+1 4
+5 1
fe=(39)
-7 1
fi=(18)
+7 3
fe=(39)
-2 1
fi=(18)
+5 2
+1 3
+2 4
+1 2
+1 2
+6 1
fe=(39)
-11 1
fi=(18)
+11 1
-3 2
fe=(39)

fl=(59) ./io/../sysdeps/unix/sysv/linux/fstatat64.c
fn=(192) fstatat
153 28
-55 28
+70 33
+1 5
-2 18
+1 18

fl=(160) ./elf/./elf/dl-runtime.c
fn=(524) _dl_fixup
46 16
+2 10
+1 2
+6 2
fi=(233) ./elf/../sysdeps/x86_64/dl-runtime.h
-27 2
fe=(160)
+21 2
+5 2
+1 2
-6 2
+6 4
+1 2
+2 2
-2 2
+2 2
-2 10
+7 4
+4 4
+4 6
+4 6
+1 8
-7 8
+16 2
-1 2
+1 4
+10 20
cfi=(79)
cfn=(280)
calls=2 840 
* 1451
* 2
+4 10
+10 20
+15 8
+9 6
+26 6
fi=(6)
+70 2
fe=(160)
-66 12

fl=(78)
fn=(272)
194 10
+14 5
-14 45
+16 5
-16 10
+14 5
+2 10
+3 5
-1 5
+1 10
+19 10
+6 25
-34 8
+38 8
+7 16
fi=(6)
71 14
+6 8
+4 6
+14 2
-8 2
+8 4
+20 4
+4 10
-2 4
fe=(78)
288 205
-83 2
fi=(6)
474 8
fe=(78)
205 4
+83 4
fi=(5)
49 2
fe=(78)
288 2
fi=(5)
60 2
-11 4
+11 4
fe=(78)
288 3
-83 3
fi=(6)
474 12
fe=(78)
205 6
+83 6
fi=(5)
49 3
fe=(78)
288 3
fi=(5)
60 3
-11 6
+11 6
fe=(78)
288 10
fi=(5)
49 5
fe=(78)
288 5
fi=(5)
60 5
-11 10
+11 10
-7 2
-1 2
+11 16
fi=(6)
545 48
+4 48
+3 72
+1 24
fi=(5)
63 72
+2 324
+2 171
-4 171
+13 12
+1 16
+1 114
fi=(6)
545 57
+34 114
+2 57
cob=(4)
cfi=(134)
cfn=(476)
calls=1 27 
* 9
cob=(4)
cfi=(146)
cfn=(472)
calls=1 26 
* 9
cob=(4)
cfi=(145)
cfn=(468)
calls=1 27 
* 9
cob=(4)
cfi=(142)
cfn=(464)
calls=1 27 
* 8
cob=(4)
cfi=(144)
cfn=(462)
calls=1 49 
* 6
cob=(4)
cfi=(143)
cfn=(458)
calls=1 26 
* 9
cob=(4)
cfi=(142)
cfn=(454)
calls=1 35 
* 8
cob=(4)
cfi=(141)
cfn=(450)
calls=1 27 
* 9
cob=(4)
cfi=(140)
cfn=(446)
calls=1 27 
* 9
cob=(4)
cfi=(138)
cfn=(442)
calls=1 27 
* 8
cob=(4)
cfi=(137)
cfn=(438)
calls=1 30 
* 9
cob=(4)
cfi=(136)
cfn=(434)
calls=1 26 
* 9
cob=(4)
cfi=(135)
cfn=(430)
calls=1 27 
* 9
cob=(4)
cfi=(134)
cfn=(426)
calls=1 34 
* 9
cob=(4)
cfi=(133)
cfn=(422)
calls=1 27 
* 9
cob=(4)
cfi=(131)
cfn=(418)
calls=1 27 
* 9
cob=(4)
cfi=(129)
cfn=(414)
calls=1 26 
* 9
cob=(3)
cfi=(128)
cfn=(408)
calls=1 31 
* 23
cob=(3)
cfi=(127)
cfn=(406)
calls=1 31 
* 7
cob=(3)
cfi=(126)
cfn=(402)
calls=1 33 
* 22
cob=(3)
cfi=(125)
cfn=(400)
calls=1 29 
* 7
cob=(3)
cfi=(123)
cfn=(396)
calls=1 29 
* 23
cob=(3)
cfi=(122)
cfn=(392)
calls=1 33 
* 17
cob=(3)
cfi=(120)
cfn=(388)
calls=1 29 
* 22
cob=(3)
cfi=(119)
cfn=(384)
calls=1 29 
* 17
cob=(3)
cfi=(118)
cfn=(380)
calls=1 29 
* 21
cob=(3)
cfi=(117)
cfn=(378)
calls=1 31 
* 7
cob=(3)
cfi=(116)
cfn=(374)
calls=1 29 
* 17
cob=(3)
cfi=(115)
cfn=(370)
calls=1 31 
* 21
cob=(3)
cfi=(114)
cfn=(366)
calls=1 29 
* 21
cob=(3)
cfi=(112)
cfn=(362)
calls=2 31 
* 38
cob=(3)
cfi=(110)
cfn=(358)
calls=1 29 
* 22
cob=(3)
cfi=(109)
cfn=(356)
calls=1 31 
* 7
cob=(3)
cfi=(108)
cfn=(352)
calls=1 29 
* 17
cob=(3)
cfi=(107)
cfn=(350)
calls=1 43 
* 7
cob=(3)
cfi=(106)
cfn=(348)
calls=1 29 
* 7
cob=(3)
cfi=(105)
cfn=(346)
calls=1 31 
* 7
cob=(3)
cfi=(104)
cfn=(344)
calls=1 66 
* 17
cob=(3)
cfi=(102)
cfn=(340)
calls=2 31 
* 46
cob=(3)
cfi=(100)
cfn=(336)
calls=1 31 
* 17
cob=(3)
cfi=(99)
cfn=(332)
calls=1 30 
* 21
cob=(3)
cfi=(98)
cfn=(328)
calls=2 29 
* 44
cob=(3)
cfi=(97)
cfn=(324)
calls=1 28 
* 21
cob=(3)
cfi=(96)
cfn=(322)
calls=1 61 
* 19
cob=(3)
cfi=(94)
cfn=(318)
calls=2 31 
* 42
cob=(3)
cfi=(92)
cfn=(314)
calls=1 29 
* 22
cob=(3)
cfi=(91)
cfn=(310)
calls=1 29 
* 19
cob=(3)
cfi=(89)
cfn=(306)
calls=1 29 
* 24
cob=(3)
cfi=(87)
cfn=(302)
calls=1 29 
* 19
cob=(3)
cfi=(86)
cfn=(300)
calls=1 65 
* 17
cob=(3)
cfi=(85)
cfn=(298)
calls=1 29 
* 7
cob=(3)
cfi=(83)
cfn=(294)
calls=2 31 
* 42
-36 57
+37 57
fi=(5)
77 173
fe=(78)
288 40
+3 30
+24 5
+3 10
+17 15
+2 40
-98 10
+3 2
+7 4
-9 2
fi=(5)
86 16
+2 16
+12 8
-14 32
+14 16
+10 12
+3 16
+1 4
fi=(6)
529 4
fi=(5)
114 4
fi=(6)
529 8
fi=(5)
114 1200
fi=(6)
529 1200
fi=(5)
114 1200
fi=(6)
529 2400
+5 2408
+1 1204
fi=(5)
113 1204
fi=(6)
535 1204
-5 1204
fi=(5)
113 2408
+7 32
+4 24
+2 12
-73 4
fi=(6)
484 4
fi=(5)
52 4
fi=(6)
484 8
fi=(5)
128 8
+1 4
+1 4
-2 4
+2 4
+3 4
-5 4
+2 4
-2 4
+1 8
+2 4
-2 4
+2 12
+2 8
-5 240
+1 120
+1 120
-2 120
+2 120
+3 120
-5 120
+2 120
-2 120
+1 240
+2 120
-2 120
+2 360
+2 240
+9 122
fi=(6)
262 244
+21 244
+4 244
+7 488
fi=(4)
138 318
fi=(6)
294 4091
cfi=(79)
cfn=(280)
calls=103 840 
* 62609
* 927
+2 318
+30 730
450 309
fi=(5)
145 345
-19 372
+32 20
+1 6
fi=(6)
294 2
+22 2
-22 4
fi=(5)
160 6
+3 2
+4 2
-4 2
+4 4
-2 2
-2 2
+2 2
+1 2
-1 4
fi=(6)
294 8
508 2
-1 4
+1 4
+1 2
cfi=(15)
cfn=(502)
calls=1 71 
* 6
cob=(3)
cfi=(81)
cfn=(290)
calls=1 86 
* 28
+1 2
fi=(5)
159 2
fi=(6)
510 2
fi=(5)
159 8
-14 3
+1 54
fi=(6)
490 3
+5 2
-1 3
+1 2
-1 1
cfi=(29)
cfn=(80)
calls=1 212 
* 11
+2 4
+1 1
-75 54
+4 72
+5 18
+9 18
-9 36
+9 18
fi=(5)
145 68
fi=(6)
296 164
+3 116
-3 116
+3 232
+2 5
+3 2
+1 3
+11 2
+7 1
cob=(3)
cfi=(86)
cfn=(300)
calls=1 65 
* 17
* 3
+3 2
fi=(5)
135 10
+3 2
fi=(6)
296 100
+3 100
-3 216
+3 4
fi=(5)
50 10
fe=(78)
308 14
fi=(6)
-14 29
fe=(78)
+49 25
+3 5
-3 5
+3 5
+4 10
+1 20
cfi=(72) ./misc/../sysdeps/unix/syscall-template.S
cfn=(236) mprotect
calls=5 117 
* 30
* 10
-63 6
fi=(5)
53 2
175 7
+2 2
+1 2
-1 1
+3 1
-3 4
+3 2
-3 10
+1 10
-1 5
+3 5
-3 20
+3 10
+8 6
fi=(6)
+74 12
+21 12
+4 12
+7 24
fi=(4)
138 18
fi=(6)
294 204
cfi=(79)
cfn=(280)
calls=6 840 
* 3515
* 54
+2 18
+30 36
450 12
fi=(5)
191 18
-16 18
+30 4
fi=(6)
+91 2
+3 2
-3 2
+3 4
-3 2
+3 2
-3 4
fe=(78)

fl=(50)
fn=(158)
25 1
+2 1
+7 1
+1 1
+2 1
+1 1
+1 1
+1 1
+1 33
+3 3
+7 1
+1 1
+1 1
+1 1
+2 1
+1 1
+1 1
+1 1
+2 1
+1 1
+1 1
+9 3
+12 1
+2 1
+1 1
+1 1
-4 12
+2 12
+1 12
+1 12
+2 13
+1 13
+1 13
+2 13
+1 13
+1 13
+2 13
+1 13
+1 13
+2 1
+1 1
+1 1
+2 1
+7 1
+4 1

fl=(36) ./posix/../sysdeps/unix/syscall-template.S
fn=(102) uname
120 5
+2 1

fl=(46)
fn=(152)
116 2
+1 2

fn=(146)
56 1
+3 2
+4 1
-6 1
+4 1
+2 2
+22 2
+5 2
+1 1
+1 1
-1 1
-1 1
+5 2
+4 2
+8 2
-43 2
+32 6

fn=(186)
38 4
+3 4
-1 8
+4 8
+4 4

fl=(66)
fn=(214) openaux
61 15
+7 5
-4 10
+1 5
-1 40
cfi=(31)
cfn=(172)
calls=5 2022 
* 12251
* 5
+5 10

fn=(210)
159 5
+1 3
-1 1
+1 1
-1 2
+1 1
-1 3
+1 1
-1 4
+1 12
-8 1
-7 1
+15 1
-14 1
+6 1
+8 1
-15 1
+7 1
-8 1
+1 1
+7 1
-7 1
+31 3
-28 3
-2 1
+31 1
-33 2
+2 2
+30 2
-30 1
-1 4
+7 4
+24 2
-32 1
+60 1
-60 2
+36 1
fi=(74) ./elf/../include/scratch_buffer.h
77 3
fe=(66)
198 1
fi=(74)
78 1
fe=(66)
200 2
+98 1
198 1
+4 1
+7 1
+4 4
-4 4
+4 16
+11 14
-18 2
+18 4
433 15
+2 3
+3 3
-3 6
+3 3
fi=(28)
56 3
cfi=(27)
cfn=(76)
calls=3 -21 
* 75
* 3
fe=(66)
439 6
+6 3
+1 15
cfi=(29)
cfn=(80)
calls=3 212 
* 33
+1 15
cfi=(29)
cfn=(80)
calls=3 212 
* 33
+4 3
-1 3
+5 20
204 12
458 12
-1 5
+1 10
199 3
+27 15
+5 3
+6 3
-5 3
-1 3
+2 6
+4 12
-31 3
+31 3
+1 9
+6 12
cfi=(31)
cfn=(212) _dl_dst_count
calls=3 -6 
* 150
* 8
cfi=(31)
cfn=(212)
calls=2 -6 
* 108
* 15
+4 10
-2 5
+2 10
cob=(2)
cfi=(51)
cfn=(164)
calls=5 0 
* 12646
+1 10
+9 5
+2 10
+5 15
+6 3
+2 3
-8 6
+3 3
+1 3
+1 3
+1 3
+4 15
+4 15
+1 9
-43 320
+1 154
+44 225
-38 10
fi=(74)
85 3
fe=(66)
464 6
+1 1
+3 4
+11 3
fi=(28)
56 1
cfi=(27)
cfn=(76)
calls=1 -21 
* 25
* 1
fe=(66)
481 2
+5 3
+1 1
-1 2
+4 2
-2 1
+2 1
-2 2
+13 4
+5 4
-16 12
-2 4
+6 4
+7 4
-2 8
-5 1
+7 1
-2 2
+2 2
+5 1
-16 6
+19 2
+52 3
+37 3
+15 1
-11 1
+11 1
-14 2
+20 1
-1 3
+1 3
-1 5
cfi=(12)
cfn=(246)
calls=1 290 
* 330
+5 1
+3 1
-1 1
+2 2
+7 3
+3 3
+3 8
214 32
+3 3
fi=(74)
-86 9
cfi=(73) ./malloc/./malloc/scratch_buffer_set_array_size.c
cfn=(240) __libc_scratch_buffer_set_array_size
calls=3 30 
* 60
fe=(66)
+86 6
+4 9
613 2
cfi=(29)
cfn=(80)
calls=1 212 
* 19
* 1
-53 2
160 2
380 8

fl=(8)
fn=(14)
25 5
+3 5
-3 5
+3 10
+3 15
+1 10
+2 5
-1 5
+3 15
+1 5
+4 5
-3 5
+7 5
-4 5
-3 5
+2 10
+5 5
-5 5
-2 5
+7 5
-5 5
+10 5

fl=(148)
fn=(484)
95 10
+1 10
+1 5
+6 25
+1 145
+1 100
+2 15
+5 5

fl=(32)
fn=(90)
108 260
+33 260
+1 260
+2 260
+1 260
+21 260
+1 260
+1 227
+1 227
+1 157
+1 157
+1 157
+1 157
+21 157
+1 157
+1 157
+1 157
+1 157
+1 157
+1 157
+5 5
+1 15
+9 5
+1 5
+1 5
+1 5
+1 5
+1 5
+1 5
+1 5
-7 103
+1 103
+1 103
+1 103
+1 103
+1 103
+1 103
+1 103
+1 101
+1 56
+1 56
+1 56
+2 56
+1 56
+1 56
+1 56
+1 56
+1 56
-5 45
+1 45
+1 45
+1 45
+1 45
+1 45
+10 7
+1 7
+1 7
+2 7
+6 7
+1 7
+1 7
+1 7
+1 7
+5 7
+2 4
+1 4
+1 8
+8 4
+1 4
+3 4
+1 4
+1 4
+1 4
+1 4
+1 4
444 7
+1 7
+1 7
+1 7
+1 7
+2 7
+1 7
+1 7
+1 7
+1 7
+1 7
+1 7
+1 2
+3 2
+1 2
+1 2
+6 2
+1 2
+1 4
+4 2
+1 2
+3 2
+1 2
+1 2
+3 2
+1 2
+1 2
+6 2
+1 2
+1 2
+1 2
+1 2
+1 2
818 1
+1 1
+1 1
+1 1
+1 1
+2 1
+1 1
+1 1
+1 1
+1 1
+1 1
+1 1
+1 1
+4 1
+1 1
+1 1
+6 1
+1 1
+1 2
+4 1
+1 1
+3 1
+1 1
+1 1
+3 1
+1 1
+1 1
+6 1
+1 1
+1 1
+1 1
+1 1
+1 1
+72 4
+1 4
+1 4
+1 4
+1 4
+2 4
+1 4
+1 4
+1 4
+1 4
+1 4
+1 4
+1 4
+4 4
+1 4
+1 4
+6 4
+1 4
+1 8
+4 4
+1 4
+3 4
+1 4
+1 4
+3 4
+1 4
+1 4
+6 4
+1 4
+1 4
+1 4
+1 4
+1 4
+72 8
+1 8
+1 8
+1 8
+1 8
+2 8
+1 8
+1 8
+1 8
+1 8
+1 8
+1 8
+1 3
+4 3
+1 3
+1 3
+6 3
+1 3
+1 6
+4 3
+1 3
+3 3
+1 3
+1 3
+3 3
+1 3
+1 3
+6 3
+1 3
+1 3
+1 3
+1 3
+1 3
+7 1
+1 1
+2 1
+1 1
+2 1
+1 1
+1 1
+3 1
+1 1
+1 1
+6 1
+1 1
+1 1
+1 1
+1 1
+1 1
+41 5
+1 5
+1 5
+1 5
+1 5
+2 5
+1 5
+1 5
+1 5
+1 5
+1 5
+1 5
+1 3
+4 3
+1 3
+1 3
+6 3
+1 3
+1 6
+4 3
+1 3
+3 3
+1 3
+1 3
+3 3
+1 3
+1 3
+6 3
+1 3
+1 3
+1 3
+1 3
+1 3
+72 17
+1 17
+1 17
+1 17
+1 17
+2 17
+1 17
+1 17
+1 17
+1 17
+1 17
+1 17
+1 6
+4 6
+1 6
+1 6
+6 6
+1 6
+1 12
+4 6
+1 6
+3 6
+1 6
+1 6
+3 6
+1 6
+1 6
+6 6
+1 6
+1 6
+1 6
+1 6
+1 6
+72 13
+1 13
+1 13
+1 13
+1 13
+2 13
+1 13
+1 13
+1 13
+1 13
+1 13
+1 13
+1 3
+4 3
+1 3
+1 3
+6 3
+1 3
+1 6
+4 3
+1 3
+3 3
+1 3
+1 3
+3 3
+1 3
+1 3
+6 3
+1 3
+1 3
+1 3
+1 3
+1 3
1693 18
+1 18
+1 18
+1 18
+1 18
+2 18
+1 18
+1 18
+1 18
+1 18
+1 18
+1 18
+1 3
+4 3
+1 3
+1 3
+6 3
+1 3
+1 6
+4 3
+1 3
+3 3
+1 3
+1 3
+3 3
+1 3
+1 3
+6 3
+1 3
+1 3
+1 3
+1 3
+1 3
+72 3
+1 3
+1 3
+1 3
+1 3
+2 3
+1 3
+1 3
+1 3
+1 3
+1 3
+1 3
+1 2
+4 2
+1 2
+1 2
+6 2
+1 2
+1 4
+4 2
+1 2
+3 2
+1 2
+1 2
+3 2
+1 2
+1 2
+6 2
+1 2
+1 2
+1 2
+1 2
+1 2
+72 2
+1 2
+1 2
+1 2
+1 2
+2 2
+1 2
+1 2
+1 2
+1 2
+1 2
+1 2
+1 2
+4 2
+1 2
+1 2
+6 2
+1 2
+1 4
+4 2
+1 2
+3 2
+1 2
+1 2
+3 2
+1 2
+1 2
+6 2
+1 2
+1 2
+1 2
+1 2
+1 2
+72 23
+1 23
+1 23
+1 23
+1 23
+2 23
+1 23
+1 23
+1 23
+1 23
+1 23
+1 23
+2 6
+4 6
+1 6
+1 6
+6 6
+1 6
+2 12
+4 6
+1 6
+3 6
+1 6
+1 6
+3 6
+1 6
+1 6
+6 6
+1 6
+1 6
+1 6
+1 6
+1 6
+74 39
+2 39
+1 39
+1 39
+1 39
-3 69
+1 69
+1 69
+1 69
+1 112
+5 56
+6 56
+1 56
+8 56
+1 56
-16 204
+6 204
+1 204
+8 204
+1 204

fl=(73)
fn=(240)
30 30
+4 3
+1 6
+11 3
-1 6
+18 12

fl=(153)
fn=(504)
27 1
+2 2
-2 1
+6 3
-6 1
+6 3
-6 1
+6 1
cfi=(152)
cfn=(500)
calls=1 +41 
* 177
+4 2
+2 4
+2 1
-1 1
+1 2
-1 1
cob=(3)
cfi=(154)
cfn=(506)
calls=1 -7 
* 1152

fl=(159)
fn=(522)
67 2
+5 2
+3 2
+2 2
+10 2
+6 2
+1 2
+1 2
+1 2
+1 2
+1 2
+1 2
+4 2
+1 2
+3 2
+1 2
+2 2
+1 2
+1 2
+1 2
+1 2
+1 2
+2 2
+7 2
+1 2
+1 2
cfi=(160)
cfn=(524)
calls=2 -80 
* 1643
+1 2
+5 2
+1 2
+1 2
+2 2
+1 2
+1 2
+1 2
+1 2
+1 2
+1 2
+2 2
+2 2
+4 2
+2 2

fl=(44) ./string/../sysdeps/x86_64/multiarch/memset-vec-unaligned-erms.S
fn=(132) memset
125 8
+1 40
+6 8
+1 8
+1 7
+1 7
+2 1
+1 1
+1 1
+65 4
+1 4
+2 4
+76 6
+1 6
+5 6
+3 6
+1 6
+3 2
+1 2
+13 2
+1 2
+2 2
+3 1
+3 2
+3 1
+1 1
+1 1
+1 1
+1 1
+1 1
+1 1
-6 27
+1 27
+1 27
+1 27
+1 27
+1 27
+1 27
+3 2
+1 2
+1 2
+1 2
+5 2
+29 1
+1 1
+1 1
+32 1
+1 1
+1 1

fl=(47)
fn=(148)
197 1
+2 2
+1 1
+15 2

fn=(264)
422 2
+13 1
-13 2
+2 1
+12 1
fi=(28)
56 1
cfi=(27)
cfn=(76)
calls=1 -21 
* 53
fe=(47)
437 3
+8 2
fi=(28)
44 1
fe=(47)
445 2
+1 1
+4 321
+19 1
-99 1
+4 1
+1 1
fi=(28)
44 1
cfi=(27)
cfn=(72)
calls=1 +34 
* 36
fe=(47)
376 2
+3 1
+6 2
+90 5

fn=(412)
1015 8
+6 1
+3 1
+1 1
+4 3
+34 2
+3 3
+1 3
+3 6

fn=(480)
528 10
+1 2
+4 1
+6 1
-6 1
+6 1
cfi=(24)
cfn=(84)
calls=1 42 
* 3
+3 3
+12 1
-18 1
-1 1
+43 3
-19 13
+9 3
+1 2
+6 3
+1 1
+2 2
-2 1
+6 1
-4 2
+4 1
-4 2
+3 2
+4 2
+1 4
+2 2
+1 2
+17 1
-8 1
+8 1
+2 3
cfi=(29)
cfn=(128)
calls=1 199 
* 13
* 5
cfi=(44)
cfn=(132)
calls=1 125 
* 25
-49 1
+55 1
-55 4
+6 4
+55 2
cfi=(24)
cfn=(84)
calls=1 42 
* 3
+3 2
+3 9

fn=(262)
221 8
+6 3
+3 2
+36 3
+2 1
-2 1
-2 1
-40 1
-1 1
-1 1
+46 2
+23 3
+3 1
-3 4
+2 2
-2 1
-25 1
+20 1
-20 5
+2 2
+3 1
-1 1
+5 2
-5 1
+1 1
-1 1
+3 2
+2 3
+32 3
-1 1
+1 4
+2 2
-2 2
+53 8

fn=(260)
97 2
+4 1
-4 2
+4 1
-4 2
+4 3
cfi=(10)
cfn=(24)
calls=1 405 
* 21
* 1
+1 4
cfi=(10)
cfn=(24)
calls=1 405 
* 21
* 1
+8 1
-8 1
+6 2
+2 3
+3 1
+2 1
-32 3
+34 3
+1 5

fn=(238) _dl_assign_tls_modid
131 2
+3 1
+13 1
-13 1
+52 1
+2 1
+3 1
+1 2

fl=(31)
fn=(138) expand_dynamic_string_token
385 14
241 2
385 2
241 2
385 2
241 2
cfi=(42) ./string/../sysdeps/x86_64/multiarch/../strchr.S
cfn=(118) index
calls=2 23 
* 72
+3 4
410 2
-11 2
+11 12
-11 2
cfi=(45)
cfn=(140)
calls=2 40 
* 168

fn=(134) fillin_rpath.isra.0
468 7
+4 1
-4 8
+6 3
cfi=(7)
cfn=(136)
calls=1 239 
* 240
* 3
cfi=(7)
cfn=(136)
calls=1 239 
* 8
* 6
+7 2
+2 3
cfn=(138)
calls=1 -98 
* 118
* 1
+4 2
+5 2
cfi=(22)
cfn=(60)
calls=1 41 
* 17
* 1
+1 2
+7 5
+9 15
+1 8
+55 2
fi=(28)
50 2
cfi=(27)
cfn=(144)
calls=1 +45 
* 5
+1 1
fe=(31)
528 2
+4 3
fi=(28)
56 1
cfi=(27)
cfn=(76)
calls=1 -21 
* 25
* 1
fe=(31)
534 2
+5 1
+1 2
-1 1
-1 1
+2 1
cfi=(29)
cfn=(128)
calls=1 199 
* 13
+3 1
-3 1
+1 1
+2 1
+6 1
+1 1
-1 3
+1 11
+1 1
-1 1
+1 2
-1 2
+1 1
-1 1
+1 2
-1 6
+1 1
-1 1
+1 1
-1 3
+1 1
-1 2
+3 1
+1 1
-1 1
+1 2
+1 1
+6 2
+1 2
-57 4
+66 1
+3 8
-46 4

fn=(88)
868 4
+8 4
-8 4
+8 4
-6 4
+12 8
-13 4
+13 4
-13 4
+13 8
+3 12
+1 8
+1 8
+43 4

fn=(176) open_verify.constprop.1
1568 11
+39 3
+19 4
cfi=(55)
cfn=(178)
calls=1 28 
* 19
* 1
+2 2
+11 1
+6 2
-5 1
+5 8
cfi=(56) ./io/../sysdeps/unix/sysv/linux/read_nocancel.c
cfn=(180) __read_nocancel
calls=1 25 
* 6
+2 2
+2 2
+2 2
+6 2
+17 11
fi=(28)
50 2
cfi=(27)
cfn=(144)
calls=1 +45 
* 5
fe=(31)
1856 9
1674 3
+74 2
+5 2
+2 4
+6 2
+6 1
+1 1
-1 3
+1 1
-1 1
+1 2
+1 2
+20 3
+31 1
-31 1
1633 1
1820 2
-31 66
+1 28
+1 8
+4 8
+25 12
+3 18
+3 2
-4 2
+4 4
+6 4
-36 6

fn=(184) _dl_map_object_from_fd
944 30
+10 3
-10 12
+10 3
cfi=(46)
cfn=(186)
calls=3 38 
* 21
* 3
+7 12
+85 12
+10 6
+7 21
cfi=(26)
cfn=(70)
calls=3 59 
* 1078
* 3
+1 6
+11 6
+5 3
-5 3
+1 6
+1 3
+2 3
-2 3
+2 6
+1 9
+1 4
+19 4
-2 2
+2 22
-2 1
+2 40
+10 12
+85 3
-58 3
-34 3
-1 3
+93 3
+6 3
-64 6
+9 3
+55 6
-55 3
-42 3
+97 6
1101 3
-5 6
+15 86
+20 2
+1 1
-22 99
+1 185
1213 6
1110 3
1213 6
1110 9
1218 9
+10 6
+1 3
-1 3
+1 3
-1 9
+1 9
-1 9
+1 9
-1 27
1076 6
1235 6
+10 12
+7 6
fi=(61) ./elf/./dl-map-segments.h
96 3
fe=(31)
1252 9
fi=(61)
28 3
fe=(31)
1252 3
fi=(61)
96 3
fe=(31)
1252 3
fi=(61)
28 6
+1 24
cfi=(60)
cfn=(194)
calls=3 +18 
* 27
+74 6
-1 3
-73 3
+74 3
+3 6
+1 3
+2 3
-3 3
+1 3
+2 3
+7 8
+3 4
cfi=(72)
cfn=(236)
calls=1 -2 
* 6
* 3
+7 3
+2 3
fi=(62) ./elf/./dl-load.h
-37 24
+1 9
+2 24
fi=(61)
+56 48
+8 3
-2 3
+1 3
+2 3
-1 3
+1 3
-1 9
+8 6
+3 6
+8 21
cfi=(44)
cfn=(132)
calls=3 -52 
* 251
+1 6
+5 6
+12 12
-59 60
+2 18
+3 9
-3 18
+2 72
cfi=(60)
cfn=(194)
calls=9 -93 
* 81
* 27
fi=(57) ./elf/../sysdeps/posix/dl-fileid.h
37 9
cfi=(58)
cfn=(190)
calls=3 -8 
* 45
* 6
fe=(31)
999 6
fi=(57)
40 9
fe=(31)
999 3
fi=(57)
40 3
fe=(31)
999 39
+1 18
fi=(57)
49 24
fe=(31)
1515 27
1018 6
+66 13
+1 2
-1 1
+1 1
-1 1
+1 1
cfi=(71) ./io/../sysdeps/unix/sysv/linux/pread64_nocancel.c
cfn=(234) __pread64_nocancel
calls=1 25 
* 7
* 2
+26 38
+26 72
+10 12
-1 12
-1 12
+2 12
+2 12
-2 12
-1 72
+2 24
+1 12
+2 12
-3 12
+3 72
+2 24
+4 24
+1 45
+4 9
+1 9
-1 9
+1 63
-18 9
+28 9
-11 3
+1 3
-1 3
+1 21
-18 3
+28 3
-56 6
+7 3
+2 3
-2 3
+1 3
+1 3
-1 6
+1 24
+50 3
+5 1
-1 2
+5 1
-5 2
-56 1
+61 4
+1 1
+3 1
-3 1
+8 4
+15 6
+1 3
+58 12
+1 9
fi=(63) ./elf/./elf/get-dynamic-info.h
39 6
+6 3
-2 3
+2 6
+9 3
+5 3
+3 3
+2 3
-3 3
-3 3
-3 48
+13 14
-23 56
+23 52
-23 208
+4 132
+5 68
+2 15
+3 12
+13 12
+10 11
+1 12
+1 12
+1 12
+2 12
+5 11
+1 11
+1 12
+3 9
+5 4
+7 6
+1 9
+22 9
+5 4
+2 4
+2 4
+2 4
+4 9
+2 3
+1 2
+9 2
+6 2
+4 6
fe=(31)
1275 6
+1 6
+2 6
+10 9
+19 9
+2 15
+52 9
+1 2
+6 24
+1 60
+6 12
cfn=(88)
calls=3 868 
* 60
-7 78
+1 36
+6 36
-6 72
fi=(30)
95 24
213 3
-1 6
105 6
212 3
105 3
-2 3
-3 3
+2 3
+3 3
-4 6
+92 12
-1 3
-87 9
+3 9
+1 6
+1 6
+4 9
+4 9
+3 9
+1 6
+4 3
+1 12
+58 9
+2 12
-56 10
+1 5
+3 10
+3 5
+1 20
+5 10
+2 10
+5 10
+14 5
-1 10
+2 4
-1 6
fe=(31)
1380 6
cfi=(64)
cfn=(204)
calls=3 25 
* 18
* 6
+13 6
+2 12
+2 6
+16 6
cfi=(8)
cfn=(14)
calls=3 25 
* 87
+4 6
+1 6
+17 6
+1 1
+3 1
+5 1
-5 1
+5 1
-5 2
+5 2
-5 2
+5 2
+10 6
+7 18
+10 6
+1 4
+5 2
cfi=(47)
cfn=(238)
calls=1 131 
* 10
+7 9
cfi=(26)
cfn=(82)
calls=3 31 
* 147
+3 12
+23 21
+1 9
cfi=(49)
cfn=(206)
calls=3 76 
* 15
* 3
fi=(62)
95 10
+2 2
-1 4
+1 2
-1 2
+1 2
-1 2
+1 2
-1 4
+3 8
fe=(31)
1506 15
fi=(30)
198 12
+2 3
+1 3
+2 3
-3 9
fe=(31)
1368 9
fi=(63)
62 12
+2 12
fe=(31)
1084 2
fi=(61)
187 8
cfi=(60)
cfn=(194)
calls=1 47 
* 9
+3 2
fe=(31)
1462 9
+2 2
-1 10
+1 2
-1 2
+1 2
-1 2
cfi=(32)
cfn=(90)
calls=2 108 
* 50
* 4
+2 5
1275 4
fi=(57)
49 3
fi=(30)
170 6
-39 4
fe=(31)

fn=(172)
2022 60
+8 12
+1 24
+3 93
+5 126
+2 54
cfi=(54)
cfn=(174)
calls=18 68 
* 2249
* 36
+4 30
+1 45
+4 6
-1 30
+1 6
+1 6
-1 6
+1 6
cfi=(32)
cfn=(90)
calls=6 108 
* 275
* 12
2329 54
2068 3
+1 3
-1 3
+1 3
-1 3
+1 3
-1 6
-44 3
+53 9
+17 6
-2 3
+2 3
cfi=(42)
cfn=(118)
calls=3 23 
* 72
* 6
2260 2
-1 3
cfn=(138)
calls=1 385 
* 168
+2 1
-3 1
+1 1
+2 2
+4 5
cfn=(176)
calls=1 1568 
* 283
+3 2
-3 1
+3 1
+12 4
+46 1
+1 3
-1 1
+1 9
cfn=(184)
calls=1 944 
* 1819
-1 2
+1 6
-1 2
+1 18
cfn=(184)
calls=2 944 
* 4130
* 9
2098 4
cfi=(22)
cfn=(60)
calls=2 41 
* 34
* 4
+2 4
+7 8
+51 22
cfn=(216) open_path
calls=2 1870 
* 1944
+6 2
-6 2
+6 8
682 2
2165 2
682 4
2252 4
+28 8
+2 8
2111 2
696 6
2111 2
+1 2
696 4
2116 6
682 2
2117 2
682 4
2173 2
+14 4
+2 6
+4 4
cfi=(68)
cfn=(222) _dl_load_cache_lookup
calls=2 416 
* 2337
* 2
+2 4
+4 4
+8 6
+23 12
cfn=(218) open_verify.constprop.0
calls=2 1568 
* 669
+4 4
-4 2
+4 2
+1 4
2131 10
+1 20
682 2
2133 2
682 4
2157 6
+1 4
-16 4

fn=(216)
1870 16
+1 2
-1 12
+1 2
+6 4
+5 32
-7 4
+7 2
-8 2
+8 4
+3 4
+9 12
+7 6
+1 2
-1 2
cfi=(29)
cfn=(128)
calls=2 199 
* 26
-12 2
+12 2
+59 10
-58 8
+3 40
+5 88
cfi=(29)
cfn=(128)
calls=11 199 
* 147
* 44
cfi=(29)
cfn=(128)
calls=11 199 
* 143
+3 22
+6 33
+3 66
cfn=(218)
calls=11 1568 
* 594
* 11
+2 33
+2 20
+65 16
+7 4
-2 4
+2 4
+3 6
-13 2
+27 18
-65 4
+2 2
-50 107
+29 20
+1 70
+6 20
+2 10
-2 10
+2 20
cfi=(67) ./io/../sysdeps/unix/sysv/linux/stat64.c
cfn=(220) stat
calls=10 28 
* 158
* 10
+3 10
-3 20
+1 1
+2 2
-2 1
+2 26
-61 4

fn=(218)
1568 143
+39 39
+19 52
cfi=(55)
cfn=(178)
calls=13 28 
* 280
* 13
+2 26
+11 2
+6 4
-5 2
+5 16
cfi=(56)
cfn=(180)
calls=2 25 
* 12
+2 4
+2 4
+2 4
+6 4
+17 22
fi=(28)
50 4
cfi=(27)
cfn=(144)
calls=2 +45 
* 10
fe=(31)
1856 117
1674 6
+74 4
+5 4
+2 8
+6 4
+6 2
+1 2
-1 6
+1 2
-1 2
+1 4
+1 2
+20 6
+31 2
-31 2
1633 2
1820 4
-31 84
+1 44
+1 16
+4 16
+6 4
+1 28
+10 12
cfi=(71)
cfn=(234)
calls=2 25 
* 14
* 16
+8 36
+15 4
+6 2
-3 2
+1 2
+1 2
+1 4
-3 2
+1 2
+1 2
+2 2
-3 6
-1 2
+4 4
-19 36
+3 4
-4 4
+4 8
+5 2
+1 8
-60 13
+1 3
-1 1
+1 3
cfi=(71)
cfn=(234)
calls=1 25 
* 7
* 3
+16 5
+7 6
1612 22
+62 6
1802 4
-30 2

fn=(212)
238 10
+3 5
-3 10
+7 5
-7 10
+3 5
cfi=(42)
cfn=(118)
calls=5 23 
* 168
+3 10
+20 35

fn=(106)
706 11
+14 1
-14 2
+14 2
cfi=(38) ./elf/./elf/dl-hwcaps.c
cfn=(108) _dl_important_hwcaps
calls=1 175 
* 1847
fi=(28)
56 1
fe=(31)
720 1
fi=(28)
56 1
cfi=(27)
cfn=(76)
calls=1 -21 
* 25
fe=(31)
725 1
+2 2
+7 2
+1 2
-1 3
+5 3
fi=(28)
56 1
cfi=(27)
cfn=(76)
calls=1 -21 
* 25
fe=(31)
739 1
+2 4
+17 1
-10 1
+19 1
-11 1
-9 1
+9 1
+12 2
-10 1
+3 2
+9 1
-7 1
+4 1
+3 2
-3 1
-8 1
+3 1
+8 1
-3 1
+1 16
cfi=(44)
cfn=(132)
calls=4 125 
* 72
+2 18
-14 3
+10 3
+4 3
-12 3
-2 3
+2 3
+4 3
-3 3
+3 3
+1 3
-2 3
+5 6
+1 3
-4 3
+4 3
+15 1
+3 1
-15 1
+7 1
-1 1
+9 2
+2 4
+2 3
+36 5
+2 2
cfi=(22)
cfn=(60)
calls=1 41 
* 17
* 9
-19 1
-2 1
+2 2
+19 9
cfi=(29)
cfn=(80)
calls=1 212 
* 11
* 1
+5 4
-1 2
+2 1
+1 2
-2 4
+1 13
+1 26
-2 52
+5 1
fi=(28)
56 1
cfi=(27)
cfn=(76)
calls=1 -21 
* 25
fe=(31)
836 1
fi=(28)
56 1
fe=(31)
838 2
+6 6
cfn=(134)
calls=1 468 
* 587
+3 3
+6 1
+4 8
-35 2
+5 2

fl=(65)
fn=(208)
25 1
+2 7
+4 1

fl=(68)
fn=(534)
537 1
+1 4
-1 1
+3 2
cfi=(72)
cfn=(536) munmap
calls=1 117 
* 6
+1 1
+4 1
+2 2

fn=(222)
416 20
+2 4
+3 6
+69 3
+5 1
208 1
495 3
208 1
495 2
+3 6
fi=(70) ./elf/../sysdeps/x86/dl-procinfo.h
39 4
+3 6
cfi=(32)
cfn=(90)
calls=2 +66 
* 50
* 8
fe=(68)
212 12
cfi=(10)
cfn=(24)
calls=2 405 
* 42
* 2
+16 4
-16 2
+6 4
+10 2
-7 10
+9 6
+1 2
-37 4
+37 2
+4 4
-5 39
+1 13
-37 26
+37 13
+4 26
+4 45
cfn=(230) _dl_cache_libcmp
calls=15 370 
* 1128
+1 30
359 13
+3 8
228 8
360 9
228 24
+2 10
+20 4
+3 4
+2 8
cfn=(230)
calls=2 370 
* 148
* 4
-7 4
-30 4
+1 2
+95 2
-95 2
-1 16
+96 6
-47 4
+10 4
+1 6
fi=(69) ./elf/../sysdeps/generic/dl-cache.h
125 10
fe=(68)
294 4
+9 4
+3 4
+2 6
+1 4
+5 4
+1 8
+7 4
+21 8
513 4
+12 4
cfi=(22)
cfn=(60)
calls=2 41 
* 68
* 24
+1 2
-1 2
+1 2
-1 2
+1 2
cfi=(29)
cfn=(80)
calls=2 212 
* 22
* 2
+1 2
cfi=(45)
cfn=(140)
calls=2 40 
* 178
+1 16
-3 4
424 4
cfi=(54)
cfn=(224)
calls=1 36 
* 91
* 1
+8 5
+1 8
+3 4
+1 1
-1 3
fi=(69)
194 1
+1 5
fe=(68)
444 1
+1 2

fn=(230)
370 17
+1 17
+32 17
-33 34
+1 38
+2 84
+2 84
-2 168
+20 164
+2 164
-12 67
+2 67
+14 67
+1 67
-29 134
+32 6
-28 4
+8 2
-2 4
+1 4
-1 2
+2 6
+2 2
-3 2
+3 6
+2 4
+9 45

fl=(9)
fn=(16)
85 4
+25 1
-25 6
+25 1
-1 1
+1 102
+11 1
-8 1
+1 1
-4 1
+3 1
+6 1
+2 13
-34 1
-1 1
+36 113
+3 1
+1 1
-5 85
+57 1
-57 1
+58 1
-1 1
-57 3
+29 1
-29 1
+30 1
-1 1
-29 3
+41 1
-41 1
+42 1
-1 1
-41 3
+35 1
-35 1
+36 1
-1 1
-35 3
+32 1
-32 1
+33 1
-1 1
-32 4
+13 1
-13 1
+14 1
-1 1
-13 3
+10 1
-10 1
+11 1
-1 1
-10 3
+7 1
-7 4
224 1
cfi=(10)
cfn=(18)
calls=1 +58 
* 15338
+3 1
cfi=(12)
cfn=(22)
calls=1 +54 
* 32
fi=(13)
36 2
cfi=(14) ./elf/../sysdeps/unix/sysv/linux/brk.c
cfn=(28) brk
calls=1 -1 
* 8
fi=(6)
215 1
cfi=(15)
cfn=(32)
calls=1 37 
* 7224
fe=(9)
+23 3
+1 1
cfi=(22)
cfn=(60)
calls=1 41 
* 17
* 1
+2 2
cfi=(23)
cfn=(62)
calls=1 37 
* 15
* 3
+12 3
+3 5
cfi=(2)
cfn=(64)
calls=1 1320 
* 135735
+2 9

fn=(530)
262 1
+1 1

fl=(29)
fn=(128)
199 36
+1 36
+1 36
+1 36
+17 36
+1 36
+2 7
+1 7
+1 7
+2 6
+1 6
+1 6
+2 6
360 29
+1 29
+2 9
+4 9
+1 4
+1 4
+1 2
+1 2
+1 2
+1 2
+2 2
+2 4
+6 5
+1 5
+1 5
+1 5
+1 5
+29 20
+1 20
+1 20
+1 20
+1 20
+7 1
+1 1
+1 1
+1 1
+1 1
+1 1
+1 1
+11 1
+1 1
+2 1
+1 1
+1 1

fn=(80)
212 22
+1 22
+6 22
+1 22
+2 14
+1 14
+1 14
+2 8
+1 8
+1 8
+2 8
360 8
+1 8
+2 1
+4 1
+1 1
+1 1
+1 1
+1 1
+4 1
+2 1
+39 7
+1 7
+1 7
+1 7
+1 7
+7 6
+1 6
+1 6
+1 6
+1 6
+1 6
+1 6
+11 6
+1 6
+2 6
+1 6
+1 6

fl=(42)
fn=(118)
23 19
+1 19
+1 19
+1 19
+1 19
+1 19
+1 19
+1 19
+1 19
+1 19
+1 19
+1 19
+1 19
+1 19
+1 19
+1 19
+1 19
+1 19
+1 16
+4 16
+1 16
+1 16
+1 16
+2 16
+4 3
+1 3
+1 3
+1 3
+1 3
+1 3
+1 3
+1 3
+1 3
+1 3
+1 3
+1 3
+1 3
+1 3
+1 3
+1 3
+1 3
+1 3
+1 3
+1 3
+1 3
+1 3
+1 3
+1 3
+52 3
+4 3
+1 3
+1 3
+1 3
+2 3

fl=(41) ./elf/./elf/dl-hwcaps_split.c
fn=(122) _dl_hwcaps_split
25 4
+1 3
+21 1
-20 1
+20 3

fn=(120) _dl_hwcaps_contains
66 6
+1 12
+1 6
+9 6

fn=(116) _dl_hwcaps_split_masked
51 55
-25 42
+4 24
+4 48
+1 12
-1 24
+2 24
+5 27
cfi=(42)
cfn=(118)
calls=9 -18 
* 216
+1 18
+3 6
+11 12
+1 12
+1 6
-1 6
+1 6
-2 6
+1 6
+1 3
-1 3
+1 27
cfn=(120)
calls=6 +8 
* 30
* 12
-3 5
+7 44
-19 6
cfi=(22)
cfn=(60)
calls=3 -2 
* 51
* 3

fl=(52)
fn=(250)
238 6
+1 1
+1 1
+3 1
+1 1
+2 1
cfi=(2)
cfn=(252)
calls=1 696 
* 7584
+2 1
+1 1
+1 4

fn=(162)
225 10
+2 2
cob=(2)
cfi=(51)
cfn=(164)
calls=1 0 
* 2759
+1 2
+1 1
+1 1
-1 1
+1 1
+2 5

fn=(166)
175 18
+5 6
-5 18
+5 6
-2 12
+22 6
-1 6
+7 12
-6 6
+3 12
+3 6
cfi=(53)
cfn=(168)
calls=6 30 
* 144
* 24
+2 18
cfi=(66)
cfn=(214)
calls=5 61 
* 12341
cfi=(2)
cfn=(170)
calls=1 663 
* 2698
+2 6
-1 6
+1 6
-1 6
+1 12
+9 24

fl=(67)
fn=(220)
28 20
+1 40
cfi=(59)
cfn=(192)
calls=10 153 
* 98

fl=(55)
fn=(178)
28 15
+3 15
-3 45
+3 90
+8 105
+2 4
-2 33
+2 11

fl=(13)
fn=(100)
46 5
+2 3
+40 2
cfi=(36)
cfn=(102)
calls=1 +32 
* 6
+15 1
-15 2
+20 1
-1 1
+3 12
+4 3
-2 6
+2 11
+3 2
-1 2
+1 6
-3 8
+3 1
-1 1
+1 3
-3 4
+7 3
-1 3
+4 3
-2 3
+2 12
+9 5

fl=(71)
fn=(234)
25 8
+1 16
+1 4

fl=(75)
fn=(254)
361 6
+4 5
-2 2
+4 30
cfn=(256) _dl_check_map_versions
calls=5 155 
* 7488
-2 5
+2 15
-1 5
-1 10
+5 7

fn=(256)
155 40
+15 5
-15 10
+15 10
+2 25
+2 5
+1 5
-1 5
+1 5
+2 10
+3 6
-16 3
-8 3
+28 3
-4 3
+4 6
+16 3
36 6
200 3
36 15
200 2
36 4
200 2
36 10
+1 16
-1 32
+2 63
cfi=(54)
cfn=(174)
calls=21 +30 
* 2598
* 42
208 15
+5 5
-71 10
+71 15
+8 5
-2 5
-2 10
+4 5
-4 30
+4 9
-2 9
-2 18
+4 9
-4 89
56 56
+8 42
+6 42
+16 14
+1 28
+2 14
+5 126
+14 286
+12 387
+4 129
-30 258
224 56
+3 42
+5 9
-11 9
110 14
+3 56
cfi=(32)
cfn=(90)
calls=14 -5 
* 528
* 61
236 20
+5 4
-44 2
+1 2
+52 6
+3 12
+10 56
-7 224
+3 168
-3 12
+3 9
+8 8
+6 4
fi=(28)
44 4
fe=(75)
273 4
fi=(28)
44 4
cfi=(27)
cfn=(72)
calls=4 +34 
* 144
fe=(75)
272 4
fi=(28)
44 4
fe=(75)
274 8
+13 4
-3 4
+3 16
+2 12
+3 12
+4 15
+7 14
+1 14
-1 42
+1 14
+1 14
-2 14
+2 28
+1 42
+3 42
+5 9
-15 9
+2 9
-2 9
+2 9
-2 9
+2 18
-2 5
+2 5
-2 5
+2 5
-2 5
+2 10
+16 15
+5 2
-28 2
+62 45
-29 12
+3 12
+4 56
+6 56
+1 56
+1 56
-1 168
+1 56
-1 56
+1 56
+1 56
+3 168
+4 56
-14 118
+10 9
164 2
+86 2
-94 2
+94 3

fl=(56)
fn=(180)
25 3
+1 12
+1 3

fl=(77)
fn=(270)
252 8
42 1
+9 1
-10 1
+4 1
-4 1
+3 1
+4 2
+1 2
-1 2
+14 2
254 8

fl=(58)
fn=(190)
29 8
+1 8
+5 12
cfi=(59)
cfn=(192)
calls=4 153 
* 32

fl=(72)
fn=(536)
117 5
+5 1

fn=(236)
117 30
+5 6

fl=(79)
fn=(282) do_lookup_x
363 920
+1 115
-1 575
+48 115
-30 230
-11 115
+41 115
-30 345
+30 115
fi=(80) ./elf/../sysdeps/generic/dl-protected.h
44 345
fe=(79)
381 115
fi=(80)
44 460
fe=(79)
395 1416
+4 472
+4 472
-3 472
+3 1888
+1 1416
+3 472
+1 944
+7 472
-3 944
-2 472
+5 1888
+3 3304
570 1104
374 946
+3 946
+4 954
+4 944
+4 944
+88 210
fi=(4)
137 210
+1 315
fe=(79)
528 210
fi=(80)
29 210
fe=(79)
535 804
+16 210
+1 105
+1 210
422 480
-1 240
+2 240
+2 1392
+13 450
-10 1275
+3 108
-1 216
+1 108
-1 108
+2 216
-1 1296
cfn=(284) check_match
calls=108 70 
* 10731
+4 324
+3 6
573 10
+1 920
-35 27
-70 22
171 77
452 840

fn=(280)
840 1150
+10 115
-10 230
+10 115
-10 115
+10 115
204 115
840 115
204 575
581 460
-1 230
+2 115
-1 115
+1 345
-1 345
+1 1435
-1 1435
+1 4305
-1 4305
+2 115
846 115
-4 115
+1 115
+7 115
-8 115
+1 115
+7 424
+3 115
+2 230
-2 115
+6 230
-7 690
+7 50
+1 1610
cfn=(282)
calls=115 363 
* 45605
* 345
+28 115
-23 115
+23 115
-23 230
+24 614
+7 105
-7 105
+40 420
+79 210
-65 315
+3 315
-62 115
+69 1035
-86 60
+18 30
+59 2

fn=(284)
70 108
+3 108
-3 1296
+3 426
+13 105
-13 105
+13 105
-13 105
+13 315
+3 370
cfi=(32)
cfn=(90)
calls=40 +19 
* 1928
* 80
+4 105
+1 210
+2 206
+19 206
+1 824
-38 105
+84 630
-18 4
+2 4
+1 2
-1 4
+1 6
-1 4
+16 18
-45 309
cfi=(32)
cfn=(90)
calls=103 -9 
* 2819
* 206
-44 12
+82 6

fl=(16)
fn=(40) update_active.constprop.0
43 7
+45 1
-41 1
+28 1
-18 1
+31 1
+4 1
-36 1
-1 1
+37 1
-26 1
-11 1
+1 1
+36 2
+1 1
-17 1
-21 1
+25 1
-4 1
-11 1
+28 1
-1 1
-36 1
+18 1
+19 1
-13 1
-4 1
-11 1
+19 1
+11 1
-3 1
-12 1
+14 1
-29 1
+18 1
+9 1
-18 1
+13 1
-13 1
-9 1
+29 2
+3 1
-14 1
-9 1
+9 1
+4 1
+10 1
-17 1
+7 1
+5 1
+5 1
+1 1
-1 1
+1 2
+2 2
+1 4
+3 1
+1 1
-1 1
+1 1
-1 1
+1 1
-1 1
+1 1
+4 2
+4 2
+2 4
+83 3
+12 2
+1 1
+3 3
+4 1
-4 1
+4 1
+67 3
+4 3
fi=(18)
31 1
-3 1
+3 1
-1 2
fe=(16)
296 1
+1 8
-75 3
+1 2
+3 1
-1 1
+9 1
-5 1
+2 1
-2 1
+5 1
fi=(18)
32 3
+4 3
fe=(16)
+83 2
+2 1
+3 2
+10 1
+10 1
-10 1
+10 1
-10 1
+6 1
+4 1
-4 1
-6 1
+6 1
+2 1
-2 1
+2 3
+7 4
fi=(18)
39 3
+1 4
+5 1
-7 1
+7 3
+2 1
+1 2
+1 3
+2 4
+1 2
+1 2
+6 1
-4 1
+4 1
-3 2
fe=(16)
+75 1
-5 2
+4 1

fn=(34)
399 1
+16 1
-16 6
+3 1
+1 1
+1 1
+11 2
+3 6
593 1
+94 5
+1 1
+3 2
+1 1
+6 1
+3 1
fi=(19)
+5 1
+2 1
fe=(16)
-9 1
fi=(19)
+23 2
840 1
+46 1
-46 17
+45 2
+25 2
+21 2
-21 2
+13 3
+8 1
-8 1
+8 1
cfi=(10)
cfn=(24)
calls=1 405 
* 21
* 1
+2 2
+3 4
cfi=(10)
cfn=(24)
calls=1 405 
* 21
* 1
+2 1
+3 2
-3 2
+3 1
-3 1
+3 1
cfi=(10)
cfn=(24)
calls=1 405 
* 21
* 1
+1 5
+16 2
-12 5
cfi=(10)
cfn=(24)
calls=1 405 
* 21
* 1
+1 3
+23 1
-17 5
+3 3
-3 1
cfi=(10)
cfn=(24)
calls=1 405 
* 21
+3 3
-3 2
+3 9
cfi=(10)
cfn=(54)
calls=1 157 
* 58
+1 9
cfi=(10)
cfn=(54)
calls=1 157 
* 58
+1 10
cfi=(10)
cfn=(54)
calls=1 157 
* 58
+3 8
cfi=(10)
cfn=(54)
calls=1 157 
* 58
+2 8
cfi=(10)
cfn=(54)
calls=1 157 
* 58
+4 1
fe=(16)
706 1
fi=(19)
967 2
fe=(16)
706 2
fi=(19)
967 4
fe=(16)
706 1
cfi=(10)
cfn=(24)
calls=1 405 
* 19
+4 3
+14 1
-1 2
+1 3
+47 1
-1 1
+1 1
+46 4
cfi=(10)
cfn=(24)
calls=1 405 
* 19
+2 4
cfi=(10)
cfn=(24)
calls=1 405 
* 19
fi=(21) ./elf/../sysdeps/unix/sysv/linux/x86/cpu-features.c
27 6
fe=(16)
829 2
+45 8
fi=(19)
+19 11
fe=(16)
775 3
+27 2
-10 2
+1 2
+2 3
+1 2
+2 3
+1 2
fi=(19)
-75 3
cfn=(46)
calls=1 255 
* 437
+1 1
-1 2
+1 1
cfn=(46)
calls=1 255 
* 478
+1 1
-1 1
+1 1
cfn=(46)
calls=1 255 
* 503
+3 1
-3 2
+3 1
cfn=(46)
calls=1 255 
* 459
+2 1
-2 1
+2 1
cfn=(46)
calls=1 255 
* 451
+3 1
-2 1
-1 1
+3 1
cfn=(46)
calls=1 255 
* 428
+2 1
-2 1
+2 1
cfn=(46)
calls=1 255 
* 429
+3 1
-2 1
-1 1
+3 1
cfn=(46)
calls=1 255 
* 469
+2 1
-2 1
+2 1
cfn=(46)
calls=1 255 
* 470
+3 1
-3 1
+3 1
cfn=(46)
calls=1 255 
* 494
+2 1
-2 1
+2 1
cfn=(46)
calls=1 255 
* 495
+2 1
-2 1
+2 1
cfn=(46)
calls=1 255 
* 790
+2 3
-2 1
+2 1
cfn=(52)
calls=1 481 
* 215
863 15
fe=(16)
424 6
cfn=(36) get_common_indices.constprop.0
calls=1 -99 
* 71
303 3
+1 2
+1 6
+5 2
+1 6
+5 2
+1 6
429 1
cfn=(40)
calls=1 43 
* 194
+2 1
+2 1
+83 1
-85 2
564 2
+7 2
+2 1
+4 2
+6 2
422 2
-3 1
+14 3
+1 4
+69 1
+10 11
+42 1
+1 1
434 11
+55 3

fn=(36)
325 1
+4 4
+3 3
+5 2
-5 1
+5 1
-5 1
+4 1
+1 1
+1 4
+1 4
+1 3
+1 2
+7 2
+2 5
+5 1
-5 1
+5 1
-5 1
+5 1
-5 2
+5 1
+7 1
-7 4
+7 1
+1 3
+6 1
-6 4
+6 1
fi=(17) ./elf/../sysdeps/unix/sysv/linux/x86/dl-minsigstacksize.h
24 2
+3 2
+1 2
+37 3
+7 1
+2 1
fe=(16)
384 2

fl=(14)
fn=(28)
35 1
+1 3
+1 2
+6 1
+1 1

fl=(162)
fn=(540)
77 12
+1 1
+1 1
+3 3
+8 2
+25 1
+1 5
+1 2
-86 4
+86 8
-86 16
+2 26
cfn=(542) call_init.part.0
calls=4 -7 
* 265
+83 15
+7 8
-92 4
+2 6
cfn=(542)
calls=1 -7 
* 61
+52 2

fn=(542)
26 40
+13 5
-13 5
+16 5
-3 10
+3 10
+5 8
+8 12
+1 12
cob=(2)
cfi=(51)
cfn=(572)
calls=1 -56 
* 7
cob=(2)
cfi=(51)
cfn=(544)
calls=1 -56 
* 26
+3 4
+1 8
+6 4
+2 4
-2 2
+3 13
+1 4
cob=(3)
cfi=(167)
cfn=(570)
calls=1 +13 
* 12
* 8
cob=(4)
cfi=(168)
cfn=(576)
calls=1 -70 
* 12
cob=(3)
cfi=(164)
cfn=(562)
calls=1 -24 
* 74
-1 9
+3 30
-29 2

fl=(38)
fn=(108)
175 5
+1 1
-1 6
+1 1
-1 1
+1 1
-1 1
+1 1
-1 1
+1 2
cfi=(10)
cfn=(24)
calls=1 405 
* 21
* 1
+2 2
+1 3
+26 2
-26 1
+25 1
cfi=(39)
cfn=(110)
calls=1 29 
* 47
fi=(40) ./elf/./dl-hwcaps.h
54 1
fe=(38)
205 1
-1 1
fi=(40)
56 1
+32 1
+1 1
+1 1
fe=(38)
-35 2
cfi=(41)
cfn=(116)
calls=1 -4 
* 13
* 2
fi=(40)
-1 1
+2 2
-2 1
+34 2
+1 2
+1 1
fe=(38)
-32 2
-1 2
+1 2
+1 2
-1 2
-3 4
cfi=(41)
cfn=(116)
calls=2 -4 
* 114
* 2
cfi=(41)
cfn=(116)
calls=1 -4 
* 122
* 6
+48 5
fi=(28)
-47 1
cfi=(27)
cfn=(76)
calls=1 -21 
* 25
fe=(38)
+47 1
+2 2
+3 2
fi=(40)
-52 1
fe=(38)
+55 1
-3 1
fi=(40)
-54 2
+3 1
fe=(38)
+58 2
cfi=(41)
cfn=(122)
calls=1 -90 
* 12
* 2
fi=(40)
-61 1
+2 2
-2 1
+34 2
+1 2
+1 1
fe=(38)
+40 4
+1 2
-1 6
+2 2
+1 2
-2 6
-3 4
cfi=(41)
cfn=(116)
calls=2 -77 
* 114
* 2
cfi=(41)
cfn=(116)
calls=1 -77 
* 122
* 6
+8 2
+9 1
-15 1
+15 2
-15 1
+15 8
+9 2
+4 7
cfi=(43)
cfn=(124)
calls=1 22 
* 41
+1 2
+1 1
+4 1
+1 2
+1 1
-20 2
+19 1
+1 1
-20 2
-1 4
+70 1
+1 1
+4 1
-5 2
+1 4
+4 2
-4 1
+4 4
+1 1
-1 1
+1 2
+1 2
-2 5
+1 1
-1 1
+1 2
+1 2
-2 5
+5 1
+3 2
-3 2
+3 15
+7 1
-7 2
+2 3
+1 4
+2 1
fi=(234) ./elf/../sysdeps/x86/dl-hwcap.h
57 1
fe=(38)
233 2
fi=(234)
57 1
fe=(38)
233 2
fi=(234)
57 1
fe=(38)
233 1
+1 1
cfi=(22)
cfn=(60)
calls=1 41 
* 17
+1 1
+1 1
-6 1
+4 1
+1 1
-5 1
+5 1
+1 1
-1 2
-5 4
+10 3
-2 3
+2 1
+1 1
+1 1
-1 1
+4 4
+1 1
-1 1
+4 2
+4 1
-1 1
+1 4
-1 2
+4 3
+1 3
+19 10
+6 2
fi=(28)
56 1
cfi=(27)
cfn=(76)
calls=1 -21 
* 25
* 1
fe=(38)
283 2
+8 1
fi=(40)
54 1
+2 1
+34 1
-2 2
fe=(38)
-5 1
291 1
fi=(40)
54 1
+35 1
fe=(38)
291 1
fi=(40)
90 1
fe=(38)
-10 2
cfi=(41)
cfn=(116)
calls=1 -29 
* 13
* 2
fi=(40)
-26 2
+2 1
fe=(38)
+27 1
fi=(40)
-29 1
+34 2
+1 2
+1 1
fe=(38)
-8 2
+1 4
+7 2
-7 10
cfi=(29)
cfn=(128)
calls=2 199 
* 26
+4 2
+2 2
+2 2
-2 4
-9 4
cfi=(41)
cfn=(116)
calls=2 -29 
* 114
* 2
cfi=(41)
cfn=(116)
calls=1 -29 
* 122
* 6
304 1
+2 1
-2 1
-48 2
+72 1
-72 1
376 2
+13 2
-58 1
+45 1
+13 1
-58 1
-75 1
+82 1
+10 2
-92 1
+88 1
+4 3
-4 1
+3 7
-3 2
-3 1
+3 1
cfi=(29)
cfn=(128)
calls=1 199 
* 18
* 2
-3 1
+3 1
cfi=(29)
cfn=(128)
calls=1 199 
* 18
* 2
+3 2
-3 4
+3 5
+1 12
+1 2
-2 1
+2 1
cfi=(29)
cfn=(128)
calls=1 199 
* 15
* 2
-2 2
+5 8
cfi=(29)
cfn=(128)
calls=2 199 
* 30
* 4
+2 5
+5 6
+1 1
-1 3
+1 7
-1 25
+5 11
+4 1
-1 1
+1 2
-4 12
+4 2
-1 2
+1 13
-1 9
+1 18
+1 24
-1 12
-1 12
+2 24
-1 24
-1 24
+4 9
+3 1
+2 2
-1 1
-1 1
+2 1
-2 1
+2 2
-1 1
+1 2
+2 6
+1 2
+3 2
-6 2
+6 3
+7 8
+1 1
-1 2
+3 2
-3 3
+1 3
-1 6
+3 6
+3 4
-80 2
+86 9
-20 1
+1 2
-6 3
259 2
+1 2
+1 4
-1 3
+12 4
-44 2
+34 4
-2 3

ob=(5)
fl=(163)
fn=(548)
0 12

fn=(858)
0 11
cob=(2)
cfi=(51)
cfn=(864)
calls=1 0 
0 74
0 10
cfn=(870) 0x0000000000001070
calls=1 0 
0 5
0 5

fn=(870)
0 5

fn=(556)
0 5

ob=(6)
fl=(176)
fn=(732) newOrder
702 143598
+2 20514
-2 266682
+2 20514
cob=(2)
cfi=(51)
cfn=(698)
calls=20514 0 
* 1074066
+6 20514
-4 20514
+4 20514
-6 20514
+6 20514
-5 20514
+5 20514
-3 20514
+3 41028
cob=(2)
cfi=(51)
cfn=(648)
calls=20514 0 
* 22052753
* 41028
86 41028
-2 20514
+2 41028
+1 191250
-1 573750
+1 191250
-1 573750
+3 20514
718 41028
+2 41520
+4 726
-4 1452
+1 62163
cob=(2)
cfi=(51)
cfn=(734)
calls=20721 0 
* 489525
* 41442
+14 19995
-5 19995
+5 19995
-5 39990
+5 13245
+1 13245
fi=(204) /usr/include/x86_64-linux-gnu/bits/stdio2.h
112 26490
cob=(2)
cfi=(51)
cfn=(718)
calls=13245 0 
* 2060485
* 8646
cob=(2)
cfi=(51)
cfn=(718)
calls=4323 0 
* 671537
fe=(176)
754 52704
536 35136
+1 17567
+1 52701
712 123084
+71 246168
-43 6750
+3 60750
-2 6750
+2 13500
cfn=(738) tryBaking
calls=6750 546 
* 131349203
* 47250
+3 41865
+36 164112
fi=(204)
112 519
fe=(176)
750 519
fi=(204)
112 519
cob=(2)
cfi=(51)
cfn=(718)
calls=519 0 
* 80445
fe=(176)
749 1038
cob=(2)
cfi=(51)
cfn=(764)
calls=519 0 
* 47376
+1 519
fi=(204)
112 4854
cob=(2)
cfi=(51)
cfn=(718)
calls=2427 0 
* 377634
fe=(176)
763 4854
+4 7285

fn=(776) heapifyDown
182 1459824
+3 729912
+3 729912
-3 5111186
+3 3651362
-3 18748579
+3 2504711
+3 7302724
-24 3651362
+1 7302724
+3 3651362
-2 3651362
+1 3651362
+1 3651362
+1 7302724
+21 3651362
-5 17822950
+7 729912

fn=(696) newRecipe
310 14292
+3 3176
-3 1588
+3 1588
-3 4764
+3 1588
cob=(2)
cfi=(51)
cfn=(648)
calls=1588 0 
* 992723
* 3176
86 3176
-2 1588
+2 4764
+1 1588
-1 4764
+1 1588
-1 4764
+1 13197
-1 39591
+1 13197
-1 39591
+3 1588
319 4764
+3 4177
+13 57
cob=(2)
cfi=(51)
cfn=(734)
calls=19 0 
* 455
* 1818
cob=(2)
cfi=(51)
cfn=(734)
calls=606 0 
* 14656
* 1250
+14 89
-16 178
+20 140
cob=(2)
cfi=(51)
cfn=(698)
calls=70 0 
* 6013
fi=(196) /usr/include/x86_64-linux-gnu/bits/string_fortified.h
79 140
fe=(176)
353 70
fi=(196)
79 70
fe=(176)
353 70
fi=(196)
79 70
cob=(2)
cfi=(51)
cfn=(702)
calls=70 -79 
* 3572
fe=(176)
355 70
+1 70
+4 350
+6 350
cob=(2)
cfi=(51)
cfn=(648)
calls=70 0 
* 79069
-6 4910
+6 4910
cob=(2)
cfi=(51)
cfn=(648)
calls=982 0 
* 1092286
* 314685
cob=(2)
cfi=(51)
cfn=(648)
calls=62937 0 
* 68989939
* 127978
+2 127978
cob=(2)
cfi=(51)
cfn=(698)
calls=63989 0 
* 17850694
86 63989
368 63989
+1 127978
86 191967
-2 127978
+3 63989
-1 191967
+1 63989
-1 191967
+1 536759
-1 1610277
+1 536759
-1 1610277
+3 63989
373 191967
+5 132143
+19 12348
cob=(2)
cfi=(51)
cfn=(734)
calls=4116 0 
* 97980
* 191820
cob=(2)
cfi=(51)
cfn=(734)
calls=63940 0 
* 1510486
* 136112
+7 4118
-11 8236
+17 4
cob=(2)
cfi=(51)
cfn=(698)
calls=2 0 
* 370
fi=(196)
79 8
cob=(2)
cfi=(51)
cfn=(702)
calls=2 -79 
* 102
fe=(176)
416 2
-4 2
+2 2
+1 4
+1 2
cob=(2)
cfi=(51)
cfn=(698)
calls=2 0 
* 378
* 4
+5 6
+6 2
fi=(205) /usr/include/x86_64-linux-gnu/bits/stdio.h
49 2
fe=(176)
430 2
fi=(205)
49 2
cob=(2)
cfi=(51)
cfn=(714)
calls=2 -49 
* 42
fe=(176)
427 63987
fi=(205)
49 63987
fe=(176)
430 63987
fi=(205)
49 63987
cob=(2)
cfi=(51)
cfn=(714)
calls=63987 -49 
* 1343727
fe=(176)
435 320997
-53 147
cob=(2)
cfi=(51)
cfn=(698)
calls=49 0 
* 9065
fi=(196)
79 98
fe=(176)
382 49
fi=(196)
79 98
cob=(2)
cfi=(51)
cfn=(702)
calls=49 -79 
* 2501
fe=(176)
387 49
-3 49
+1 49
+1 49
+1 49
cob=(2)
cfi=(51)
cfn=(698)
calls=49 0 
* 9261
+1 49
-1 49
+1 147
+12 63938
+8 63938
+33 1052
fi=(204)
112 1052
fe=(176)
441 1052
+3 1052
fi=(204)
112 1052
cob=(2)
cfi=(51)
cfn=(718)
calls=1052 0 
* 163975
fe=(176)
448 19056
fi=(204)
112 536
fe=(176)
341 536
fi=(204)
112 536
cob=(2)
cfi=(51)
cfn=(718)
calls=536 0 
* 83537
fi=(205)
-63 857370
cob=(2)
cfi=(51)
cfn=(714)
calls=428685 -49 
* 9018762
fe=(176)
341 1287127
-16 1964
cob=(2)
cfi=(51)
cfn=(698)
calls=982 0 
* 7528389
fi=(196)
79 2946
fe=(176)
325 1964
fi=(196)
79 982
cob=(2)
cfi=(51)
cfn=(702)
calls=982 -79 
* 50140
fe=(176)
328 982
-1 982
+1 1964

fn=(746) newBatch
785 56781
+5 14721
cob=(2)
cfi=(51)
cfn=(648)
calls=2103 0 
* 3737191
* 4380210
cob=(2)
cfi=(51)
cfn=(648)
calls=730035 0 
* 1283397500
* 1464276
86 1464276
-2 732138
+2 2196414
+1 732138
-1 2196414
+1 732138
-1 2196414
+1 6140012
-1 18420036
+1 6140012
-1 18420036
+3 732138
794 2928552
+3 1465164
+10 47577
-10 142670
+1 142548
cob=(2)
cfi=(51)
cfn=(734)
calls=47516 0 
* 1129494
* 2193750
cob=(2)
cfi=(51)
cfn=(734)
calls=731250 0 
* 17245708
* 1557532
+1 2193567
+3 2193567
cfn=(752) insertBunch
calls=731189 227 
* 370047825
* 731189
+1 1462378
fi=(205)
49 1462378
cob=(2)
cfi=(51)
cfn=(714)
calls=731189 -49 
* 15354969
* 1898
cob=(2)
cfi=(51)
cfn=(714)
calls=949 -49 
* 19929
fe=(176)
838 2202723
fi=(204)
112 4206
cob=(2)
cfi=(51)
cfn=(718)
calls=2103 0 
* 327934
fe=(176)
857 8412
+1 2103
+1 4206
-1 17225673
+1 34451346
+1 1100384
+1 1100384
-2 2200768
-2 51683328
-6 2103
+1 2103
-2 2103
+15 4206
+3 7591072
-2 7591072
86 30364288
-2 15182144
+3 7591072
-1 22773216
+1 7591072
-1 22773216
+1 63467677
-1 190403031
+1 63467677
-1 190403031
+3 7591072
869 22773216
+1 15182144
+4 212368
-4 424736
+1 23410320
cob=(2)
cfi=(51)
cfn=(734)
calls=7803440 0 
* 180756900
* 15606880
+6 35602142
+64 22771113
-76 15177938
+82 37854
+1 25236
-65 25885398
cfn=(738)
calls=1176609 546 
* 3180421253
* 12942699
+2 3529827
+3 15280
+6 7637
+1 7637
-1 7637
+1 7637
+6 15280
+1 1
+2 3
+29 3506907
-26 114738014
+4 38233614
-5 114700842
+8 341
+5 682
+3 341
813 1898
cob=(2)
cfi=(51)
cfn=(698)
calls=949 0 
* 175883
fi=(196)
79 3796
cob=(2)
cfi=(51)
cfn=(702)
calls=949 -79 
* 48465
fe=(176)
815 949
+4 949
-3 949
-1 1898
+1 949
+3 949
cob=(2)
cfi=(51)
cfn=(698)
calls=949 0 
* 168705
+3 949
+3 949
-5 949
+2 1898
+3 949
cob=(2)
cfi=(51)
cfn=(698)
calls=949 0 
* 179361
+1 949
+1 949
+2 949
+2 949
-5 949
+5 949
-4 949
+2 949
+2 949
+3 122
+57 18
+23 7298
+2 14604
+3 7294
+3 7294
-90 2339714

fn=(772) deleteMinBunch.part.0
282 1459824
+8 729912
cfn=(774) getLastNode
calls=729912 -93 
* 253471160
* 729912
+3 2189736
+1 1459824
+3 2189736
+1 1459824
+3 365970
+3 365970
cob=(2)
cfi=(51)
cfn=(764)
calls=365970 0 
* 40790967
+1 365970
+3 365970
-3 365970
cfn=(776)
calls=365970 182 
* 47710216
-6 363942
+5 363942
cob=(2)
cfi=(51)
cfn=(764)
calls=363942 0 
* 40566757
+1 363942
+3 363942
-3 363942
cfn=(776)
calls=363942 182 
* 47594476

fn=(810) removeRecipe
450 147
+2 21
-2 126
+2 63
cob=(2)
cfi=(51)
cfn=(648)
calls=21 0 
* 13070
* 42
86 84
-2 42
+3 21
-1 63
+1 21
-1 63
+1 172
-1 516
+1 172
-1 516
+3 21
457 42
+4 42
-4 42
+6 63
cob=(2)
cfi=(51)
cfn=(734)
calls=21 0 
* 491
* 42
+15 83
+36 42
+1 42
-1 42
+1 42
cob=(2)
cfi=(51)
cfn=(764)
calls=42 0 
* 4641
-28 172
+2 42
+3 84
+30 1
-3 2
+10 2
cob=(2)
cfi=(51)
cfn=(764)
calls=1 0 
* 91
fi=(204)
112 2
cob=(2)
cfi=(51)
cfn=(718)
calls=1 0 
* 157
fe=(176)
532 252
-10 2
fi=(204)
112 40
cob=(2)
cfi=(51)
cfn=(718)
calls=20 0 
* 3060
fe=(176)
482 20

fn=(616)
1013 2
+4 2
-4 3
+12 1
-12 6
+4 1
cob=(2)
cfi=(51)
cfn=(618)
calls=1 0 
* 67405
+1 2
-1 1
+1 1
cob=(2)
cfi=(51)
cfn=(618)
calls=1 0 
* 65786
+7 2
-2 1
-5 1
+7 1
-2 4
+2 1
cob=(2)
cfi=(51)
cfn=(648)
calls=1 0 
* 1372
* 6
cob=(2)
cfi=(51)
cfn=(648)
calls=1 0 
* 803
* 2
-10 3
+21 3178
+2 4764
cfn=(696)
calls=1588 310 
* 118612452
* 1588
+35 1588
-43 6352
cob=(2)
cfi=(51)
cfn=(648)
calls=1588 0 
* 892955
+43 22638
-43 90552
cob=(2)
cfi=(51)
cfn=(648)
calls=22638 0 
* 13019298
* 4
cob=(2)
cfi=(51)
cfn=(648)
calls=1 0 
* 779
* 48454
+2 169577
+4 145356
+4 135828
+2 63
cfn=(810)
calls=21 450 
* 24701
* 42
+2 67851
+4 41028
-15 240
cfn=(792) loadOrders
calls=24 -83 
* 54997
* 72
+11 8412
+2 23133
cfn=(746)
calls=2103 785 
* 6349562369
* 18927
+31 3
+13 11
-42 82056
+2 225654
cfn=(732)
calls=20514 702 
* 161791960
* 184626
+27 5

fn=(738)
546 14200308
+17 1183359
-17 1183359
+17 1183359
+1 3550077
+1 2366718
86 4733436
565 31678262
86 63356524
-2 34044980
+3 17022490
-1 51067470
+1 17022490
-1 51067470
+1 142735486
-1 428206458
+1 142735486
-1 428206458
+3 17022490
566 68089960
+2 34044980
-1 34044980
+39 53946342
cob=(2)
cfi=(51)
cfn=(734)
calls=17982114 0 
* 417089402
* 53946342
+19 1094837
-57 4379348
+3 54351981
+7 71928456
286 1008294
cfn=(772)
calls=291515 -4 
* 180587812
583 291515
-4 291515
+3 291515
+1 583030
-4 583030
+1 583030
+1 241398
286 160932
581 425264
286 425264
+1 1583
cob=(2)
cfi=(51)
cfn=(764)
calls=1583 0 
* 172613
583 1583
288 1583
582 1583
+1 3166
+5 1067909
-15 135213
+1 135213
-1 135213
+1 1081704
700 1081704
574 8385168
700 8385168
-92 185760047
cob=(2)
cfi=(51)
cfn=(756)
calls=16887277 0 
* 135098216
+2 16887277
-2 33774554
+2 50661831
+26 47547594
-72 31698396
+82 10067
-5 10067
+5 10067
-5 10067
+7 20134
+1 620893
86 2483572
-2 1241786
+3 620893
-1 1862679
+1 620893
-1 1862679
+1 5207378
-1 15622134
+1 5207378
-1 15622134
+3 620893
650 1241786
+2 620893
-1 620893
-1 1241786
+2 620893
+4 1241786
+35 41290
-35 165160
+1 123870
cob=(2)
cfi=(51)
cfn=(734)
calls=41290 0 
* 959530
* 1862679
cob=(2)
cfi=(51)
cfn=(734)
calls=620893 0 
* 14403233
* 1324366
+3 1241786
+1 2118580
cfn=(772)
calls=438397 282 
* 263414092
+3 438509
+1 438509
+3 438845
-8 877018
+1 1057911
+2 1057911
-2 3173733
+2 438509
-1 438509
286 438509
663 438509
286 438509
+1 112
cob=(2)
cfi=(51)
cfn=(764)
calls=112 0 
* 12544
+1 224
682 619402
+1 619402
-1 619402
+1 619402
+11 619402
-46 1238804
+46 1491
-46 2982
+4 1832478
+45 20134
+2 20134

fn=(792)
950 240
+8 48
+7 24
+1 72
+3 24
+3 48
-3 14
+3 42
-1 28
+10 11
-9 39
+1 40
+2 11
+1 3
+7 26
+4 4
+1 4
-25 8
+24 5
+1 5
-25 48
+2 38
+1 76
+29 72
+15 48
+1 24
-1 96
+1 24
-1 24
+1 24
-1 24
+1 96
-39 48
+13 48
+3 24
-25 48
+22 10
+3 5
-25 58
fi=(204)
112 168
cob=(2)
cfi=(51)
cfn=(794)
calls=24 0 
* 31142
* 98
cob=(2)
cfi=(51)
cfn=(794)
calls=14 0 
* 17974
fe=(176)
998 76
+1 76
+1 38
cob=(2)
cfi=(51)
cfn=(764)
calls=38 0 
* 3794
-5 100

fn=(752)
227 2193567
+3 731189
-3 4387134
+3 731189
cob=(2)
cfi=(51)
cfn=(698)
calls=731189 0 
* 49378153
+2 731189
-2 731189
+9 731189
-8 731189
+2 731189
+1 731189
+1 731189
+2 2193567
+2 1462378
+5 2190570
cob=(2)
cfi=(51)
cfn=(760)
calls=730190 0 
* 55494440
* 1460380
+1 2190570
cob=(2)
cfi=(51)
cfn=(698)
calls=730190 0 
* 64316303
* 730190
+5 2920760
+1 730190
+1 1460380
-1 2190570
-1 2190570
+1 3434197
+1 6868394
-1 10302591
-1 14683731
+8 6602322
-2 10302591
+1 15197168
+5 5890839
+7 730190
-1 730190
+1 1460380
+3 364038
-96 364038
-8 1084751
+3 1084751
-1 1084751
-1 1084751
+2 1084751
+1 2169502
+4 9334899
277 730190
cob=(2)
cfi=(51)
cfn=(764)
calls=730190 0 
* 67536761
+3 5111330
-10 732304
+10 999
-40 999
+40 5994

fn=(774)
197 3649560
+1 2189736
+3 2919648
cob=(2)
cfi=(51)
cfn=(760)
calls=729912 0 
* 55473312
* 1459824
+1 2189736
cob=(2)
cfi=(51)
cfn=(698)
calls=729912 0 
* 35589380
* 729912
+5 2919648
+1 729912
+2 1459824
-2 2189736
-1 2189736
+1 3434134
+2 6868268
-2 10302402
-1 10302402
+6 2189736
+1 2919648
+1 3434134
+1 10302402
-2 3434134
+2 3434134
-2 6868268
+2 2189736
-2 729912
+2 729912
-2 1459824
+8 729912
cob=(2)
cfi=(51)
cfn=(764)
calls=729912 0 
* 66802678
+3 3649560

fl=(169)
fn=(830)
0 9
cob=(2)
cfi=(51)
cfn=(836)
calls=1 0 
0 74
0 1
cfn=(846) 0x00000000000015b0
calls=1 0 
0 5
0 3

fn=(584)
0 12
cob=(3)
cfi=(170)
cfn=(586)
calls=1 242 
0 6645379898

fn=(596)
0 12

fn=(846)
0 5

totals: 6645541256
