# callgrind format
version: 1
creator: callgrind-3.18.1
pid: 111621
cmd:  ./first
part: 1


desc: I1 cache: 
desc: D1 cache: 
desc: LL cache: 

desc: Timerange: Basic block 0 - 3379055617
desc: Trigger: Program termination

positions: line
events: Ir
summary: 20722412828


ob=(2) ???
fl=(51) ???
fn=(160) 0x0000000004002080
0 2
cob=(1) /usr/lib/x86_64-linux-gnu/ld-linux-x86-64.so.2
cfi=(52) ./elf/./elf/dl-error-skeleton.c
cfn=(162) _dl_catch_error
calls=1 225 
0 2782

fn=(638) 0x00000000001091b0
0 2990566
cob=(3) /usr/lib/x86_64-linux-gnu/libc.so.6
cfi=(181) ./libio/./libio/getc.c
cfn=(640) getc
calls=1495283 34 
0 28434545

fn=(658) 0x0000000000109150
0 184434348
cob=(3)
cfi=(184) ./string/../sysdeps/x86_64/multiarch/strcmp-avx2.S
cfn=(660) __strcmp_avx2
calls=92217174 83 
0 2224555395

fn=(760) 0x000000000010abac
0 4

fn=(596) 0x0000000004874380
0 4
cob=(3)
cfi=(158) ./malloc/./malloc/malloc.c
cfn=(598) malloc
calls=2 3287 
0 370

fn=(642) 0x0000000000109120
0 48452
cob=(3)
cfi=(182) ./libio/./libio/ioputs.c
cfn=(644) puts
calls=24226 33 
0 3720024

fn=(772) 0x000000000483f040
0 2
cob=(3)
cfi=(198) ./stdlib/./stdlib/cxa_finalize.c
cfn=(746) __cxa_finalize
calls=1 30 
0 72

fn=(450) 0x0000000004874650
0 38
cob=(1)
cfi=(10) ./elf/./elf/dl-tunables.c
cfn=(24) __tunable_get_val
calls=19 405 
0 391
cob=(1)
cfi=(141) ./elf/../sysdeps/x86_64/dl-trampoline.h
cfn=(456) _dl_runtime_resolve_xsave
calls=1 67 
0 813
0 5

fn=(500) 0x00000000048745f0
0 2
cob=(3)
cfi=(148) ./string/../sysdeps/x86_64/multiarch/strrchr-avx2.S
cfn=(502) __strrchr_avx2
calls=1 46 
0 34

fn=(568) 0x0000000004874670
0 4
cob=(3)
cfi=(164) ./string/../sysdeps/x86_64/multiarch/memset-vec-unaligned-erms.S
cfn=(570) __memset_avx2_unaligned_erms
calls=2 181 
0 80050

fn=(764) 0x000000000483f334
0 3
cob=(4) /usr/libexec/valgrind/vgpreload_core-amd64-linux.so
cfi=(145) ???
cfn=(766) 0x00000000000010e0
calls=1 0 
0 105
0 2

fn=(634) 0x0000000004874620
0 133880
cob=(3)
cfi=(180) ./string/../sysdeps/x86_64/multiarch/memmove-vec-unaligned-erms.S
cfn=(636) __memcpy_avx_unaligned_erms
calls=66940 307 
0 778116

fn=(164) 0x0000000004002050
0 6
cob=(1)
cfi=(52)
cfn=(166) _dl_catch_exception
calls=3 175 
0 9596

fn=(706) 0x0000000000109180
0 74
cob=(3)
cfi=(188) ./debug/./debug/printf_chk.c
cfn=(708) __printf_chk
calls=37 25 
0 47538

fn=(744) 0x00000000001090f0
0 2
cob=(3)
cfi=(198)
cfn=(746)
calls=1 30 
0 72

fn=(516) 0x0000000000109000
0 7

fn=(622) 0x0000000000109160
0 1651236
cob=(3)
cfi=(158)
cfn=(598)
calls=825618 3287 
0 124328841

fn=(626) 0x0000000000109170
0 133880
cob=(3)
cfi=(178) ./debug/./debug/strcpy_chk.c
cfn=(628) __strcpy_chk
calls=66940 27 
0 3187956

fn=(630) 0x0000000004874490
0 182406
cob=(3)
cfi=(179) ./string/../sysdeps/x86_64/multiarch/strlen-avx2.S
cfn=(632) __strlen_avx2
calls=91203 50 
0 1276842

fn=(478) 0x000000000483f000
0 6
cob=(4)
cfi=(145)
cfn=(482) 0x0000000000001170
calls=1 0 
0 12
0 1
cob=(4)
cfi=(145)
cfn=(490) 0x00000000000012f0
calls=1 0 
0 5
0 2

fn=(676) 0x0000000000109100
0 1480456
cob=(3)
cfi=(158)
cfn=(678) free
calls=740228 3352 
0 81239423

fn=(712) 0x00000000048744d0
0 296
cob=(3)
cfi=(190) ./string/../sysdeps/x86_64/multiarch/strchr-avx2.S
cfn=(714) __strchrnul_avx2
calls=148 51 
0 2812

fn=(526) 0x00000000048746d0
0 2
cob=(1)
cfi=(49) ./elf/./elf/dl-audit.c
cfn=(530) _dl_audit_preinit
calls=1 117 
0 5
cob=(1)
cfi=(141)
cfn=(456)
calls=1 67 
0 824
0 5

fn=(542) 0x0000000000109140
0 4
cob=(3)
cfi=(158)
cfn=(544) calloc
calls=2 3624 
0 82109

fn=(572) 0x00000000001091a0
0 1717930
cob=(3)
cfi=(165) ./stdio-common/./stdio-common/isoc99_scanf.c
cfn=(574) __isoc99_scanf
calls=858965 25 
0 1584324518

fn=(666) 0x00000000048743e0
0 48886
cob=(3)
cfi=(180)
cfn=(668) __mempcpy_avx_unaligned_erms
calls=24443 294 
0 367303

ob=(3)
fl=(161) ./malloc/./malloc/morecore.c
fn=(562) __glibc_morecore
25 187
+1 374
-1 187
+4 187
cfi=(162) ./misc/./misc/sbrk.c
cfn=(564) sbrk
calls=187 +8 
* 6729
+1 374
+4 126
-7 124
+7 248

fl=(168) ./libio/./libio/genops.c
fn=(582) _IO_default_uflow
361 11784
fi=(183) ./libio/./libio/libioP.h
940 11784
fe=(168)
361 5892
fi=(183)
940 5892
fe=(168)
361 11784
+1 5892
fi=(183)
942 11784
+1 11784
fe=(168)
362 11784
cfi=(169) ./libio/./libio/fileops.c
cfn=(584) _IO_file_underflow@@GLIBC_2.2.5
calls=5892 +99 
* 583624
+1 11784
+2 23564
+1 23568

fn=(720) __overflow
199 27
+2 27
+2 9
fi=(183)
940 27
+2 18
+1 18
fe=(168)
203 9
+1 18
-1 9
cfi=(169)
cfn=(648) _IO_file_overflow@@GLIBC_2.2.5
calls=9 731 
* 1368

fn=(788) _IO_flush_all_lockp
686 12
+5 6
cfi=(167) ./nptl/./nptl/libc-cleanup.c
cfn=(578) __libc_cleanup_push_defer
calls=1 24 
* 10
+1 9
+3 1
-8 1
+5 2
+3 2
fi=(183)
940 4
fe=(168)
706 1
fi=(183)
942 2
+1 2
fe=(168)
706 3
cfi=(169)
cfn=(648)
calls=1 +25 
* 133
+1 3
+2 6
+2 3
-16 9
+2 3
+1 6
+3 20
+14 9
+1 2
cfi=(167)
cfn=(616) __libc_cleanup_pop_restore
calls=1 39 
* 8
+4 12

fn=(796) _IO_default_setbuf
452 4
fi=(183)
940 2
fe=(168)
452 4
fi=(183)
940 2
fe=(168)
452 2
fi=(183)
940 2
fe=(168)
452 8
+1 2
fi=(183)
942 4
+1 4
fe=(168)
453 4
cfi=(169)
cfn=(798) _IO_file_sync@@GLIBC_2.2.5
calls=2 792 
* 36
* 4
+4 2
330 2
462 2
-7 4
332 4
+5 2
-5 2
+5 2
467 2
332 2
466 8
+2 12
-11 2
+1 4
-1 2
330 8

fn=(580) __uflow
299 29460
+1 17676
+5 17676
+3 5892
173 5892
308 11784
+2 11784
+6 11784
+7 5892
fi=(183)
940 17676
+2 11784
+1 11784
fe=(168)
323 5892
+1 5892
-1 5892
+1 11784
-1 5892
cfn=(582)
calls=5892 +38 
* 730920
-23 11784
+21 17676

fn=(602) _IO_setb
329 18
+1 8
+5 4
-3 2
+3 8
+3 8

fn=(604) _IO_switch_to_get_mode
164 29460
+1 17676
+3 17676
+4 11784
+1 11784
+7 5892
-4 5892
+4 5892
-2 11784
+3 5892
+1 23568

fn=(786) _IO_cleanup
863 2
+3 1
-3 9
-77 1
+80 1
cfn=(788)
calls=1 686 
* 269
-80 2
+80 1
-80 3
cfi=(167)
cfn=(578)
calls=1 24 
* 10
+1 9
+3 1
-3 2
+3 2
fi=(183)
940 4
fe=(168)
838 3
-48 9
+9 9
+2 6
+6 26
+8 10
+9 2
fi=(183)
942 4
+1 4
fe=(168)
824 8
cfi=(169)
cfn=(794) _IO_file_setbuf@@GLIBC_2.2.5
calls=2 381 
* 166
+2 6
+4 10
+1 16
+11 9
+1 2
cfi=(167)
cfn=(616)
calls=1 39 
* 8
+35 12
-59 2
-2 2
+3 2
-3 2
+2 6

fn=(652) _IO_default_xsputn
371 50
+3 100
-3 400
fi=(183)
940 50
fe=(168)
371 50
fi=(183)
940 50
fe=(168)
371 50
fi=(183)
940 50
fe=(168)
371 100
+18 100
+8 50
+2 100
-20 200
+2 150
+3 100
+20 50
-29 50
+29 350
-11 416
+1 6
-1 6
+1 232
-1 113
+1 84
-1 126
+1 218
-1 369

fn=(586) _IO_doallocbuf
343 2
+1 4
-1 6
+3 8
+1 2
fi=(183)
940 6
+2 4
+1 4
fe=(168)
347 4
cfi=(170) ./libio/./libio/filedoalloc.c
cfn=(588) _IO_file_doallocate
calls=2 78 
* 560
* 4
+3 8

fn=(610) _IO_sputbackc
635 24414020
+3 14648412
+1 9765608
+9 4882804
+3 19531216
-10 9765608
+1 4882804
+5 4882804

fl=(143) ./nptl/../sysdeps/unix/sysv/linux/x86/elision-conf.c
fn=(462) __lll_elision_init
96 2
+5 1
-5 1
+5 1
-5 3
+5 3
cob=(2)
cfi=(51)
cfn=(450)
calls=1 0 
* 22
+2 4
cob=(2)
cfi=(51)
cfn=(450)
calls=1 0 
* 22
+2 4
cob=(2)
cfi=(51)
cfn=(450)
calls=1 0 
* 22
+2 4
cob=(2)
cfi=(51)
cfn=(450)
calls=1 0 
* 22
+2 4
cob=(2)
cfi=(51)
cfn=(450)
calls=1 0 
* 22
+4 3
+1 1
+1 6

fl=(140) ./nptl/./nptl/pthread_mutex_conf.c
fn=(448) __pthread_tunables_init
50 2
+1 2
-1 4
+1 3
cob=(2)
cfi=(51)
cfn=(450)
calls=1 -51 
* 840
+2 4
cob=(2)
cfi=(51)
cfn=(450)
calls=1 -53 
* 23
+2 6

fl=(196) ./nptl/./nptl/pthread_mutex_lock.c
fn=(734) pthread_mutex_lock@@GLIBC_2.2.5
77 1
+3 3
+2 1
+2 2
-7 2
+11 2
+79 1
+3 1
+2 1
+3 1
+2 1
+1 3
-81 2
+11 4
+4 1
+3 2
-71 1
+1 8
+1 1
+84 3
+1 2

fl=(105) ./string/../sysdeps/x86_64/multiarch/strcasecmp.c
fn=(346) strcasecmp
31 1
fi=(202) ./string/../sysdeps/x86_64/multiarch/ifunc-strcasecmp.h
+1 5
fe=(105)
-1 1

fl=(153) ./csu/../sysdeps/nptl/libc_start_call_main.h
fn=(532) (below main)
29 4
+15 1
-15 5
+15 1
cfi=(154) ./setjmp/../sysdeps/x86_64/bsd-_setjmp.S
cfn=(534) _setjmp
calls=1 -16 
* 34
* 1
+2 2
+5 2
+1 2
+3 2
+3 6
cob=(5) /home/colinux/Bakery/first
cfi=(157) /home/colinux/Bakery/first.c
cfn=(540) main
calls=1 743 
* 20722273477
* 1
+16 1
cfi=(193) ./stdlib/./stdlib/exit.c
cfn=(726) exit
calls=1 +68 
* 1642

fl=(188)
fn=(708)
25 407
+7 37
-4 74
+4 74
-4 37
+5 37
-1 37
+1 37
-5 37
+4 37
+1 37
-1 37
+1 37
cfi=(189) ./stdio-common/./stdio-common/vfprintf-internal.c
cfn=(710) __vfprintf_internal
calls=37 1180 
* 46428
+4 185

fl=(166) ./stdio-common/./stdio-common/vfscanf-internal.c
fn=(576) __vfscanf_internal
278 11166545
+10 4294825
+1 858965
fi=(176) ./stdio-common/../include/scratch_buffer.h
78 858965
fe=(166)
289 858965
fi=(176)
77 1717930
fe=(166)
339 858965
fi=(176)
77 858965
fe=(166)
339 3435860
+6 2576896
+3 3435860
+4 1717930
+13 858965
-6 858965
+8 1717930
-8 858965
+8 858965
+5 858965
-5 858965
+5 5153790
cfi=(167)
cfn=(578)
calls=858965 24 
* 8589650
* 2576895
+9 858965
-4 858965
+4 2576895
570 858965
284 858965
-1 858965
+10 858965
-11 858965
570 1717930
2429 3435860
328 1717930
+4 858965
-5 858965
-1 858965
-1 858965
-12 858965
2180 858965
2429 858965
2180 4294825
418 8047682
+24 8047682
+1 8047682
+3 7912190
-65 16095360
3015 4294820
222 4882806
+1 4882806
-1 2441403
488 2441403
222 2441403
488 4882806
222 2441403
488 4882806
345 1717928
+3 2
+24 9448615
482 2441403
+22 9765612
+25 2441403
-4 9765612
+7 24414030
+80 4882806
+5 2441403
-1 4882806
+1 4882806
+1 2576895
+3 7324209
+1 19531224
+6 24561549
+3 8186578
-3 4093289
+3 16374364
-3 604
+3 2416
-3 8187788
+3 6
+1 17089821
+1 12207012
+4 4882804
-4 4882804
cfi=(168)
cfn=(610)
calls=2441402 +2 
* 46386638
+4 19531216
-9 1210
cfi=(168)
cfn=(580)
calls=605 299 
* 98322
* 1214
3025 11166545
cfi=(167)
cfn=(616)
calls=858965 39 
* 6871720
fi=(176)
85 2576895
fe=(166)
3029 1717930
+17 1717928
+6 10307580
442 1582438
+6 3164876
618 6
3031 3
637 11
1398 15824400
+5 4747320
+9 9494640
1733 3164880
+9 1582440
fi=(176)
113 6329760
fe=(166)
1742 3164880
fi=(176)
113 4747320
fe=(166)
1740 40293036
260 11848572
1797 5924286
260 11848572
+3 17772858
1799 23697144
+2 53312762
-68 11845666
+68 1453
-68 2906
+2 15013452
+2 7912200
+67 3164880
206 1582440
1811 3164880
214 3164880
1812 3164880
+28 9494640
cfi=(168)
cfn=(610)
calls=1582440 635 
* 30066360
260 4747320
+3 4747320
1844 3164880
1669 1582440
206 1582440
1862 3164880
1669 3164880
1861 4747320
+1 1582440
cfi=(174) ./stdlib/../stdlib/strtol.c
cfn=(612) __strtol_internal
calls=1582440 97 
* 250233714
* 1582440
+6 4747320
+3 7912200
+6 1582440
-4 3164880
+4 3164880
+23 3164880
1390 1582440
-1 1582440
+2 1582440
1742 7912200
+59 2906
cfi=(168)
cfn=(580)
calls=1453 299 
* 235386
* 4359
1435 6329760
+3 6329760
637 858962
1017 4294815
+2 4294815
+2 6871698
+10 1717924
-10 858962
+10 2576886
+71 858962
-81 6012734
+81 858962
-81 2576886
1144 120419330
1031 30100230
1144 15050115
1031 30107594
1144 3682
1031 7364
1144 14194835
-45 30107594
+3 15053797
-1 30107594
+1 30107594
-1 30107594
+43 14728
cfi=(168)
cfn=(580)
calls=3682 299 
* 596484
* 18410
2943 1717924
+40 2576886
+2 1717924
+8 1717924
-10 858962
+8 1717924
1813 53722
+1 53722
+65 3164880
+17 15824400
2048 4294810
1033 2576886
cfi=(168)
cfn=(610)
calls=858962 635 
* 16320278
+1 858962
1881 3164880
+1 4747320
1023 6
-2 3
+1 1
-3 12025482

fl=(172) ./io/../sysdeps/unix/sysv/linux/fstatat64.c
fn=(594) fstatat
153 4
-55 4
+70 6
+1 2

fl=(171) ./io/../sysdeps/unix/sysv/linux/fstat64.c
fn=(592) fstat
29 4
+1 4
+5 6
cfi=(172)
cfn=(594)
calls=2 153 
* 16

fl=(87) ./wcsmbs/../sysdeps/x86_64/multiarch/wcsnlen.c
fn=(302) wcsnlen
29 1
fi=(88) ./wcsmbs/../sysdeps/x86_64/multiarch/ifunc-wcslen.h
+5 4
-1 2
+2 3
+2 2
+4 3
+3 3
fe=(87)
-15 1

fl=(99) ./wcsmbs/../sysdeps/x86_64/multiarch/wcscmp.c
fn=(332) wcscmp
30 1
fi=(95) ./wcsmbs/../sysdeps/x86_64/multiarch/ifunc-avx2.h
+3 5
-1 2
+2 3
+2 2
+4 3
+3 4
fe=(99)
-13 1

fl=(180)
fn=(636)
307 66940
+1 66940
+6 66940
+1 66940
+42 66940
+1 66940
+2 20888
+1 20888
+33 46052
+1 46052
+1 46052
+1 46052
+2 46052
+17 20888
+1 20888
+1 20888
+1 20888
+1 20888

fn=(668)
294 24443
+1 24443
+1 24443
+1 24443
+17 24443
+1 24443
+42 24443
+1 24443
+2 24414
+1 24414
+2 220
+4 220
+1 198
+1 198
+1 198
+1 198
+1 39
+1 39
+2 39
+2 39
-2 159
+2 159
+6 22
+1 22
+1 22
+1 22
+1 22
+7 29
+1 29
+1 29
+1 29
+2 29
+17 24194
+1 24194
+1 24194
+1 24194
+1 24194

fl=(187) ./io/../sysdeps/unix/sysv/linux/write.c
fn=(702) write
25 59
+1 413
+1 59

fl=(193)
fn=(728) __run_exit_handlers
40 11
+5 2
+3 5
+50 1
-42 1
+2 3
+8 6
+2 1
+3 1
-3 1
+3 6
+34 1
+1 1
+1 1
-2 1
+7 1
-3 2
+3 3
+1 3
cob=(1)
cfi=(195) ./elf/./elf/dl-fini.c
cfn=(732) _dl_fini
calls=1 -82 
* 897
+1 4
+10 2
+1 2
-63 1
+69 4
+2 2
+1 6
cfi=(168)
cfn=(786)
calls=1 863 
* 641
* 3
+2 2
cfi=(201) ./posix/../sysdeps/unix/sysv/linux/_exit.c
cfn=(800) _Exit
calls=1 27 
* 5
-90 1
cfi=(194) ./stdlib/./stdlib/cxa_thread_atexit_impl.c
cfn=(730) __call_tls_dtors
calls=1 149 
* 12
* 1

fn=(726)
142 3
+1 3
-1 1
+1 1
cfn=(728)
calls=1 40 
* 1634

fl=(138) ./resource/../sysdeps/unix/sysv/linux/getrlimit64.c
fn=(444) getrlimit
38 2
+1 7
+1 1

fl=(199) ./posix/./posix/register-atfork.c
fn=(748) __unregister_atfork
76 4
+1 2
-1 2
+1 6
fi=(200) ./posix/../malloc/dynarray-skeleton.c
243 2
fe=(199)
65 4
+38 8
+1 4

fl=(160) ./stdlib/../sysdeps/unix/sysv/linux/getrandom.c
fn=(550) getrandom
28 1
+1 7
+1 1

fl=(164)
fn=(570)
181 2
+1 6
+5 2
+1 2
+1 2
+1 2
+69 2
+1 2
+88 2
+1 2
+1 2
+1 80018
+1 2
+1 4

fl=(128) ./string/../sysdeps/x86_64/multiarch/rawmemchr.c
fn=(408) rawmemchr
31 1
fi=(124) ./string/../sysdeps/x86_64/multiarch/ifunc-evex.h
+4 5
-1 2
+2 3
+5 2
-3 2
+9 3
+3 4
fe=(128)
-19 1

fl=(154)
fn=(534)
28 1
+2 1
+2 1
cfi=(155) ./setjmp/../sysdeps/x86_64/setjmp.S
cfn=(536) __sigsetjmp
calls=1 -2 
* 31

fl=(118) ./string/../sysdeps/x86_64/multiarch/strlen.c
fn=(380) strlen
29 1
fi=(84) ./string/../sysdeps/x86_64/multiarch/ifunc-avx2.h
+4 5
-1 2
+2 3
+2 2
+4 3
+3 4
fe=(118)
-14 1

fl=(100) ./string/../sysdeps/x86_64/multiarch/stpncpy.c
fn=(336) stpncpy
31 1
fi=(101) ./string/../sysdeps/x86_64/multiarch/ifunc-strcpy.h
+5 2
+1 1
-1 2
+1 2
+2 2
+4 3
+3 3
fe=(100)
-15 1

fl=(179)
fn=(632)
50 91203
+13 91203
+1 91203
+1 91203
+3 91203
+2 91203
+1 91203
+3 91203
+1 91203
+8 91203
+1 91203
+1 91203
+5 182406

fl=(184)
fn=(660)
83 92217174
+23 92217174
+1 92217174
+2 92217174
+1 92217174
+1 92217174
+1 92217174
+1 92217174
+2 71837552
+1 71837552
+1 71837552
+1 71837552
+1 71837552
+1 71837552
+1 71837552
+1 71837552
+18 71837552
+1 71837552
+1 71837552
+3 143675104
656 18434495
+2 18434495
+1 18434495
+1 18434495
+1 18434495
+9 18434495
+1 18434495
+3 18434495
+1 18434495
+3 3218009
+4 6436018
+36 16956920
+1 16956920
+4 16956920
+11 16956920
+1 16956920
+1 16956920
+2 33913840
+10 20379622
+1 20379622
+2 14908592
+1 14908592
+1 14908592
+1 14908592
+1 14908592
+1 14908592
+1 14908592
+15 5471030
+1 5471030
+1 4643189
+1 4643189
+1 4643189
+1 4643189
+1 4643189
+1 4643189
+1 4643189
+2 2900835
+2 2900835
+13 2900835
+1 2900835
-1 827841
+1 827841
+1 965667
+1 965667
+1 965667
+1 965667
+1 965667
+1 965667
+2 965667
+1 965667
+1 965667
+2 823507
+1 823507
+10 823507
+1 823507
-1 2763009
+1 2763009
+1 823507
+1 823507
+1 823507
+1 823507
+1 823507
+1 823507
+2 823507
+1 823507
+1 823507
+2 659693
+19 659693
+1 659693
+2 659693
+1 659693
-4 2763009
+1 2763009
+2 2763009
+1 2763009
+1 204693
+1 409386

fl=(127) ./string/../sysdeps/x86_64/multiarch/strncase.c
fn=(406) strncasecmp
31 1
fi=(202)
+1 5
fe=(127)
-1 1

fl=(194)
fn=(730)
149 4
+1 4
+18 4

fl=(102) ./wcsmbs/../sysdeps/x86_64/multiarch/wmemchr.c
fn=(340) wmemchr
31 2
fi=(103) ./wcsmbs/../sysdeps/x86_64/multiarch/ifunc-evex.h
+4 10
-1 4
+2 6
+5 4
-3 4
+9 6
+3 8
fe=(102)
-19 2

fl=(91) ./wcsmbs/../sysdeps/x86_64/multiarch/wcslen.c
fn=(310) wcslen
29 1
fi=(88)
+5 4
-1 2
+2 3
+2 2
+4 3
+3 3
fe=(91)
-15 1

fl=(106) ./string/../sysdeps/x86_64/multiarch/strcspn.c
fn=(348) strcspn
29 1
fi=(203) ./string/../sysdeps/x86_64/multiarch/ifunc-sse4_2.h
+1 5
fe=(106)
-1 1

fl=(125) ./string/../sysdeps/x86_64/multiarch/strspn.c
fn=(400) strspn
29 1
fi=(203)
+1 5
fe=(125)
-1 1

fl=(151) ./csu/../csu/libc-start.c
fn=(510) __libc_start_main@@GLIBC_2.34
242 12
343 3
+1 3
cfi=(152) ./stdlib/./stdlib/cxa_atexit.c
cfn=(512) __cxa_atexit
calls=1 69 
* 71
+25 6
+6 2
-3 2
+10 2
cob=(2)
cfi=(51)
cfn=(526)
calls=1 0 
* 836
+2 2
+8 4
cfi=(153)
cfn=(532)
calls=1 29 
* 20722275181
128 2
+6 3
+1 6
cob=(2)
cfi=(51)
cfn=(516)
calls=1 0 
* 7
* 1
+3 1
+1 2
+3 2
+1 2
-1 1
+2 7
+1 4
cob=(5)
cfi=(150) ???
cfn=(520) 0x0000000000001600
calls=1 0 
* 12
-1 4

fl=(191) ./stdio-common/./stdio-common/_itoa.c
fn=(716) _itoa_word
163 148
+3 296
+2 148
+9 1604
+9 148

fl=(192) ./misc/../sysdeps/unix/sysv/linux/mmap64.c
fn=(724) mmap
47 248
+3 248
+8 496
+2 124

fl=(201)
fn=(800)
27 2
+3 1
+1 2

fl=(119) ./string/../sysdeps/x86_64/multiarch/strncpy.c
fn=(384) strncpy
29 1
fi=(101)
+7 2
+1 1
-1 2
+1 2
+2 2
+4 3
+3 3
fe=(119)
-17 1

fl=(178)
fn=(628)
27 200820
+1 66940
-1 267760
+1 66940
cob=(2)
cfi=(51)
cfn=(630)
calls=66940 -28 
* 1071040
+1 133880
+4 66940
-1 133880
+1 66940
-1 66940
+1 66940
-1 66940
cob=(2)
cfi=(51)
cfn=(634)
calls=66940 -32 
* 911996

fl=(85) ./string/../sysdeps/x86_64/multiarch/strpbrk.c
fn=(298) strpbrk
29 1
fi=(203)
+1 5
fe=(85)
-1 1

fl=(107) ./wcsmbs/../sysdeps/x86_64/multiarch/wcscpy.c
fn=(350) wcscpy
43 1
-6 5
+6 1

fl=(190)
fn=(714)
51 148
+2 148
+1 148
+1 148
+1 148
+1 148
+3 148
+1 148
+4 148
+1 148
+1 148
+1 148
+1 148
+1 148
+1 148
+1 148
+6 148
+1 296

fl=(158)
fn=(544)
3624 4
+10 2
-10 8
+10 16
+8 4
+3 6
+2 6
+32 6
cfn=(556) _int_malloc
calls=2 1343 
* 292
+2 10
fi=(159) ./malloc/./malloc/arena.c
162 6
fe=(158)
3681 4
+3 6
+14 4
+11 2
+5 2
-2 4
-3 2
+12 8
-20 8
+31 2
+2 4
+2 4
fi=(159)
315 1
cfn=(548) ptmalloc_init.part.0
calls=1 -2 
* 1128
* 1
fe=(158)
3657 2
+1 6
+7 2
+97 2
-25 4
+25 8
-25 2
cob=(2)
cfi=(51)
cfn=(568)
calls=2 0 
* 80054
3241 4
cfn=(554) tcache_init.part.0
calls=1 -6 
* 484
* 1

fn=(678)
3352 740228
+4 1480456
-4 740228
+14 740228
-14 1480456
+12 740228
+4 740228
-4 740228
+4 1480456
+17 2220684
fi=(159)
162 2220684
fe=(158)
3391 1480456
cfn=(682) _int_free
calls=740228 4421 
* 62733723
+3 740228
+1 2960912

fn=(556)
1343 676572
3771 338286
1362 338286
3771 2706288
1362 676572
3904 276190
+2 276190
-2 276190
+2 552380
+2 5655
+1 11310
+6 5655
-4 5655
+1 5655
+1 5655
+2 11310
+7 22620
-1 11310
+1 11310
3181 5655
3927 5655
3183 5655
3927 5655
3181 5655
3927 135228
+1 78922
+4 39421
+1 39421
+1 78842
3181 39421
3936 39421
3185 39421
3937 39421
3181 39421
+2 197105
-6 39421
+9 39421
-9 39421
+8 39421
+1 39421
1362 676572
3811 676572
4397 676572
3838 676572
+63 161376
+62 148
+1 12
3847 124184
-6 62092
+9 62092
+1 62092
-1 124184
+1 310460
+5 124184
+1 124184
+7 62092
-1 124184
+1 310460
+5 62092
+1 62092
3183 62092
3870 62092
+5 2160235
3181 864094
+2 432047
+2 432047
-2 864094
+2 432047
-8 432047
+8 432047
3869 432047
+1 2162173
+2 864094
+2 432047
+1 432047
-1 864094
-21 772794
-10 257598
+2 1101714
4399 541070
3903 270535
4399 3516955
3983 270535
+1 270535
-1 541070
-1 541070
+2 541070
-1 4
+1 4
-1 8
-1 8
+2 8
-2 811614
+12 270538
-6 270538
+73 1082152
-67 811615
-6 1
+73 4
-67 912
4158 12186
-91 12186
+91 24372
-91 12186
-74 12186
3181 12186
4067 12186
3181 24372
4025 24372
3183 24372
3997 48744
+1 12186
+2 24372
-3 915024
+1 228756
+2 457512
+1 722826
+2 240942
+1 963768
+2 963768
-10 240942
+12 481884
+1 481884
+2 481884
+11 963768
+31 240898
+1 240898
+4 481796
+29 469356
+2 469356
+1 704034
+1 234678
-1 234678
+57 234678
+2 469356
-2 469356
+2 234678
+7 234678
-9 704034
+9 234678
-7 234678
+1 234678
+1 234678
+6 469356
+2 474852
+7 356139
3994 615027
2005 188268
4413 3044574
2005 5655
3944 5655
2005 11310
4060 6220
+1 6220
-1 6220
+1 12440
+5 6220
-21 6220
+21 6220
+1 24880
2005 1328
4166 347895
3994 347895
4183 539506
+2 12
+3 4
-3 4
+3 8
+68 539506
+1 269753
+1 269753
-1 269753
+1 269753
+1 539506
+1 809259
+5 565446
+16 44849
+2 89698
-4 114604
+8 12453
+3 24906
+2 1291
+1 1291
+1 1291
-2 5164
-27 1291
3181 5556
+2 5556
+2 5556
-4 5556
+2 22224
4071 5556
3184 5556
+1 5556
4071 5556
-48 23050
+1 22396
+5 44
-1 88
+3 44
-1 44
+1 88
+1 44
+1 88
+6 44
+6 44
-6 308
+2 132
+1 44
2005 132
4269 778095
+3 1037444
-3 775761
+3 1034348
-3 517174
+3 775365
+97 258591
+1 517182
+2 517182
+3 776751
+17 1467
+2 606
cfn=(694) malloc_consolidate
calls=303 4715 
* 16008374
+3 303
-1 909
+1 303
-1 303
3904 242052
4299 33486
+3 22324
+2 11162
+3 22324
-3 11162
+3 22324
cfn=(696) unlink_chunk.constprop.0
calls=11162 1626 
* 245564
+3 44648
+15 22324
-5 11162
+5 22324
+1 22324
+3 11162
+1 11162
+1 11162
+3 22324
+1 11162
+1 22324
+5 89296
+2 33486
+1 11162
2005 11162
4347 11162
2005 22324
4272 774
+2 3096
+1 1548
3193 1143
+1 762
+2 1524
+1 381
+1 381
4174 381
4380 258102
-2 516204
+2 258102
-1 258102
+6 258102
-5 258102
-3 258102
+3 258102
+2 258102
-2 1032408
2005 258102
4382 258102
2005 516204
4407 744
cfn=(558) sysmalloc
calls=186 2548 
* 51023
* 186
+1 372
2005 558

fn=(696)
1626 184246
+2 921230
+3 368492
+1 184246
-1 552738
+3 736984
+3 184246
+1 184246
+1 368492
+24 368492

fn=(598)
3287 4953720
+7 1651240
1343 1651240
+19 3302480
3306 3302480
+3 1651240
+10 1014849
+28 1691415
1362 825620
3304 2476860
+7 2476854
3193 974674
+1 974674
+2 487337
+1 487337
-1 1462011
+1 487337
+1 487337
3347 2436685
-26 1353132
cfn=(556)
calls=338283 1343 
* 87812708
+1 1691415
fi=(159)
162 676566
fe=(158)

fn=(694)
4715 303
+17 303
-17 1212
+28 303
-28 909
+15 303
+2 303
+13 606
+1 606
-1 5454
+1 5454
+62 9090
+1 2424
-31 469272
+4 303612
+2 151806
+1 303612
+1 303612
+2 303612
-4 82830
+1 165660
+1 165660
+2 165660
+5 234636
+2 234636
-2 469272
+3 234636
+9 703562
-56 469272
+4 703908
+1 938544
+8 234636
-3 469272
+3 234636
-3 234636
+4 234636
-4 234636
+5 234636
-5 234636
+5 469272
+2 469272
+1 89488
+2 89488
-1 89488
+2 357952
+2 536928
cfn=(696)
calls=89488 1626 
* 1968736
* 357952
+3 469272
+4 82830
+1 248490
+16 82830
-16 82830
cfn=(696)
calls=82830 1626 
* 1822260
* 248490

fn=(722) sysmalloc_mmap_fallback.constprop.0
2508 868
+4 124
-4 248
+7 248
+1 5
+3 248
+5 124
-1 248
+3 992
cfi=(192)
cfn=(724)
calls=124 47 
* 1116
* 124
+3 248
+4 248
+7 124
+2 124
+2 868
2028 496

fn=(554)
3235 3
+9 8
+1 3
cfn=(556)
calls=1 1343 
* 367
* 1
+1 2
+8 4
+7 2
+2 1
+1 2
-1 1
+1 86
+3 4

fn=(558)
2548 1674
+20 744
+11 372
+1 558
+26 186
+1 558
+1 186
+9 1484
+6 558
+3 558
2941 372
+1 186
+5 372
+3 372
+5 372
-2 186
+2 186
-1 186
+1 186
-3 186
+3 186
+1 186
-1 558
+1 186
+2 372
+6 2046
2687 372
+9 744
+13 558
+8 930
+8 372
+21 496
+6 868
cfn=(722)
calls=124 2508 
* 6453
+2 248
-2 124
+2 124
+4 124
+14 372
-10 248
+2 372
+2 558
+6 740
+1 61
2946 61
2773 183
+2 250
+92 248
-65 124
+84 248
+10 125
-1 125
+1 375
+1 125
+11 250
+7 248
+1 372
+8 124
+2 124
+5 248
+2 456
cfn=(682)
calls=114 4421 
* 8987
* 114
+8 114
+5 228
fi=(159)
565 186
fe=(158)
2727 186
cfi=(161)
cfn=(562)
calls=186 25 
* 8508
+1 372
-1 186
+1 186
2028 62
2729 62
2028 62
2729 62
2028 124
2730 186
+3 372
+33 124
2610 124
2775 2
+40 3
+22 1
+1 1
-1 1
+1 6
+2 2
+1 3
cfi=(161)
cfn=(562)
calls=1 25 
* 28
+12 2
-12 1
+12 1
2028 4
2897 4
2765 2
-36 248
-16 3

fn=(682)
4421 5922736
+10 740342
-10 2221026
+10 1480684
+6 3701710
+1 1480684
+4 2961368
+8 3701710
-1 1480684
+1 1480684
+29 740342
-20 740342
-6 740342
+6 1480684
+20 2961368
+14 1459238
+11 2915104
+2 2186328
2012 2186328
4527 728776
+1 728776
+4 2186328
+2 2186328
+4 1457552
+2 2915104
+1 728776
+19 2912898
4702 8143762
4569 1686
+3 843
+3 2529
+7 843
-4 843
+4 1686
+3 1686
+5 2529
+3 1686
+1 1686
+1 1686
2012 2529
4601 1686
+1 415
+2 415
-1 415
+2 1660
+2 830
cfn=(696)
calls=415 1626 
* 9130
+3 1686
+5 1686
+4 492
+9 492
-1 492
+1 1476
+1 984
-1 351
-1 351
+1 1053
+1 702
+2 843
+2 1686
+5 843
+1 843
+2 2529
+1 843
+30 1686
+20 2529
3181 10723
+4 10723
-4 10723
+2 42892
+1 10723
+1 10723
4482 10723
4616 351
+1 351
-1 351
cfn=(696)
calls=351 1626 
* 7722
+1 351

fl=(120) ./wcsmbs/../sysdeps/x86_64/multiarch/wmemcmp.c
fn=(388) wmemcmp
29 1
fi=(121) ./wcsmbs/../sysdeps/x86_64/multiarch/ifunc-memcmp.h
+5 2
+1 1
-1 2
+1 2
+1 2
+1 3
+2 2
+4 3
+3 3
fe=(120)
-17 1

fl=(149) ./libio/./libio/vtables.c
fn=(504) check_stdfiles_vtables
83 1
+1 4
+1 3
+1 3
+2 1

fl=(182)
fn=(644)
33 193808
+2 24226
cob=(2)
cfi=(51)
cfn=(630)
calls=24226 -35 
* 387616
+1 24226
-1 24226
+1 290712
+3 24226
-3 24226
+3 24226
-3 24226
+3 48452
-1 48450
+1 1
+1 1
fi=(183)
940 3
+2 2
+1 2
fe=(182)
40 24225
fi=(183)
940 72675
+2 48450
+1 48450
fe=(182)
40 72678
cfi=(169)
cfn=(646) _IO_file_xsputn@@GLIBC_2.2.5
calls=24226 1197 
* 1538146
* 48452
+1 169555
+1 96868
fi=(183)
883 48434
fe=(182)
42 36
fi=(183)
883 18
+1 242260
fe=(182)
46 169582
-5 18
cfi=(168)
cfn=(720)
calls=9 199 
* 1530
* 18

fl=(197) ./nptl/./nptl/pthread_mutex_unlock.c
fn=(736) pthread_mutex_unlock@@GLIBC_2.2.5
367 1
51 3
+1 2
367 1
57 2
+8 1
-3 1
-23 1
+1 2
+30 1
369 2
40 3
+1 2
+33 2
+6 4
+4 3
+3 3

fl=(162)
fn=(564)
37 374
+6 187
-6 187
+3 187
-3 374
+3 187
+3 187
+20 1
+15 315
-20 374
+1 2
cfi=(163) ./misc/../sysdeps/unix/sysv/linux/brk.c
cfn=(566) brk
calls=1 -24 
* 9
* 2
+4 1
-1 374
+4 744
+8 186
cfi=(163)
cfn=(566)
calls=186 -39 
* 1922
* 372
-14 124
+18 620

fl=(94) ./wcsmbs/../sysdeps/x86_64/multiarch/wcschr.c
fn=(318) wcschr
31 2
fi=(95)
+2 10
-1 4
+2 6
+2 4
+4 6
+3 8
fe=(94)
-12 2

fl=(89) ./string/../sysdeps/x86_64/multiarch/memset.c
fn=(306) memset
29 1
fi=(90) ./string/../sysdeps/x86_64/multiarch/ifunc-memset.h
+21 5
+3 3
+7 2
+9 2
+2 2
+10 2
+8 2
+2 5
fe=(89)

fl=(97) ./string/../sysdeps/x86_64/multiarch/strrchr.c
fn=(324) rindex
28 1
fi=(84)
+5 5
-1 2
+2 3
+2 2
+4 3
+3 4
fe=(97)
-15 1

fl=(174)
fn=(612)
97 1582440
+1 4747320
cfi=(175) ./stdlib/../stdlib/strtol_l.c
cfn=(614) ____strtol_l_internal
calls=1582440 225 
* 243903954

fl=(165)
fn=(574)
25 11166545
+4 858965
+1 1717930
-1 1717930
+1 858965
-1 858965
+1 858965
-1 858965
+1 858965
-1 858965
+1 858965
cfi=(166)
cfn=(576)
calls=858965 278 
* 1558555568
+4 4294825

fl=(110) ./string/../sysdeps/x86_64/multiarch/memcmp.c
fn=(358) bcmp
29 1
fi=(111) ./string/../sysdeps/x86_64/multiarch/ifunc-memcmp.h
+5 2
+1 1
-1 2
+1 2
+1 2
+1 3
+2 2
+4 3
+3 3
fe=(110)
-17 1

fl=(189)
fn=(710)
1180 444
+30 185
+8 111
+4 185
+11 74
+11 37
fi=(204) ./stdio-common/./stdio-common/printf-parse.h
111 74
fe=(189)
1244 185
fi=(204)
111 37
cob=(2)
cfi=(51)
cfn=(712)
calls=37 0 
* 777
fe=(189)
1259 37
fi=(204)
111 37
fe=(189)
1259 111
239 37
fi=(205) ./stdio-common/../libio/libioP.h
940 37
fe=(189)
1263 37
fi=(205)
942 37
-2 37
fe=(189)
1263 37
fi=(205)
940 74
+2 74
+1 74
fe=(189)
239 148
cfi=(169)
cfn=(646)
calls=37 1197 
* 740
* 74
127 333
1263 74
+4 111
+4 296
1532 37
1214 37
+34 37
-8 37
1532 111
+23 37
-39 37
+39 37
-39 37
+39 74
1313 1665
+39 111
-51 111
-1 111
-1 111
-1 111
+5 111
1501 111
fi=(204)
88 111
fe=(189)
1352 111
-46 111
-4 111
+50 111
1501 111
1295 111
-1 111
-1 111
-1 111
-1 111
+16 222
1608 74
+1 74
+3 444
-4 333
1218 74
+41 148
cfi=(167)
cfn=(578)
calls=37 24 
* 370
+1 481
-1 74
1609 74
cfi=(167)
cfn=(616)
calls=37 39 
* 296
+2 37
-47 37
-47 814
-1 962
cfi=(191)
cfn=(716)
calls=74 163 
* 2344
* 2294
192 148
+47 74
fi=(205)
942 222
+1 148
fe=(189)
239 296
cfi=(169)
cfn=(646)
calls=74 1197 
* 5141
* 148
127 1221
1517 222
-54 74
+53 148
+73 111
fi=(204)
111 111
fe=(189)
1583 111
fi=(204)
111 222
cob=(2)
cfi=(51)
cfn=(712)
calls=111 0 
* 2331
fe=(189)
239 111
fi=(205)
942 111
fe=(189)
1593 111
fi=(204)
111 111
fi=(205)
942 111
fe=(189)
1593 111
fi=(205)
942 111
+1 222
fe=(189)
239 444
cfi=(169)
cfn=(646)
calls=111 1197 
* 7326
* 222
127 1443
1593 222
+2 259
-79 1480
192 148
1392 148
1516 592
+1 74
cob=(2)
cfi=(51)
cfn=(630)
calls=37 0 
* 592
* 74
-1 740
239 37
fi=(205)
942 111
+1 74
fe=(189)
239 148
cfi=(169)
cfn=(646)
calls=37 1197 
* 2313
* 74
127 222
1516 148

fl=(122) ./string/../sysdeps/x86_64/multiarch/stpcpy.c
fn=(392) stpcpy
33 1
fi=(101)
+3 2
+1 1
-1 2
+1 2
+2 2
+4 3
+3 3
fe=(122)
-13 1

fl=(155)
fn=(536)
30 1
+2 1
+9 1
+1 2
+1 1
+4 1
+1 1
+1 1
+1 1
+1 1
+2 2
+2 1
+1 1
+1 1
+2 2
+2 1
+5 1
+1 1
+17 1
cfi=(156) ./setjmp/./setjmp/sigjmp.c
cfn=(538) __sigjmp_save
calls=1 -56 
* 9

fl=(173) ./io/../sysdeps/unix/sysv/linux/read.c
fn=(608) read
25 5892
+1 35352
+1 5892

fl=(96) ./string/../sysdeps/x86_64/multiarch/strchr.c
fn=(322) index
61 1
-20 2
+1 1
-1 2
-1 2
+2 2
+2 2
+4 3
+3 3
+10 1

fl=(116) ./string/../sysdeps/x86_64/multiarch/strcpy.c
fn=(374) strcpy
29 1
fi=(101)
+7 2
+1 1
-1 2
+1 2
+2 2
+4 3
+3 3
fe=(116)
-17 1

fl=(123) ./string/../sysdeps/x86_64/multiarch/memchr.c
fn=(396) memchr
29 1
fi=(124)
+6 5
-1 2
+2 3
+5 2
-3 2
+9 3
+3 4
fe=(123)
-21 1

fl=(170)
fn=(588)
78 18
+6 8
fi=(183)
940 6
+2 4
+1 4
fe=(170)
84 6
cfi=(169)
cfn=(590) _IO_file_stat
calls=2 1146 
* 36
* 4
+2 8
+11 8
+4 4
cob=(2)
cfi=(51)
cfn=(596)
calls=2 0 
* 374
* 2
+1 4
+2 8
cfi=(168)
cfn=(602)
calls=2 329 
* 48
+1 2
+1 16

fl=(169)
fn=(590)
1146 2
+1 4
cfi=(171)
cfn=(592)
calls=2 29 
* 30

fn=(650) _IO_do_write@@GLIBC_2.2.5
423 60
+2 180
+1 1
-3 59
fi=(183)
940 59
fe=(169)
423 118
fi=(183)
940 59
fe=(169)
423 59
fi=(183)
940 118
fe=(169)
423 295
+20 59
-10 118
+7 236
fi=(183)
942 118
+1 118
fe=(169)
448 236
cfn=(700) _IO_file_write@@GLIBC_2.2.5
calls=59 1173 
* 2714
* 59
+1 295
+2 59
+4 118
-3 118
-1 118
+4 177
-2 59
-28 236
+1 472
+28 177

fn=(700)
1173 413
+2 354
+5 59
cfi=(187)
cfn=(702)
calls=59 25 
* 531
+1 118
+5 59
+1 59
-12 118
+4 177
+1 118
+10 177
+3 354
-4 177

fn=(794)
381 6
+1 2
cfi=(168)
cfn=(796)
calls=2 +70 
* 138
* 4
+3 2
+4 4
-2 6
+3 4

fn=(584)
461 5892
+4 17676
-4 47136
+7 11784
+6 17676
+3 11784
+12 11782
+9 11784
fi=(183)
940 5892
+2 5892
-2 5892
fe=(169)
505 11784
cfi=(168)
cfn=(604)
calls=5892 164 
* 147300
+6 5892
+5 5892
-5 5892
fi=(183)
942 11784
fe=(169)
511 5892
fi=(183)
942 5892
fe=(169)
511 17676
fi=(183)
943 11784
fe=(169)
516 23568
cfn=(606) _IO_file_read
calls=5892 1130 
* 82488
+2 11784
+16 5891
-9 5891
+9 11782
+2 11782
+1 47128
-6 1
-10 5
+11 1
-11 2
+16 8
-57 3
+5 2
cfi=(168)
cfn=(586)
calls=1 343 
* 306
+4 4

fn=(648)
731 300
+1 240
+7 298
+37 59
-2 120
+3 18
+3 27
+1 27
+1 18
+4 9
+1 36
-45 2
+12 2
+9 3
+5 3
+2 2
-3 2
+3 1
+1 1
-6 1
+1 1
+5 4
+16 51
-12 51
+1 51
+11 102
-12 51
cfn=(650)
calls=51 423 
* 5505
+3 27
+2 18
-2 27
cfn=(650)
calls=9 423 
* 990
* 18
-34 2
cfi=(168)
cfn=(586)
calls=1 343 
* 306
+1 1
+9 1
-9 5

fn=(646)
1197 122425
+7 24485
-7 73455
+6 97866
+9 48896
-2 97792
+17 73344
+1 24443
+3 73329
+2 24443
+2 24443
+2 48886
-2 24443
+1 24443
+1 24443
-2 24443
cob=(2)
cfi=(51)
cfn=(666)
calls=24443 0 
* 416189
* 24443
+4 48886
+28 220365
-36 5
+12 5
fi=(183)
940 15
+2 10
+1 10
fe=(169)
1243 45
fi=(183)
940 135
+2 90
+1 90
fe=(169)
1243 150
cfn=(648)
calls=50 731 
* 6879
* 100
+6 100
+1 350
+2 100
+11 150
+1 200
cfi=(168)
cfn=(652)
calls=50 371 
* 3620
+2 150

fn=(606)
1130 5892
+1 5892
+2 5892
-1 5892
+1 11784
cfi=(173)
cfn=(608)
calls=5892 25 
* 47136

fn=(798)
792 10
+5 8
+2 2
+1 4
+11 4
+4 8

fl=(83) ./string/../sysdeps/x86_64/multiarch/strnlen.c
fn=(294) strnlen
31 2
fi=(84)
+2 10
-1 4
+2 6
+2 4
+4 6
+3 8
fe=(83)
-12 2

fl=(137) ./ctype/./ctype/ctype-info.c
fn=(442) __ctype_init
29 1
+2 7
+2 4
+2 4
+1 1

fl=(98) ./string/../sysdeps/x86_64/multiarch/memmove.c
fn=(328) memmove
29 2
fi=(93) ./string/../sysdeps/x86_64/multiarch/ifunc-memmove.h
+24 6
-1 4
+4 6
+14 4
+2 4
+8 4
+8 4
+2 10
fe=(98)

fl=(112) ./wcsmbs/../sysdeps/x86_64/multiarch/wmemset.c
fn=(362) wmemset
31 2
fi=(113) ./wcsmbs/../sysdeps/x86_64/multiarch/ifunc-wmemset.h
+2 10
+1 6
+2 4
+8 6
+3 8
fe=(112)
-16 2

fl=(117) ./string/../sysdeps/x86_64/multiarch/strcasecmp_l.c
fn=(378) strcasecmp_l
31 1
fi=(202)
+1 5
fe=(117)
-1 1

fl=(198)
fn=(746)
30 4
+3 4
-3 14
+3 8
+3 6
+4 12
-4 6
+58 8
+4 12
-4 6
+11 4
+1 4
cfi=(199)
cfn=(748)
calls=2 -30 
* 32
+1 8
+1 16

fl=(175)
fn=(614)
225 4747320
+54 1582440
-54 6329760
+19 1582440
-19 4747320
+14 1582440
-14 1582440
+26 3164880
+31 6329760
+9 9494640
+2 3164880
+5 3164880
-1 1582440
+6 3164880
+4 3164880
+10 3164880
+10 6329760
-82 3164880
377 1582440
+56 6329760
309 1582440
449 1582440
+10 4747320
-10 1582440
+10 1582440
+12 3164880
-5 5924286
+5 5924286
+1 17772858
-41 11848572
+2 20532264
+2 17772858
+28 17772858
+3 11848572
+11 3164880
+5 4747320
+1 1582440
+5 3164880
324 3164880
491 4747320
-2 3164880
+17 7912200
+18 12659520

fl=(159)
fn=(548)
313 1
fi=(158)
3162 3
fe=(159)
313 5
+5 1
fi=(158)
3162 2
cfi=(160)
cfn=(550)
calls=1 28 
* 9
* 2
fe=(159)
343 2
+4 3
fi=(158)
1966 4
+3 1
-3 1
+3 2
-3 2
+3 126
-3 126
+3 252
-3 252
fe=(159)
352 3
fi=(158)
1977 1
+1 1
+2 1
fe=(159)
352 1
cob=(2)
cfi=(51)
cfn=(450)
calls=1 0 
* 23
+1 4
cob=(2)
cfi=(51)
cfn=(450)
calls=1 0 
* 22
+1 4
cob=(2)
cfi=(51)
cfn=(450)
calls=1 0 
* 23
+1 4
cob=(2)
cfi=(51)
cfn=(450)
calls=1 0 
* 23
+1 4
cob=(2)
cfi=(51)
cfn=(450)
calls=1 0 
* 22
+1 4
cob=(2)
cfi=(51)
cfn=(450)
calls=1 0 
* 23
+1 4
cob=(2)
cfi=(51)
cfn=(450)
calls=1 0 
* 23
+2 4
cob=(2)
cfi=(51)
cfn=(450)
calls=1 0 
* 23
+1 4
cob=(2)
cfi=(51)
cfn=(450)
calls=1 0 
* 23
+1 4
cob=(2)
cfi=(51)
cfn=(450)
calls=1 0 
* 23
+3 4
cob=(2)
cfi=(51)
cfn=(450)
calls=1 0 
* 23
+1 4
cob=(2)
cfi=(51)
cfn=(450)
calls=1 0 
* 23
+1 2
+63 7

fl=(92) ./string/../sysdeps/x86_64/multiarch/memcpy.c
fn=(314) memcpy@@GLIBC_2.14
29 1
fi=(93)
+24 3
-1 2
+4 3
+14 2
+2 2
+8 2
+8 2
+2 5
fe=(92)

fl=(104) ./string/../sysdeps/x86_64/multiarch/strncmp.c
fn=(344) strncmp
66 1
-25 4
+1 3
+2 2
+5 3
+3 3
+14 1

fl=(163)
fn=(566)
35 187
+1 748
+1 374
+6 63
+1 63
-5 248
+1 248

fl=(114) ./string/../sysdeps/x86_64/multiarch/memrchr.c
fn=(366) memrchr
29 1
fi=(84)
+4 5
-1 2
+2 3
+2 2
+4 3
+3 4
fe=(114)
-14 1

fl=(152)
fn=(512)
69 9
-28 2
+2 6
+1 2
cfn=(514) __new_exitfn
calls=1 +38 
* 32
+2 2
+10 1
+2 1
-5 3
+3 1
-1 1
+4 2
+1 1
-1 2
+12 6

fn=(514)
82 1
+6 2
-6 4
+11 4
-10 2
+12 4
-2 1
+10 1
-10 3
+45 1
+5 1
-4 1
+4 4
-18 1
-1 1
+1 1

fl=(126) ./string/../sysdeps/x86_64/multiarch/mempcpy.c
fn=(402) mempcpy
33 1
fi=(93)
+20 3
-1 2
+4 3
+14 2
+2 2
+8 2
+8 2
+2 5
fe=(126)

fl=(86) ./string/../sysdeps/x86_64/multiarch/strcmp.c
fn=(300) strcmp
65 2
-24 4
+1 2
-1 4
+1 4
+2 4
+5 6
+3 6
+13 2

fl=(115) ./string/../sysdeps/x86_64/multiarch/strchrnul.c
fn=(370) strchrnul
31 1
fi=(84)
+2 5
-1 2
+2 3
+2 2
+4 3
+3 4
fe=(115)
-12 1

fl=(147) ./misc/./misc/init-misc.c
fn=(498) __init_misc
30 1
+1 2
-1 4
+1 3
+2 3
cob=(2)
cfi=(51)
cfn=(500)
calls=1 -33 
* 36
+4 5
+1 3
+2 4

fl=(108) ./string/../sysdeps/x86_64/multiarch/strcat.c
fn=(352) strcat
29 1
fi=(101)
+7 2
+1 1
-1 2
+1 2
+2 2
+4 3
+3 3
fe=(108)
-17 1

fl=(146) ./csu/./csu/init-first.c
fn=(496) _init_first
46 4
+5 2
+4 5
+8 1
-2 1
+10 1
-9 1
+1 1
+9 2
-1 1
cfi=(147)
cfn=(498)
calls=1 -41 
* 61

fl=(167)
fn=(616)
39 859004
+3 1718008
+2 1718008
+1 1718008
+2 859004

fn=(578)
24 859004
+3 1718008
+3 3436016
+1 859004
+2 859004
+1 859004

fl=(136) ./elf/./elf/libc_early_init.c
fn=(440) __libc_early_init
33 7
+2 1
cfi=(137)
cfn=(442)
calls=1 -6 
* 17
+3 1
fi=(139) ./elf/../sysdeps/nptl/pthread_early_init.h
-5 2
fe=(136)
+8 1
-3 1
fi=(139)
-5 1
cfi=(138)
cfn=(444)
calls=1 +5 
* 10
* 3
+1 6
+11 1
fi=(206) ./elf/../nptl/nptl-stack.h
+13 3
fi=(139)
-13 1
fi=(206)
+13 2
fi=(139)
-4 1
fi=(206)
+4 2
fi=(139)
-6 1
fi=(206)
+6 1
fi=(139)
-12 1
+6 6
+1 1
+4 1
cfi=(140)
cfn=(448)
calls=1 -7 
* 884
fe=(136)
-10 3
+2 2
-2 1
cfi=(143)
cfn=(462)
calls=1 +49 
* 147

fl=(181)
fn=(640)
34 8971698
+3 2990566
+1 8971242
+5 7476263
-5 152
cfi=(168)
cfn=(580)
calls=152 299 
* 24624

fl=(81) ./string/../sysdeps/x86/cacheinfo.c
fn=(290) __x86_cacheinfo
86 1
fi=(82) ./string/../sysdeps/x86/cacheinfo.h
-25 1
+3 3
+2 1
+1 1
-1 2
+7 3
+2 1
+1 1
-1 2
+5 2
+2 2
+1 2
+1 2
+2 2
fe=(81)
* 2

fl=(148)
fn=(502)
46 1
+1 1
+1 1
+2 1
+1 1
+3 1
+1 1
+1 1
+33 1
+1 1
+1 1
+1 1
+1 1
+1 1
+1 1
+1 1
+1 1
+1 1
+3 1
+1 1
+9 1
+1 1
+98 1
+1 1
+8 1
+1 1
+1 1
+1 1
+1 1
+2 1
+1 1
+1 1
+1 2

fl=(156)
fn=(538)
28 3
+2 2
-1 1
+5 3

fl=(109) ./string/../sysdeps/x86_64/multiarch/strncase_l.c
fn=(356) strncasecmp_l
31 1
fi=(202)
+1 5
fe=(109)
-1 1

ob=(1)
fl=(12) ./elf/./elf/dl-sort-maps.c
fn=(246) _dl_sort_maps
290 20
+8 2
-8 2
+8 4
+4 16
-79 4
-37 2
+37 2
-36 8
+1 2
-1 2
+1 2
-1 4
+1 6
-1 6
+1 6
-1 12
+36 30
+8 6
-3 2
+2 2
+1 2
-8 2
+5 2
+3 8
+2 18
+2 8
-90 40
cfn=(248) dfs_traversal.part.0
calls=8 -5 
* 284
+93 16
+18 4
+13 2
+33 2
-26 8
cfi=(29) ./string/../sysdeps/x86_64/multiarch/memmove-vec-unaligned-erms.S
cfn=(80) memcpy
calls=2 -64 
* 22
* 2

fn=(22) _dl_sort_maps_init
281 2
+1 4
cfi=(10)
cfn=(24)
calls=1 405 
* 20
+2 3
-1 1
+2 2

fn=(248)
140 64
+10 8
-2 8
+2 16
+2 20
+3 20
-3 40
+9 16
+15 24
+1 8
+1 48
-17 12

fl=(22) ./string/../sysdeps/x86_64/multiarch/strlen-vec.S
fn=(60) strlen
41 16
+44 16
+1 16
+1 16
+1 16
+1 16
+1 16
+1 16
+2 16
+2 16
+31 15
+1 15
+1 15
+1 15
+1 15
+1 10
+2 10
+4 5
+1 5
+1 5
+1 5
+1 5
+1 5
+1 5
+1 5
+1 5
+1 5
+1 5
+1 5
+5 40
+4 1
+1 14
+1 8

fl=(23) ./elf/../misc/sbrk.c
fn=(62) sbrk
37 5
+3 1
+18 2
+4 2
+16 5

fl=(27) ./elf/./elf/dl-minimal-malloc.c
fn=(72) __minimal_calloc
78 8
+4 8
-4 32
+7 8
+1 24
fi=(28) ./elf/../include/rtld-malloc.h
-30 8
cfi=(27)
cfn=(76) __minimal_malloc
calls=8 -21 
* 235
fe=(27)

fn=(144) __minimal_free
95 3
+2 12

fn=(76)
35 120
+1 24
+11 24
-11 48
+11 48
+3 24
-3 24
+3 136
+18 24
+1 24
+2 96
-16 8
+1 4
+2 2
+1 14
cfi=(60) ./misc/../sysdeps/unix/sysv/linux/mmap64.c
cfn=(194) mmap
calls=2 -12 
* 18
* 2
+2 4
+2 4
+2 2
+4 2
-4 4
-23 1
-1 1
+1 1
+1 2
-2 2

fl=(44) ./string/../sysdeps/x86_64/multiarch/memset-vec-unaligned-erms.S
fn=(132) memset
125 7
+1 35
+6 7
+1 7
+1 7
+1 7
+2 1
+1 1
+1 1
+65 4
+1 4
+2 4
+76 6
+1 6
+5 6
+3 6
+1 6
+3 2
+1 2
+13 2
+1 2
+2 2
+3 1
+3 2
+3 1
+1 1
+1 1
+1 1
+1 1
+1 1
+1 1
-6 27
+1 27
+1 27
+1 27
+1 27
+1 27
+1 27
+3 2
+1 2
+1 2
+1 2
+5 2

fl=(78) ./elf/./elf/dl-reloc.c
fn=(272) _dl_relocate_object
194 8
+14 4
-14 36
+16 4
-16 8
+14 4
+2 8
+3 4
-1 4
+1 8
+19 8
+6 20
-34 6
+38 6
+7 12
fi=(6) ./elf/../sysdeps/x86_64/dl-machine.h
71 10
+6 4
+4 3
+14 1
-8 1
+8 2
+20 2
+4 5
-2 2
fe=(78)
288 160
-83 1
fi=(6)
474 4
fe=(78)
205 2
+83 2
fi=(5) ./elf/./elf/do-rel.h
49 1
fe=(78)
288 1
fi=(5)
60 1
-11 2
+11 2
fe=(78)
288 3
-83 3
fi=(6)
474 12
fe=(78)
205 6
+83 6
fi=(5)
49 3
fe=(78)
288 3
fi=(5)
60 3
-11 6
+11 6
fe=(78)
288 8
fi=(5)
49 4
fe=(78)
288 4
fi=(5)
60 4
-11 8
+11 8
-7 1
-1 1
+11 8
fi=(6)
545 28
+4 28
+3 42
+1 14
fi=(5)
63 42
+2 216
+2 120
-4 120
+13 6
+1 8
+1 80
fi=(6)
545 40
+34 80
+2 40
cob=(3)
cfi=(128)
cfn=(408)
calls=1 31 
* 23
cob=(3)
cfi=(127)
cfn=(406)
calls=1 31 
* 7
cob=(3)
cfi=(126)
cfn=(402)
calls=1 33 
* 22
cob=(3)
cfi=(125)
cfn=(400)
calls=1 29 
* 7
cob=(3)
cfi=(123)
cfn=(396)
calls=1 29 
* 23
cob=(3)
cfi=(122)
cfn=(392)
calls=1 33 
* 17
cob=(3)
cfi=(120)
cfn=(388)
calls=1 29 
* 22
cob=(3)
cfi=(119)
cfn=(384)
calls=1 29 
* 17
cob=(3)
cfi=(118)
cfn=(380)
calls=1 29 
* 21
cob=(3)
cfi=(117)
cfn=(378)
calls=1 31 
* 7
cob=(3)
cfi=(116)
cfn=(374)
calls=1 29 
* 17
cob=(3)
cfi=(115)
cfn=(370)
calls=1 31 
* 21
cob=(3)
cfi=(114)
cfn=(366)
calls=1 29 
* 21
cob=(3)
cfi=(112)
cfn=(362)
calls=2 31 
* 38
cob=(3)
cfi=(110)
cfn=(358)
calls=1 29 
* 22
cob=(3)
cfi=(109)
cfn=(356)
calls=1 31 
* 7
cob=(3)
cfi=(108)
cfn=(352)
calls=1 29 
* 17
cob=(3)
cfi=(107)
cfn=(350)
calls=1 43 
* 7
cob=(3)
cfi=(106)
cfn=(348)
calls=1 29 
* 7
cob=(3)
cfi=(105)
cfn=(346)
calls=1 31 
* 7
cob=(3)
cfi=(104)
cfn=(344)
calls=1 66 
* 17
cob=(3)
cfi=(102)
cfn=(340)
calls=2 31 
* 46
cob=(3)
cfi=(100)
cfn=(336)
calls=1 31 
* 17
cob=(3)
cfi=(99)
cfn=(332)
calls=1 30 
* 21
cob=(3)
cfi=(98)
cfn=(328)
calls=2 29 
* 44
cob=(3)
cfi=(97)
cfn=(324)
calls=1 28 
* 21
cob=(3)
cfi=(96)
cfn=(322)
calls=1 61 
* 19
cob=(3)
cfi=(94)
cfn=(318)
calls=2 31 
* 42
cob=(3)
cfi=(92)
cfn=(314)
calls=1 29 
* 22
cob=(3)
cfi=(91)
cfn=(310)
calls=1 29 
* 19
cob=(3)
cfi=(89)
cfn=(306)
calls=1 29 
* 24
cob=(3)
cfi=(87)
cfn=(302)
calls=1 29 
* 19
cob=(3)
cfi=(86)
cfn=(300)
calls=1 65 
* 17
cob=(3)
cfi=(85)
cfn=(298)
calls=1 29 
* 7
cob=(3)
cfi=(83)
cfn=(294)
calls=2 31 
* 42
-36 40
+37 40
fi=(5)
77 121
fe=(78)
288 32
+3 24
+24 4
+3 8
+17 12
+2 32
-98 8
+3 2
+7 4
-9 2
fi=(5)
86 14
+2 14
+12 7
-14 28
+14 14
+10 10
+3 13
+1 3
fi=(6)
529 3
fi=(5)
114 3
fi=(6)
529 6
fi=(5)
114 1198
fi=(6)
529 1198
fi=(5)
114 1198
fi=(6)
529 2396
+5 2402
+1 1201
fi=(5)
113 1201
fi=(6)
535 1201
-5 1201
fi=(5)
113 2402
+7 28
+4 20
+2 10
-73 3
fi=(6)
484 3
fi=(5)
52 3
fi=(6)
484 6
fi=(5)
128 6
+1 3
+1 3
-2 3
+2 3
+3 3
-5 3
+2 3
-2 3
+1 6
+2 3
-2 3
+2 9
+2 6
-5 218
+1 109
+1 109
-2 109
+2 109
+3 109
-5 109
+2 109
-2 109
+1 218
+2 109
-2 109
+2 327
+2 218
+9 110
fi=(6)
262 220
+21 220
+4 220
+7 440
fi=(4) ./elf/../sysdeps/generic/ldsodefs.h
138 282
fi=(6)
294 3617
cfi=(79) ./elf/./elf/dl-lookup.c
cfn=(280) _dl_lookup_symbol_x
calls=91 840 
* 51597
* 819
+2 282
+30 658
450 276
fi=(5)
145 310
-19 336
+32 15
+1 6
fi=(6)
294 2
+22 2
-22 4
fi=(5)
160 6
+3 2
+4 2
-4 2
+4 4
-2 2
-2 2
+2 2
+1 2
-1 4
fi=(6)
294 8
508 2
-1 4
+1 4
+1 2
cfi=(15) ./elf/../sysdeps/x86/dl-get-cpu-features.c
cfn=(436) __x86_cpu_features
calls=1 71 
* 6
cob=(3)
cfi=(81)
cfn=(290)
calls=1 86 
* 28
+1 2
fi=(5)
159 2
fi=(6)
510 2
fi=(5)
159 8
-14 3
+1 48
fi=(6)
490 3
+5 2
-1 3
+1 2
-1 1
cfi=(29)
cfn=(80)
calls=1 212 
* 11
+2 4
+1 1
-75 51
+4 68
+5 17
+9 17
-9 34
+9 17
fi=(5)
145 66
fi=(6)
296 155
+3 107
-3 107
+3 214
+2 5
+3 2
+1 3
+11 2
+7 1
cob=(3)
cfi=(86)
cfn=(300)
calls=1 65 
* 17
* 3
+3 2
fi=(5)
135 10
+3 2
fi=(6)
296 91
+3 91
-3 198
+3 4
fi=(5)
50 8
fe=(78)
308 14
fi=(6)
-14 29
fe=(78)
+49 20
+3 4
-3 4
+3 4
+4 8
+1 16
cfi=(72) ./misc/../sysdeps/unix/syscall-template.S
cfn=(236) mprotect
calls=4 117 
* 24
* 8
-63 6
fi=(5)
53 2
175 7
+2 2
+1 2
-1 1
+3 1
-3 4
+3 2
-3 10
+1 10
-1 5
+3 5
-3 20
+3 10
+8 6
fi=(6)
+74 12
+21 12
+4 12
+7 24
fi=(4)
138 18
fi=(6)
294 204
cfi=(79)
cfn=(280)
calls=6 840 
* 3251
* 54
+2 18
+30 36
450 12
fi=(5)
191 18
-16 18
+30 4
fi=(6)
+91 2
+3 2
-3 2
+3 4
-3 2
+3 2
-3 4
fe=(78)

fl=(15)
fn=(32) _dl_x86_init_cpu_features
37 1
+2 3
+2 1
cfi=(16) ./elf/../sysdeps/x86/cpu-features.c
cfn=(34) init_cpu_features.constprop.0
calls=1 399 
* 7219

fn=(436)
71 1
-32 3
+32 2

fl=(45) ./string/./string/strdup.c
fn=(140) strdup
40 15
+1 3
cfi=(22)
cfn=(60)
calls=3 * 
* 87
* 3
fi=(207) ./string/../include/rtld-malloc.h
+15 6
cfi=(27)
cfn=(76)
calls=3 -21 
* 75
fe=(45)
-12 6
+4 3
-1 9
+1 6
-1 3
cfi=(29)
cfn=(80)
calls=3 212 
* 41

fl=(135) ./elf/./elf/dl-call-libc-early-init.c
fn=(438) _dl_call_libc_early_init
27 1
+2 2
-2 1
+6 3
-6 1
+6 3
-6 1
+6 1
cfi=(134) ./elf/./elf/dl-lookup-direct.c
cfn=(434) _dl_lookup_direct
calls=1 +41 
* 177
+4 2
+2 4
+2 1
-1 1
+1 2
-1 1
cob=(3)
cfi=(136)
cfn=(440)
calls=1 -7 
* 1108

fl=(65) ./io/../sysdeps/unix/sysv/linux/access.c
fn=(208) access
25 1
+2 7
+4 1

fl=(26) ./elf/./elf/dl-object.c
fn=(70) _dl_new_object
59 42
+3 6
+18 2
+3 2
-3 2
+3 2
cfi=(22)
cfn=(60)
calls=2 -42 
* 52
+4 4
-4 4
+9 4
fi=(28)
-48 6
cfi=(27)
cfn=(72)
calls=2 +34 
* 100
fe=(26)
+48 1
fi=(28)
-48 3
cfi=(27)
cfn=(72)
calls=1 +34 
* 43
* 3
fe=(26)
+51 6
+5 3
-2 3
+6 3
-4 3
+4 3
-5 3
+4 3
+1 3
-1 3
+1 6
cfi=(29)
cfn=(80)
calls=3 212 
* 44
* 6
+2 3
+13 6
+6 1
+2 7
+3 2
-3 14
+3 4
+9 3
-7 3
+4 3
+3 15
+2 1
-2 3
+2 15
-2 45
+16 6
-5 3
+5 3
-6 3
+6 3
-6 3
+6 6
+2 4
+3 4
-3 4
+7 8
+4 4
+8 2
+3 2
+10 3
-10 4
+10 6
+2 2
+21 2
-21 2
cfi=(22)
cfn=(60)
calls=2 41 
* 70
* 6
+17 2
-13 6
+50 6
cfi=(29)
cfn=(128) mempcpy
calls=2 -46 
* 34
* 2
+5 4
+1 4
-1 80
+1 80
+2 4
+3 2
+3 2
+4 27
131 8
-12 4
+34 1
+7 4
+8 8
fi=(28)
56 4
cfi=(27)
cfn=(76)
calls=2 -21 
* 50
* 2
fe=(26)
200 8
64 2
+2 3
+1 2
+10 5
-6 2

fn=(82) _dl_add_to_namespace_list
31 6
+2 3
-2 6
+2 3
-2 6
+2 3
cfi=(24) ./elf/../sysdeps/nptl/dl-tls_init_tp.c
cfn=(84) rtld_mutex_dummy
calls=3 +9 
* 9
+2 23
+3 20
+2 2
+2 2
+4 2
+4 2
-4 4
+1 2
+4 2
-4 2
+1 2
+3 2
-3 2
+3 2
-1 2
cfi=(24)
cfn=(84)
calls=2 -8 
* 6
-4 1
+4 1
-4 2
+1 1
+4 1
-4 1
+1 1
+3 1
-3 1
+3 1
-1 1
cfi=(24)
cfn=(84)
calls=1 -8 
* 3
-5 2

fl=(71) ./io/../sysdeps/unix/sysv/linux/pread64_nocancel.c
fn=(232) __pread64_nocancel
25 8
+1 16
+1 4

fl=(29)
fn=(128)
199 32
+1 32
+1 32
+1 32
+17 32
+1 32
+2 6
+1 6
+1 6
+2 5
+1 5
+1 5
+2 5
360 26
+1 26
+2 8
+4 8
+1 3
+1 3
+1 2
+1 2
+1 2
+1 2
+2 2
+2 3
+6 5
+1 5
+1 5
+1 5
+1 5
+29 18
+1 18
+1 18
+1 18
+1 18
+7 1
+1 1
+1 1
+1 1
+1 1
+1 1
+1 1
+11 1
+1 1
+2 1
+1 1
+1 1

fn=(80)
212 17
+1 17
+6 17
+1 17
+2 10
+1 10
+1 10
+2 7
+1 7
+1 7
+2 7
360 7
+1 7
+2 1
+4 1
+1 1
+1 1
+1 1
+1 1
+4 1
+2 1
+39 6
+1 6
+1 6
+1 6
+1 6
+7 3
+1 3
+1 3
+1 3
+1 3
+1 3
+1 3
+11 3
+1 3
+2 3
+1 3
+1 3

fl=(10)
fn=(54) __GI___tunable_set_val
157 15
-55 5
+55 5
-55 5
+55 5
-55 35
+9 5
+1 5
fi=(208) ./elf/./dl-tunable-types.h
-22 10
fe=(10)
+22 20
+1 40
fi=(11) ./elf/./elf/dl-tunables.h
+8 10
+1 5
fe=(10)
-6 15
fi=(11)
+15 5
fe=(10)
-12 10
+4 10
+7 10
+1 10
+3 30
+1 5
+1 5
+1 5
+24 5
fi=(11)
-30 15
fe=(10)

fn=(18) __GI___tunables_init
282 9
-9 7
71 95
+6 30
-3 30
+3 2161
-3 30
-3 60
357 8
81 60
+5 90
fi=(11)
+54 30
fe=(10)
-54 30
fi=(11)
+54 30
+1 80
-1 70
+1 20
-1 30
+1 60
fe=(10)
323 120
-18 4200
+6 6600
fi=(11)
140 270
+1 540
-1 11
+1 44
-1 55
fe=(10)

fn=(24)
405 33
+3 231
+9 33
-9 126
+9 10
+17 165
+2 33
-9 23
+1 23

fl=(60)
fn=(194)
47 24
+3 24
+8 48
+2 12

fl=(2) ./elf/./elf/rtld.c
fn=(252) version_check_doit
696 3
+2 4
cfi=(75) ./elf/./elf/dl-version.c
cfn=(254) _dl_check_all_versions
calls=1 361 
* 3996
* 2
+4 2

fn=(156) handle_preload_list
894 10
+5 1
-5 2
+5 2
+6 1
-64 1
+54 3
+7 3
cfi=(50) ./string/../sysdeps/x86_64/strcspn.S
cfn=(158) strcspn
calls=1 25 
* 233
* 1
+1 3
+9 1
191 1
914 2
191 2
916 2
-80 1
+5 5
-10 1
+8 1
-4 1
+1 1
+1 1
+4 1
cob=(2)
cfi=(51)
cfn=(160)
calls=1 0 
* 2784
+1 3
+8 3
+67 1
-18 2
+21 9
-15 4
cfi=(29)
cfn=(80)
calls=1 212 
* 19
+1 2

fn=(170) map_doit
663 2
+2 1
-2 1
+2 1
+1 2
-1 2
+1 3
cfi=(31) ./elf/./elf/dl-load.c
cfn=(172) _dl_map_object
calls=1 2022 
* 2683
* 1
+2 2

fn=(64) dl_main
1320 2
205 1
311 1
1320 2
2818 1
1320 3
2829 1
1320 2
2698 1
1320 2
311 1
1320 3
207 1
310 1
205 1
+99 3
1332 1
cfi=(24)
cfn=(66) __tls_pre_init_tp
calls=1 53 
* 17
2677 3
+6 5
-4 1
+4 1
+2 3
cfi=(25) ./elf/./elf/dl-environ.c
cfn=(68) _dl_next_ld_env_entry
calls=1 28 
* 35
* 4
cfi=(25)
cfn=(68)
calls=2 28 
* 180
* 9
+4 6
-2 2
+2 6
+1 2
-1 6
+1 17
-1 89
+9 12
2845 4
+32 2
1348 1
+1 2
-1 2
+1 2
2774 3
+1 3
-56 2
+7 2
1627 9
cfi=(26)
cfn=(70)
calls=1 59 
* 230
* 1
+2 2
+1 1
+6 2
-6 1
+1 2
+1 3
+4 1
cfi=(26)
cfn=(82)
calls=1 31 
* 36
+1 2
1140 1
1326 1
1169 1
-29 1
+11 1
+18 2
-21 1
+21 1
-19 1
-4 1
+23 1
-21 1
+21 2
+57 1
-83 1
+23 1
+4 1
+19 1
+22 1
+15 5
-56 116
1275 4
+2 1
1169 18
fi=(30) ./elf/../sysdeps/x86/dl-prop.h
105 2
fe=(2)
1282 22
+6 4
cfi=(31)
cfn=(88) _dl_process_pt_gnu_property
calls=1 868 
* 20
-7 26
+1 13
+6 13
-6 26
fi=(30)
212 4
+1 2
95 8
+10 2
212 1
105 1
-2 1
-3 1
+2 1
+3 1
-4 2
+92 4
-1 1
-87 3
+3 3
+1 2
+1 2
+4 3
+4 3
+3 3
+1 2
+4 1
+1 4
+58 3
+2 4
-56 4
+1 2
+3 4
+3 2
+1 8
+5 4
+2 4
+5 4
+14 2
-1 4
+2 2
fe=(2)
1174 1
-5 1
+5 2
-5 2
+30 1
-9 1
+27 1
-27 1
+2 1
-3 1
+10 2
-20 2
-10 1
+10 1
+1 9
-11 2
+57 4
-1 4
+1 8
-1 4
+2 8
+1 1
+2 12
+1 14
+4 8
+1 8
+1 4
+1 10
+1 1
+4 1
-74 1
+74 2
-74 2
+74 3
-74 3
+74 6
-74 6
fi=(30)
165 2
fe=(2)
1271 1
1169 1
1271 1
1169 2
1294 1
+3 2
+2 1
-5 2
+3 2
+2 2
+2 2
1662 3
+2 1
-1 1
+1 2
+1 2
-2 1
+2 1
-2 2
cfi=(32) ./string/../sysdeps/x86_64/strcmp.S
cfn=(90) strcmp
calls=1 108 
* 34
* 2
+7 1
+3 1
-5 1
+3 1
+2 1
+1 2
+4 2
+2 2
fi=(3) ./elf/./get-dynamic-info.h
39 3
+6 1
-2 1
+2 2
+9 1
+5 1
+3 1
+2 1
-3 1
-3 1
-3 17
+13 5
-23 20
+23 21
-23 84
+4 52
+5 24
+2 5
+16 3
+25 3
+5 2
+7 2
+1 3
+22 3
+5 2
+2 2
+2 2
+2 2
+1 1
+3 3
+2 3
+1 2
+9 2
+6 2
+1 2
+3 2
fe=(2)
1688 3
+7 2
cfi=(8) ./elf/./elf/dl-setup_hash.c
cfn=(14) _dl_setup_hash
calls=1 25 
* 29
+3 2
fi=(33) ./elf/./setup-vdso.h
24 2
fi=(35) ./elf/../sysdeps/unix/sysv/linux/dl-vdso-setup.h
+21 1
fe=(2)
1723 1
cfi=(13) ./elf/../sysdeps/unix/sysv/linux/dl-sysdep.c
cfn=(100) _dl_discover_osversion
calls=1 46 
* 109
* 8
fi=(37) ./elf/./dl-main.h
109 5
cfi=(31)
cfn=(106) _dl_init_paths
calls=1 706 
* 2926
fe=(2)
1731 3
cfi=(46) ./elf/./elf/dl-debug.c
cfn=(146) _dl_debug_initialize
calls=1 56 
* 30
+7 1
-7 1
+2 1
+5 1
+4 1
+3 1
-3 3
+1 2
+3 1
+5 1
-7 1
+7 1
+1 3
+12 2
+1 2
+5 1
-3 2
+2 1
+1 2
+5 3
+1 5
-1 2
233 1
-1 1
+1 3
+1 2
-2 1
+2 2
1793 2
+5 1
-1 1
+1 1
+24 1
cfi=(47) ./elf/../elf/dl-tls.c
cfn=(148) _dl_count_modids
calls=1 197 
* 6
* 1
fi=(48) ./elf/../sysdeps/generic/dl-debug.h
29 3
+1 2
fe=(2)
1828 2
+1 1
cfi=(46)
cfn=(152) _dl_debug_state
calls=1 116 
* 2
+1 1
+4 3
cfi=(49)
cfn=(154) _dl_audit_activity_map
calls=1 28 
* 16
+5 3
+2 1
+2 2
+9 2
+16 4
cfi=(65)
cfn=(208)
calls=1 25 
* 9
* 2
+76 4
+16 3
85 1
1970 1
85 2
1970 2
85 1
1970 5
cfi=(66) ./elf/./elf/dl-deps.c
cfn=(210) _dl_map_object_deps
calls=1 159 
* 8348
92 1
1976 1
92 2
+9 2
1976 2
+1 5
-1 4
+1 6
-1 12
+4 4
+1 3
+1 1
+2 2
+1 4
-1 9
+1 9
+12 3
+1 2
+2 1
+2 3
+2 1
-4 1
+5 1
-1 2
+14 2
+1 2
+1 3
+11 2
+2 1
-2 1
+2 2
-2 1
+1 2
+1 1
-1 2
+1 1
cfi=(52)
cfn=(250) _dl_receive_error
calls=1 238 
* 4024
+10 2
+1 2
+3 2
862 1
fi=(209) ./elf/../sysdeps/unix/sysv/linux/dl-osinfo.h
64 2
fe=(2)
864 1
+6 1
+3 1
+7 1
-5 1
2052 3
2282 3
1778 2
+6 1
-6 2
+6 1
+2 3
fi=(30)
198 4
+2 1
+1 1
+2 1
-3 3
+3 1
fi=(3)
59 4
+3 4
+2 4
fi=(34) ./elf/../sysdeps/unix/sysv/linux/dl-vdso.h
-24 1
+1 2
fe=(2)
2331 1
1325 1
2342 1
-4 2
+10 1
-6 1
+6 1
+3 2
+8 1
fi=(30)
36 1
fe=(2)
2359 1
fi=(30)
37 3
+3 1
+13 6
-13 3
+9 6
-9 1
+9 20
+4 15
-16 12
+34 3
cfi=(77) ./elf/../sysdeps/x86/dl-cet.c
cfn=(270) _dl_cet_check
calls=1 252 
* 30
fe=(2)
2361 2
+54 3
+3 1
85 4
2422 1
+1 19
+2 8
+5 8
+2 8
+6 4
+2 12
+1 24
cfi=(78)
cfn=(272)
calls=3 194 
* 80268
+4 10
+1 2
-23 1
+23 1
cfi=(47)
cfn=(412) _dl_add_to_slotinfo
calls=1 1015 
* 28
-23 6
92 3
+1 1
2454 1
93 1
2454 1
+5 4
+2 1
+7 3
cfi=(47)
cfn=(414) _dl_allocate_tls_init
calls=1 528 
* 146
+3 2
fi=(3)
72 2
+10 3
+1 4
+1 4
+1 4
+2 4
+5 4
+1 4
+1 5
fi=(35)
-64 3
+3 1
+3 1
+3 1
fi=(34)
+16 2
fe=(2)
2434 1
+1 1
-3 2
+49 3
+2 4
+10 1
cfi=(129) ./elf/./elf/dl-find_object.c
cfn=(416) _dl_find_object_init
calls=1 561 
* 571
+5 2
cfi=(7) ./elf/./elf/dl-minimal.c
cfn=(424) __rtld_malloc_init_real
calls=1 76 
* 2372
+3 1
cfi=(133) ./elf/../sysdeps/nptl/dl-mutex.c
cfn=(432) __rtld_mutex_init
calls=1 30 
* 415
85 1
2507 1
+1 3
85 3
2508 2
cfi=(78)
cfn=(272)
calls=1 194 
* 4806
92 3
+9 2
2516 3
cfi=(135)
cfn=(438)
calls=1 27 
* 1309
+7 1
cfi=(9) ./elf/../elf/dl-sysdep.c
cfn=(464) _dl_sysdep_start_cleanup
calls=1 262 
* 2
+4 3
cfi=(49)
cfn=(466) _dl_audit_activity_nsid
calls=1 40 
* 21
+5 2
cfi=(46)
cfn=(186) _dl_debug_update
calls=1 38 
* 7
+1 1
-1 1
+2 1
cfi=(46)
cfn=(152)
calls=1 116 
* 2
+1 1
+4 1
cfi=(68) ./elf/./elf/dl-cache.c
cfn=(468) _dl_unload_cache
calls=1 537 
* 18
+5 8
1741 4
1995 2
+50 2
cfn=(258) init_tls
calls=1 756 
* 784
* 2
2726 4
+2 2
+1 1
+46 2
+2 1
+1 1
-1 1
+1 1
+1 1
85 1
1847 1
85 2
1847 1
85 1
1847 2
cfn=(156)
calls=1 894 
* 3107
* 1
92 3
+9 3
1948 16
+1 1
-1 1
+4 3
+1 1
+1 2
+1 2
-7 2
fi=(30)
170 3
-39 2
fe=(2)

fn=(2) _dl_start
527 10
85 1
fi=(6)
-40 1
fe=(2)
557 1
-4 1
85 2
556 1
85 1
fi=(3)
-40 1
fe=(2)
556 1
fi=(3)
45 2
+9 1
+5 1
+3 1
+2 1
+4 1
-7 1
-3 1
-3 14
+13 4
-23 16
+23 14
-23 56
+4 36
+5 20
+2 5
+3 4
fi=(4)
+21 1
fi=(3)
-8 3
+10 4
+1 4
+1 4
+1 4
+2 4
+5 4
+1 4
+1 4
+3 3
+5 2
+7 3
+1 3
+8 2
+1 2
+5 3
+3 3
fe=(2)
573 1
fi=(6)
71 1
fe=(2)
573 42
fi=(6)
414 1
fi=(5)
86 1
fe=(2)
573 2
fi=(5)
49 1
+37 1
-37 1
+37 1
+2 1
-2 1
+2 1
-2 1
+27 2
-27 1
fe=(2)
573 2
fi=(5)
49 1
+37 1
-37 1
+37 1
+2 1
-2 1
+2 1
-2 1
+27 3
+1 2
fi=(6)
534 2
fi=(5)
114 282
fi=(6)
534 282
+1 142
fi=(5)
113 142
fi=(6)
535 284
fi=(5)
113 284
+5 4
+8 7
fi=(6)
326 12
fi=(5)
126 21
+2 7
+2 7
-2 7
fi=(6)
287 7
fi=(5)
130 7
-2 7
+1 14
fi=(6)
287 14
+9 70
+3 14
+27 33
fe=(2)
573 6
fi=(5)
50 1
fi=(4)
+30 2
fi=(6)
326 2
+20 12
+1 6
fe=(2)
575 1
+13 1
cfi=(7)
cfn=(12) __rtld_malloc_init_stubs
calls=1 42 
* 10
+4 2
85 1
488 2
85 3
488 1
cfi=(8)
cfn=(14)
calls=1 25 
* 29
+2 2
-1 1
+1 2
+17 1
-15 1
-2 1
+17 1
-15 1
+9 1
-11 1
+17 1
cfi=(9)
cfn=(16) _dl_sysdep_start
calls=1 85 
* 134165
* 1
+2 2
+98 9
fi=(3)
62 4
+2 4
fe=(2)
573 3

fn=(258)
756 3
+2 1
+4 1
-4 1
+4 2
+11 1
fi=(28)
44 1
fe=(2)
768 1
+4 1
fi=(28)
44 1
cfi=(27)
cfn=(72)
calls=1 +34 
* 36
fe=(2)
783 1
-12 1
+6 1
-9 1
+11 1
+4 1
+2 3
-1 2
+3 8
+4 1
+2 1
-2 2
-5 1
-1 2
+10 3
+3 2
cfi=(47)
cfn=(260) _dl_tls_static_surplus_init
calls=1 97 
* 79
+3 1
cfi=(47)
cfn=(262) _dl_determine_tlsoffset
calls=1 221 
* 76
+7 1
cfi=(47)
cfn=(264) _dl_allocate_tls_storage
calls=1 422 
* 442
* 1
+1 2
+6 1
+3 2
-3 1
+3 6
+3 1
cfi=(24)
cfn=(266) __tls_init_tp
calls=1 68 
* 75
+1 1
+3 5
-39 3
-1 7

fl=(141)
fn=(456)
67 2
+5 2
+3 2
+2 2
+10 2
+6 2
+1 2
+1 2
+1 2
+1 2
+1 2
+1 2
+4 2
+1 2
+3 2
+1 2
+2 2
+1 2
+1 2
+1 2
+1 2
+1 2
+2 2
+7 2
+1 2
+1 2
cfi=(142) ./elf/./elf/dl-runtime.c
cfn=(458) _dl_fixup
calls=2 -80 
* 1555
+1 2
+5 2
+1 2
+1 2
+2 2
+1 2
+1 2
+1 2
+1 2
+1 2
+1 2
+2 2
+2 2
+4 2
+2 2

fl=(42) ./string/../sysdeps/x86_64/multiarch/../strchr.S
fn=(118) index
23 15
+1 15
+1 15
+1 15
+1 15
+1 15
+1 15
+1 15
+1 15
+1 15
+1 15
+1 15
+1 15
+1 15
+1 15
+1 15
+1 15
+1 15
+1 13
+4 13
+1 13
+1 13
+1 13
+2 13
+4 2
+1 2
+1 2
+1 2
+1 2
+1 2
+1 2
+1 2
+1 2
+1 2
+1 2
+1 2
+1 2
+1 2
+1 2
+1 2
+1 2
+1 2
+1 2
+1 2
+1 2
+1 2
+1 2
+1 2
+52 2
+4 2
+1 2
+1 2
+1 2
+2 2

fl=(52)
fn=(250)
238 6
+1 1
+1 1
+3 1
+1 1
+2 1
cfi=(2)
cfn=(252)
calls=1 696 
* 4007
+2 1
+1 1
+1 4

fn=(162)
225 10
+2 2
cob=(2)
cfi=(51)
cfn=(164)
calls=1 0 
* 2759
+1 2
+1 1
+1 1
-1 1
+1 1
+2 5

fn=(166)
175 9
+5 3
-5 9
+5 3
-2 6
+22 3
-1 3
+7 6
-6 3
+3 6
+3 3
cfi=(53) ./setjmp/../sysdeps/x86_64/setjmp.S
cfn=(168) __sigsetjmp
calls=3 30 
* 72
* 12
+2 9
cfi=(66)
cfn=(214) openaux
calls=2 61 
* 6721
cfi=(2)
cfn=(170)
calls=1 663 
* 2698
+2 3
-1 3
+1 3
-1 3
+1 6
+9 12

fl=(133)
fn=(432)
30 2
+10 3
-10 1
+10 2
-10 1
+7 1
+3 2
cfi=(134)
cfn=(434)
calls=1 +34 
* 175
+4 2
+1 8
+2 3
-2 1
+2 3
cfi=(134)
cfn=(434)
calls=1 +27 
* 198
+4 2
+1 6
+1 2
-1 1
+1 2

fl=(64) ./io/../sysdeps/unix/sysv/linux/close_nocancel.c
fn=(204) __GI___close_nocancel
25 3
+1 12
+1 3

fl=(72)
fn=(236)
117 25
+5 5

fn=(470) munmap
117 5
+5 1

fl=(36) ./posix/../sysdeps/unix/syscall-template.S
fn=(102) uname
120 5
+2 1

fl=(56) ./io/../sysdeps/unix/sysv/linux/read_nocancel.c
fn=(180) __read_nocancel
25 2
+1 8
+1 2

fl=(134)
fn=(434)
74 30
+2 3
-2 3
+4 3
-4 3
+2 3
+2 9
+37 3
-37 9
+1 6
+2 12
+3 25
-52 3
+54 6
-54 3
+54 3
-54 9
+1 9
+2 6
+1 6
+12 12
+3 3
+2 3
-2 3
+2 9
cfi=(32)
cfn=(90)
calls=3 +55 
* 207
* 6
+4 6
+1 3
-1 3
+1 18
+1 9
cfi=(32)
cfn=(90)
calls=3 +49 
* 75
* 6
+57 27
-23 6

fl=(58) ./io/../sysdeps/unix/sysv/linux/fstat64.c
fn=(190) fstat
29 6
+1 6
+5 9
cfi=(59) ./io/../sysdeps/unix/sysv/linux/fstatat64.c
cfn=(192) fstatat
calls=3 153 
* 24

fl=(32)
fn=(90)
108 179
+33 179
+1 179
+2 179
+1 179
+21 179
+1 179
+1 156
+1 156
+1 125
+1 125
+1 125
+1 125
+21 125
+1 125
+1 125
+1 125
+1 125
+1 125
+1 125
+5 5
+1 15
+9 5
+1 5
+1 5
+1 5
+1 5
+1 5
+1 5
+1 5
-7 54
+1 54
+1 54
+1 54
+1 54
+1 54
+1 54
+1 54
+1 55
+1 28
+1 28
+1 28
+2 28
+1 28
+1 28
+1 28
+1 28
+1 28
-5 27
+1 27
+1 27
+1 27
+1 27
+1 27
+10 4
+1 4
+1 4
+2 4
+6 4
+1 4
+1 4
+1 4
+1 4
+5 4
+2 3
+1 3
+1 6
+8 3
+1 3
+3 3
+1 3
+1 3
+1 3
+1 3
+1 3
693 1
+1 1
+1 1
+1 1
+1 1
+2 1
+1 1
+1 1
+1 1
+1 1
+1 1
+1 1
+1 1
+4 1
+1 1
+1 1
+6 1
+1 1
+1 2
+4 1
+1 1
+3 1
+1 1
+1 1
+3 1
+1 1
+1 1
+6 1
+1 1
+1 1
+1 1
+1 1
+1 1
+72 1
+1 1
+1 1
+1 1
+1 1
+2 1
+1 1
+1 1
+1 1
+1 1
+1 1
+1 1
+1 1
+4 1
+1 1
+1 1
+6 1
+1 1
+1 2
+4 1
+1 1
+3 1
+1 1
+1 1
+3 1
+1 1
+1 1
+6 1
+1 1
+1 1
+1 1
+1 1
+1 1
+72 1
+1 1
+1 1
+1 1
+1 1
+2 1
+1 1
+1 1
+1 1
+1 1
+1 1
+1 1
+1 1
+4 1
+1 1
+1 1
+6 1
+1 1
+1 2
+4 1
+1 1
+3 1
+1 1
+1 1
+3 1
+1 1
+1 1
+6 1
+1 1
+1 1
+1 1
+1 1
+1 1
+72 6
+1 6
+1 6
+1 6
+1 6
+2 6
+1 6
+1 6
+1 6
+1 6
+1 6
+1 6
+1 2
+4 2
+1 2
+1 2
+6 2
+1 2
+1 4
+4 2
+1 2
+3 2
+1 2
+1 2
+3 2
+1 2
+1 2
+6 2
+1 2
+1 2
+1 2
+1 2
+1 2
+7 1
+1 1
+2 1
+1 1
+2 1
+1 1
+1 1
+3 1
+1 1
+1 1
+6 1
+1 1
+1 1
+1 1
+1 1
+1 1
+41 2
+1 2
+1 2
+1 2
+1 2
+2 2
+1 2
+1 2
+1 2
+1 2
+1 2
+1 2
1318 2
+1 2
+1 2
+1 2
+1 2
+2 2
+1 2
+1 2
+1 2
+1 2
+1 2
+1 2
+1 2
+4 2
+1 2
+1 2
+6 2
+1 2
+1 4
+4 2
+1 2
+3 2
+1 2
+1 2
+3 2
+1 2
+1 2
+6 2
+1 2
+1 2
+1 2
+1 2
+1 2
+72 1
+1 1
+1 1
+1 1
+1 1
+2 1
+1 1
+1 1
+1 1
+1 1
+1 1
+1 1
+1 1
+4 1
+1 1
+1 1
+6 1
+1 1
+1 2
+4 1
+1 1
+3 1
+1 1
+1 1
+3 1
+1 1
+1 1
+6 1
+1 1
+1 1
+1 1
+1 1
+1 1
+72 3
+1 3
+1 3
+1 3
+1 3
+2 3
+1 3
+1 3
+1 3
+1 3
+1 3
+1 3
1693 3
+1 3
+1 3
+1 3
+1 3
+2 3
+1 3
+1 3
+1 3
+1 3
+1 3
+1 3
+1 2
+4 2
+1 2
+1 2
+6 2
+1 2
+1 4
+4 2
+1 2
+3 2
+1 2
+1 2
+3 2
+1 2
+1 2
+6 2
+1 2
+1 2
+1 2
+1 2
+1 2
+72 15
+1 15
+1 15
+1 15
+1 15
+2 15
+1 15
+1 15
+1 15
+1 15
+1 15
+1 15
+1 4
+4 4
+1 4
+1 4
+6 4
+1 4
+1 8
+4 4
+1 4
+3 4
+1 4
+1 4
+3 4
+1 4
+1 4
+6 4
+1 4
+1 4
+1 4
+1 4
+1 4
+72 2
+1 2
+1 2
+1 2
+1 2
+2 2
+1 2
+1 2
+1 2
+1 2
+1 2
+1 2
+1 1
+4 1
+1 1
+1 1
+6 1
+1 1
+1 2
+4 1
+1 1
+3 1
+1 1
+1 1
+3 1
+1 1
+1 1
+6 1
+1 1
+1 1
+1 1
+1 1
+1 1
+72 18
+1 18
+1 18
+1 18
+1 18
+2 18
+1 18
+1 18
+1 18
+1 18
+1 18
+1 18
+2 6
+4 6
+1 6
+1 6
+6 6
+1 6
+2 12
+4 6
+1 6
+3 6
+1 6
+1 6
+3 6
+1 6
+1 6
+6 6
+1 6
+1 6
+1 6
+1 6
+1 6
+74 24
+2 24
+1 24
+1 24
+1 24
-3 35
+1 35
+1 35
+1 35
+1 56
+5 28
+6 28
+1 28
+8 28
+1 28
-16 151
+6 151
+1 151
+8 151
+1 151

fl=(47)
fn=(412)
1015 8
+6 1
+3 1
+1 1
+4 3
+34 2
+3 3
+1 3
+3 6

fn=(264)
422 2
+13 1
-13 2
+2 1
+12 1
fi=(28)
56 1
cfi=(27)
cfn=(76)
calls=1 -21 
* 53
fe=(47)
437 3
+8 2
fi=(28)
44 1
fe=(47)
445 2
+1 1
+4 321
+19 1
-99 1
+4 1
+1 1
fi=(28)
44 1
cfi=(27)
cfn=(72)
calls=1 +34 
* 36
fe=(47)
376 2
+3 1
+6 2
+90 5

fn=(148)
197 1
+2 2
+1 1
+15 2

fn=(414)
528 10
+1 2
+4 1
+6 1
-6 1
+6 1
cfi=(24)
cfn=(84)
calls=1 42 
* 3
+3 3
+12 1
-18 1
-1 1
+43 3
-19 13
+9 3
+1 2
+6 3
+1 1
+2 2
-2 1
+6 1
-4 2
+4 1
-4 2
+3 2
+4 2
+1 4
+2 2
+1 2
+17 1
-8 1
+8 1
+2 3
cfi=(29)
cfn=(128)
calls=1 199 
* 13
* 5
cfi=(44)
cfn=(132)
calls=1 125 
* 25
-49 1
+55 1
-55 4
+6 4
+55 2
cfi=(24)
cfn=(84)
calls=1 42 
* 3
+3 2
+3 9

fn=(238) _dl_assign_tls_modid
131 2
+3 1
+13 1
-13 1
+52 1
+2 1
+3 1
+1 2

fn=(262)
221 8
+6 3
+3 2
+36 3
+2 1
-2 1
-2 1
-40 1
-1 1
-1 1
+46 2
+23 3
+3 1
-3 4
+2 2
-2 1
-25 1
+20 1
-20 5
+2 2
+3 1
-1 1
+5 2
-5 1
+1 1
-1 1
+3 2
+2 3
+32 3
-1 1
+1 4
+2 2
-2 2
+53 8

fn=(260)
97 2
+4 1
-4 2
+4 1
-4 2
+4 3
cfi=(10)
cfn=(24)
calls=1 405 
* 21
* 1
+1 4
cfi=(10)
cfn=(24)
calls=1 405 
* 21
* 1
+8 1
-8 1
+6 2
+2 3
+3 1
+2 1
-32 3
+34 3
+1 5

fl=(31)
fn=(88)
868 3
+8 3
-8 3
+8 3
-6 3
+12 6
-13 3
+13 3
-13 3
+13 6
+3 9
+1 6
+1 6
+43 3

fn=(176) open_verify.constprop.1
1568 11
+39 3
+19 4
cfi=(55) ./io/../sysdeps/unix/sysv/linux/open64_nocancel.c
cfn=(178) __open_nocancel
calls=1 28 
* 19
* 1
+2 2
+11 1
+6 2
-5 1
+5 8
cfi=(56)
cfn=(180)
calls=1 25 
* 6
+2 2
+2 2
+2 2
+6 2
+17 11
fi=(28)
50 2
cfi=(27)
cfn=(144)
calls=1 +45 
* 5
fe=(31)
1856 9
1674 3
+74 2
+5 2
+2 4
+6 2
+6 1
+1 1
-1 3
+1 1
-1 1
+1 2
+1 2
+20 3
+31 1
-31 1
1633 1
1820 2
-31 66
+1 28
+1 8
+4 8
+25 12
+3 18
+3 2
-4 2
+4 4
+6 4
-36 6

fn=(184) _dl_map_object_from_fd
944 20
+10 2
-10 8
+10 2
cfi=(46)
cfn=(186)
calls=2 38 
* 14
* 2
+7 8
+85 8
+10 4
+7 14
cfi=(26)
cfn=(70)
calls=2 59 
* 766
* 2
+1 4
+11 4
+5 2
-5 2
+1 4
+1 2
+2 2
-2 2
+2 4
+1 6
+1 2
+19 2
-2 1
+2 12
-2 1
+2 30
+10 8
+85 2
-58 2
-34 2
-1 2
+93 2
+6 2
-64 4
+9 2
+55 4
-55 2
-42 2
+97 4
1101 2
-5 4
+15 60
+20 2
+1 1
-22 69
+1 127
1213 4
1110 2
1213 4
1110 6
1218 6
+10 4
+1 2
-1 2
+1 2
-1 6
+1 6
-1 6
+1 6
-1 18
1076 4
1235 4
+10 8
+7 4
fi=(61) ./elf/./dl-map-segments.h
96 2
fe=(31)
1252 6
fi=(61)
28 2
fe=(31)
1252 2
fi=(61)
96 2
fe=(31)
1252 2
fi=(61)
28 4
+1 16
cfi=(60)
cfn=(194)
calls=2 +18 
* 18
+74 4
-1 2
-73 2
+74 2
+3 4
+1 2
+2 2
-3 2
+1 2
+2 2
+7 8
+3 4
cfi=(72)
cfn=(236)
calls=1 -2 
* 6
* 3
+7 2
+2 2
fi=(62) ./elf/./dl-load.h
-37 16
+1 6
+2 16
fi=(61)
+56 32
+8 2
-2 2
+1 2
+2 2
-1 2
+1 2
-1 6
+8 4
+3 4
+8 14
cfi=(44)
cfn=(132)
calls=2 -52 
* 237
+1 4
+5 4
+12 8
-59 40
+2 12
+3 6
-3 12
+2 48
cfi=(60)
cfn=(194)
calls=6 -93 
* 54
* 18
fi=(57) ./elf/../sysdeps/posix/dl-fileid.h
37 6
cfi=(58)
cfn=(190)
calls=2 -8 
* 30
* 4
fe=(31)
999 4
fi=(57)
40 6
fe=(31)
999 2
fi=(57)
40 2
fe=(31)
999 23
+1 10
fi=(57)
49 12
fe=(31)
1515 18
1018 4
+66 13
+1 2
-1 1
+1 1
-1 1
+1 1
cfi=(71)
cfn=(232)
calls=1 25 
* 7
* 2
+26 26
+26 48
+10 8
-1 8
-1 8
+2 8
+2 8
-2 8
-1 48
+2 16
+1 8
+2 8
-3 8
+3 48
+2 16
+4 16
+1 30
+4 6
+1 6
-1 6
+1 42
-18 6
+28 6
-11 2
+1 2
-1 2
+1 14
-18 2
+28 2
-56 4
+7 2
+2 2
-2 2
+1 2
+1 2
-1 4
+1 16
+50 3
+5 1
-1 2
+5 1
-5 2
-56 1
+61 4
+1 1
+3 1
-3 1
+8 4
+15 4
+1 2
+58 8
+1 6
fi=(63) ./elf/./elf/get-dynamic-info.h
39 4
+6 2
-2 2
+2 4
+9 2
+5 2
+3 2
+2 2
-3 2
-3 2
-3 28
+13 8
-23 32
+23 29
-23 116
+4 74
+5 40
+2 10
+3 8
+13 8
+10 7
+1 8
+1 8
+1 8
+2 8
+5 7
+1 7
+1 8
+3 6
+5 2
+7 4
+1 6
+22 6
+5 2
+2 2
+2 2
+2 2
+4 6
+2 3
+1 2
+9 2
+6 2
+4 4
fe=(31)
1275 4
+1 4
+2 4
+10 6
+19 6
+2 10
+52 6
+1 2
+6 16
+1 42
+6 8
cfn=(88)
calls=2 868 
* 40
-7 54
+1 25
+6 25
-6 50
fi=(30)
95 16
213 2
-1 4
105 4
212 2
105 2
-2 2
-3 2
+2 2
+3 2
-4 4
+92 8
-1 2
-87 6
+3 6
+1 4
+1 4
+4 6
+4 6
+3 6
+1 4
+4 2
+1 8
+58 6
+2 8
-56 6
+1 3
+3 6
+3 3
+1 12
+5 6
+2 6
+5 6
+14 3
-1 6
+2 2
-1 4
fe=(31)
1380 4
cfi=(64)
cfn=(204)
calls=2 25 
* 12
* 4
+13 4
+2 8
+2 4
+16 4
cfi=(8)
cfn=(14)
calls=2 25 
* 58
+4 4
+1 4
+17 4
+1 1
+3 1
+5 1
-5 1
+5 1
-5 1
+5 1
-5 1
+5 1
+10 4
+7 12
+10 4
+1 4
+5 2
cfi=(47)
cfn=(238)
calls=1 131 
* 10
+7 6
cfi=(26)
cfn=(82)
calls=2 31 
* 94
+3 8
+23 14
+1 6
cfi=(49)
cfn=(206) _dl_audit_objopen
calls=2 76 
* 10
* 2
fi=(62)
95 5
+2 1
-1 2
+1 1
-1 1
+1 1
-1 1
+1 1
-1 2
+3 4
fe=(31)
1506 10
fi=(30)
198 8
+2 2
+1 2
+2 2
-3 6
fe=(31)
1368 6
fi=(63)
62 8
+2 8
fe=(31)
1084 2
fi=(61)
187 8
cfi=(60)
cfn=(194)
calls=1 47 
* 9
+3 2
fe=(31)
1462 6
+2 1
-1 5
+1 1
-1 1
+1 1
-1 1
cfi=(32)
cfn=(90)
calls=1 108 
* 25
* 2
+2 5
1275 2
fi=(57)
49 3
fi=(30)
170 3
-39 2
fe=(31)

fn=(212) _dl_dst_count
238 4
+3 2
-3 4
+7 2
-7 4
+3 2
cfi=(42)
cfn=(118)
calls=2 23 
* 72
+3 4
+20 14

fn=(172)
2022 30
+8 6
+1 12
+3 42
+5 49
+2 21
cfi=(54) ./elf/./elf/dl-misc.c
cfn=(174) _dl_name_match_p
calls=7 68 
* 935
* 14
+4 12
+1 18
+4 2
-1 10
+1 2
+1 2
-1 2
+1 2
cfi=(32)
cfn=(90)
calls=2 108 
* 86
* 4
2329 27
2068 2
+1 2
-1 2
+1 2
-1 2
+1 2
-1 4
-44 2
+53 6
+17 4
-2 2
+2 2
cfi=(42)
cfn=(118)
calls=2 23 
* 48
* 4
2260 2
-1 3
cfn=(138) expand_dynamic_string_token
calls=1 385 
* 168
+2 1
-3 1
+1 1
+2 2
+4 5
cfn=(176)
calls=1 1568 
* 283
+3 2
-3 1
+3 1
+12 4
+46 1
+1 3
-1 1
+1 9
cfn=(184)
calls=1 944 
* 1819
-1 1
+1 3
-1 1
+1 9
cfn=(184)
calls=1 944 
* 2221
* 6
2098 2
cfi=(22)
cfn=(60)
calls=1 41 
* 17
* 2
+2 2
+7 4
+51 11
cfn=(216) open_path
calls=1 1870 
* 1656
+6 1
-6 1
+6 4
682 1
2165 1
682 2
2252 2
+28 4
+2 4
2111 1
696 3
2111 1
+1 1
696 2
2116 3
682 1
2117 1
682 2
2173 1
+14 2
+2 3
+4 2
cfi=(68)
cfn=(222) _dl_load_cache_lookup
calls=1 416 
* 1281
* 1
+2 2
+4 2
+8 3
+23 6
cfn=(218) open_verify.constprop.0
calls=1 1568 
* 396
+4 2
-4 1
+4 1
+1 2
2131 5
+1 10
682 1
2133 1
682 2
2157 3
+1 2
-16 2

fn=(138)
385 14
241 2
385 2
241 2
385 2
241 2
cfi=(42)
cfn=(118)
calls=2 23 
* 72
+3 4
410 2
-11 2
+11 12
-11 2
cfi=(45)
cfn=(140)
calls=2 40 
* 168

fn=(134) fillin_rpath.isra.0
468 7
+4 1
-4 8
+6 3
cfi=(7)
cfn=(136) strsep
calls=1 239 
* 240
* 3
cfi=(7)
cfn=(136)
calls=1 239 
* 8
* 6
+7 2
+2 3
cfn=(138)
calls=1 -98 
* 118
* 1
+4 2
+5 2
cfi=(22)
cfn=(60)
calls=1 41 
* 17
* 1
+1 2
+7 5
+9 15
+1 8
+55 2
fi=(28)
50 2
cfi=(27)
cfn=(144)
calls=1 +45 
* 5
+1 1
fe=(31)
528 2
+4 3
fi=(28)
56 1
cfi=(27)
cfn=(76)
calls=1 -21 
* 25
* 1
fe=(31)
534 2
+5 1
+1 2
-1 1
-1 1
+2 1
cfi=(29)
cfn=(128)
calls=1 199 
* 13
+3 1
-3 1
+1 1
+2 1
+6 1
+1 1
-1 3
+1 11
+1 1
-1 1
+1 2
-1 2
+1 1
-1 1
+1 2
-1 6
+1 1
-1 1
+1 1
-1 3
+1 1
-1 2
+3 1
+1 1
-1 1
+1 2
+1 1
+6 2
+1 2
-57 4
+66 1
+3 8
-46 4

fn=(216)
1870 8
+1 1
-1 6
+1 1
+6 2
+5 16
-7 2
+7 1
-8 1
+8 2
+3 2
+9 6
+7 3
+1 1
-1 1
cfi=(29)
cfn=(128)
calls=1 199 
* 13
-12 1
+12 1
+59 5
-58 4
+3 20
+5 80
cfi=(29)
cfn=(128)
calls=10 199 
* 134
* 40
cfi=(29)
cfn=(128)
calls=10 199 
* 130
+3 20
+6 30
+3 60
cfn=(218)
calls=10 1568 
* 540
* 10
+2 30
+2 20
+65 8
+7 2
-2 2
+2 2
+3 3
-13 1
+27 9
1902 58
+29 20
+1 70
+6 20
+2 10
-2 10
+2 20
cfi=(67) ./io/../sysdeps/unix/sysv/linux/stat64.c
cfn=(220) stat
calls=10 28 
* 158
* 10
+3 10
-3 20
+1 1
+2 2
-2 1
+2 26
-61 2

fn=(218)
1568 121
+39 33
+19 44
cfi=(55)
cfn=(178)
calls=11 28 
* 239
* 11
+2 22
+11 1
+6 2
-5 1
+5 8
cfi=(56)
cfn=(180)
calls=1 25 
* 6
+2 2
+2 2
+2 2
+6 2
+17 11
fi=(28)
50 2
cfi=(27)
cfn=(144)
calls=1 +45 
* 5
fe=(31)
1856 99
1674 3
+74 2
+5 2
+2 4
+6 2
+6 1
+1 1
-1 3
+1 1
-1 1
+1 2
+21 3
+31 1
-31 1
1633 1
1820 2
-31 48
+1 24
+1 8
+4 8
+6 4
+1 28
+10 12
cfi=(71)
cfn=(232)
calls=2 25 
* 14
* 16
+8 18
+15 2
+6 1
-3 1
+1 1
+1 1
+1 2
-3 1
+1 1
+1 1
+2 1
-3 3
-1 1
+4 2
-19 18
+3 2
-4 2
+4 4
+5 1
+1 4
-60 13
+1 3
-1 1
+1 3
cfi=(71)
cfn=(232)
calls=1 25 
* 7
* 3
+16 5
1612 20
+62 3
1802 4
-30 2

fn=(106)
706 11
+14 1
-14 2
+14 2
cfi=(38) ./elf/./elf/dl-hwcaps.c
cfn=(108) _dl_important_hwcaps
calls=1 175 
* 1847
fi=(28)
56 1
fe=(31)
720 1
fi=(28)
56 1
cfi=(27)
cfn=(76)
calls=1 -21 
* 25
fe=(31)
725 1
+2 2
+7 2
+1 2
-1 3
+5 3
fi=(28)
56 1
cfi=(27)
cfn=(76)
calls=1 -21 
* 25
fe=(31)
739 1
+2 4
+17 1
-10 1
+19 1
-11 1
-9 1
+9 1
+12 2
-10 1
+3 2
+9 1
-7 1
+4 1
+3 2
-3 1
-8 1
+3 1
+8 1
-3 1
+1 16
cfi=(44)
cfn=(132)
calls=4 125 
* 72
+2 18
-14 3
+10 3
+4 3
-12 3
-2 3
+2 3
+4 3
-3 3
+3 3
+1 3
-2 3
+5 6
+1 3
-4 3
+4 3
+15 1
+3 1
-15 1
+7 1
-1 1
+9 2
+2 4
+2 3
+36 5
+2 2
cfi=(22)
cfn=(60)
calls=1 41 
* 17
* 9
-19 1
-2 1
+2 2
+19 9
cfi=(29)
cfn=(80)
calls=1 212 
* 11
* 1
+5 4
-1 2
+2 1
+1 2
-2 4
+1 13
+1 26
-2 52
+5 1
fi=(28)
56 1
cfi=(27)
cfn=(76)
calls=1 -21 
* 25
fe=(31)
836 1
fi=(28)
56 1
fe=(31)
838 2
+6 6
cfn=(134)
calls=1 468 
* 587
+3 3
+6 1
+4 8
-35 2
+5 2

fl=(9)
fn=(464)
262 1
+1 1

fn=(16)
85 4
+25 1
-25 6
+25 1
-1 1
+1 99
+11 1
-8 1
+1 1
-4 1
+3 1
+6 1
+2 13
-34 1
-1 1
+36 113
+3 1
+1 1
-5 85
+57 1
-57 1
+58 1
-1 1
-57 3
+29 1
-29 1
+30 1
-1 1
-29 3
+41 1
-41 1
+42 1
-1 1
-41 3
+35 1
-35 1
+36 1
-1 1
-35 3
+32 1
-32 1
+33 1
-1 1
-32 4
+13 1
-13 1
+14 1
-1 1
-13 3
+10 1
-10 1
+11 1
-1 1
-10 3
+7 1
-7 4
224 1
cfi=(10)
cfn=(18)
calls=1 +58 
* 14770
+3 1
cfi=(12)
cfn=(22)
calls=1 +54 
* 32
fi=(13)
36 2
cfi=(14) ./elf/../sysdeps/unix/sysv/linux/brk.c
cfn=(28) brk
calls=1 -1 
* 8
fi=(6)
215 1
cfi=(15)
cfn=(32)
calls=1 37 
* 7224
fe=(9)
+23 3
+1 1
cfi=(22)
cfn=(60)
calls=1 41 
* 17
* 1
+2 2
cfi=(23)
cfn=(62)
calls=1 37 
* 15
* 3
+12 3
+3 5
cfi=(2)
cfn=(64)
calls=1 1320 
* 111679
+2 9

fl=(77)
fn=(270)
252 8
42 1
+9 1
-10 1
+4 1
-4 1
+3 1
+4 2
+1 2
-1 2
+14 2
254 8

fl=(144) ./elf/./elf/dl-init.c
fn=(474) _dl_init
77 12
+1 1
+1 1
+3 3
+8 2
+25 1
+1 5
+1 2
-86 4
+86 6
-86 12
+2 20
cfn=(476) call_init.part.0
calls=3 -7 
* 199
+83 12
+7 8
-92 4
+2 6
cfn=(476)
calls=1 -7 
* 61
+52 2

fn=(476)
26 32
+13 4
-13 4
+16 4
-3 8
+3 8
+5 6
+8 9
+1 6
cob=(2)
cfi=(51)
cfn=(478)
calls=1 -56 
* 26
+3 3
+1 6
+6 2
+2 2
-2 1
+3 7
+1 4
cob=(3)
cfi=(149)
cfn=(504)
calls=1 +13 
* 12
* 4
cob=(3)
cfi=(146)
cfn=(496)
calls=1 -24 
* 80
-1 6
+3 24
-29 2

fl=(41) ./elf/./elf/dl-hwcaps_split.c
fn=(116) _dl_hwcaps_split_masked
51 55
-25 42
+4 24
+4 48
+1 12
-1 24
+2 24
+5 27
cfi=(42)
cfn=(118)
calls=9 -18 
* 216
+1 18
+3 6
+11 12
+1 12
+1 6
-1 6
+1 6
-2 6
+1 6
+1 3
-1 3
+1 27
cfn=(120) _dl_hwcaps_contains
calls=6 +8 
* 30
* 12
-3 5
+7 44
-19 6
cfi=(22)
cfn=(60)
calls=3 -2 
* 51
* 3

fn=(122) _dl_hwcaps_split
25 4
+1 3
+21 1
-20 1
+20 3

fn=(120)
66 6
+1 12
+1 6
+9 6

fl=(79)
fn=(284) check_match
70 98
+3 98
-3 1176
+3 388
+13 96
-13 96
+13 96
-13 96
+13 288
+3 328
cfi=(32)
cfn=(90)
calls=34 +19 
* 1687
* 68
+4 96
+1 192
+2 188
+19 188
+1 752
-38 96
+84 576
-18 4
+2 4
+1 2
-1 4
+1 6
-1 4
+16 12
-45 282
cfi=(32)
cfn=(90)
calls=94 -9 
* 2435
* 188
-44 8
+82 4

fn=(282) do_lookup_x
363 824
+1 103
-1 515
+48 103
-30 206
-11 103
+41 103
-30 309
+30 103
fi=(80) ./elf/../sysdeps/generic/dl-protected.h
44 309
fe=(79)
381 103
fi=(80)
44 412
fe=(79)
395 969
+4 323
+4 323
-3 323
+3 1292
+1 969
+3 323
+1 646
+7 323
-3 646
-2 323
+5 1292
+3 2261
570 684
374 648
+3 648
+4 654
+4 646
+4 646
+88 192
fi=(4)
137 192
+1 288
fe=(79)
528 192
fi=(80)
29 192
fe=(79)
535 740
+16 192
+1 96
+1 192
422 408
-1 204
+2 204
+2 1224
+13 414
-10 1170
+3 98
-1 196
+1 98
-1 98
+2 196
-1 1176
cfn=(284)
calls=98 70 
* 9556
+4 294
+3 4
573 7
+1 824
-35 21
-70 12
171 42
452 768

fn=(280)
840 1030
+10 103
-10 206
+10 103
-10 103
+10 103
204 103
840 103
204 515
581 412
-1 206
+2 103
-1 103
+1 309
-1 309
+1 1305
-1 1305
+1 3915
-1 3915
+2 103
846 103
-4 103
+1 103
+7 103
-8 103
+1 103
+7 385
+3 103
+2 206
-2 103
+6 206
-7 618
+7 35
+1 1442
cfn=(282)
calls=103 363 
* 36422
* 309
+28 103
-23 103
+23 103
-23 206
+24 560
+7 96
-7 96
+40 384
+79 192
-65 288
+3 288
-62 103
+69 927
-86 42
+18 21
+59 2

fl=(129)
fn=(416)
561 4
+3 1
+2 2
+13 1
cfn=(420) _dlfo_process_initial
calls=1 474 
* 79
+1 1
-1 1
+1 1
fi=(28)
56 1
cfi=(27)
cfn=(76)
calls=1 -21 
* 25
fe=(129)
580 1
fi=(28)
56 1
fe=(129)
582 2
+3 2
+5 1
+1 1
cfn=(420)
calls=1 474 
* 280
+3 3
+10 4
-37 2
cfi=(130) ./elf/./dl-find_object.h
cfn=(418) _dl_find_object_from_map
calls=1 95 
* 68
* 1
+29 2
cfn=(422) _dlfo_sort_mappings
calls=1 -60 
* 80
+3 6
+2 1

fn=(420)
474 2
+3 2
-3 2
+1 2
+3 4
+26 14
+1 6
+1 8
-1 16
+3 28
+3 24
-7 10
+25 2
+2 8
-18 18
+3 6
-1 6
cfi=(130)
cfn=(418)
calls=3 95 
* 189
+2 12

fn=(422)
536 1
+1 2
+3 4
+4 1
+1 1
-1 1
+1 2
-1 1
+1 1
-1 1
+1 6
+1 19
-1 9
+8 6
+1 4
-1 2
-13 4
+14 6
+1 4
-15 4
+17 1

fl=(55)
fn=(178)
28 13
+3 13
-3 39
+3 78
+8 91
+2 3
-2 30
+2 10

fl=(13)
fn=(100)
46 5
+2 3
+40 2
cfi=(36)
cfn=(102)
calls=1 +32 
* 6
+15 1
-15 2
+20 1
-1 1
+3 12
+4 3
-2 6
+2 11
+3 2
-1 2
+1 6
-3 8
+3 1
-1 1
+1 3
-3 4
+7 3
-1 3
+4 3
-2 3
+2 12
+9 5

fl=(49)
fn=(206)
76 2
+1 8

fn=(762) _dl_audit_objclose
96 4
+1 16

fn=(154)
28 6
+2 1
-1 1
+1 2
+6 6

fn=(466)
40 6
+4 3
-4 3
+4 3
-4 3
+4 3
-4 6
+4 3
+1 3
+1 12
+4 18

fn=(530)
117 1
+1 4

fl=(24)
fn=(66)
53 3
+3 8
+5 1
-5 1
+5 1
+1 1
-6 1
+8 1

fn=(266)
68 2
fi=(210) ./elf/../include/list.h
-24 1
fe=(24)
+24 1
fi=(210)
-25 1
fe=(24)
+26 1
+3 1
fi=(210)
-29 1
+1 1
+1 1
+2 1
fe=(24)
+28 4
+1 2
+1 1
+5 2
+5 1
+6 1
-3 1
+3 1
-6 3
+6 1
+13 3
fi=(76) ./elf/../sysdeps/unix/sysv/linux/rseq-internal.h
-72 1
fe=(24)
+72 1
cfi=(10)
cfn=(24)
calls=1 405 
* 20
fi=(76)
-74 3
+2 6
+3 2
+3 1
fe=(24)
+83 3
+7 2
+2 1
+1 1
+1 3

fn=(84)
42 8
+2 16

fl=(7)
fn=(428) lookup_malloc_symbol
61 8
+3 4
-3 16
+3 4
-3 4
+3 8
-1 4
+1 12
cfi=(79)
cfn=(280)
calls=4 840 
* 2104
+4 28
+1 28
+2 4
fi=(132) ./elf/./dl-sym-post.h
-30 8
+12 12
fe=(7)
+19 20

fn=(136)
239 2
+3 4
+2 2
+1 4
+4 33
+7 84
-2 56
+13 1
+4 4
-22 14
+15 14
-15 30

fn=(424)
76 2
+10 1
fi=(131) ./elf/../sysdeps/generic/dl-hash.h
-41 1
fe=(7)
+31 1
fi=(131)
-32 1
fe=(7)
+32 5
+11 1
-1 1
fi=(131)
-43 1
+5 3
+14 4
-17 3
+3 15
+14 20
-17 15
fe=(7)
+46 2
fi=(131)
-24 1
fe=(7)
+22 1
+2 2
fi=(131)
-19 1
fe=(7)
+19 1
cfn=(428)
calls=1 -30 
* 575
+1 3
-1 1
+1 1
cfn=(428)
calls=1 -31 
* 575
+1 3
-1 1
+1 1
cfn=(428)
calls=1 -32 
* 561
+1 3
-1 1
+1 1
cfn=(428)
calls=1 -33 
* 553
+5 1
+1 1
+1 1
+1 1
+1 7

fn=(12)
42 1
+1 2
+1 2
+1 2
+1 2
+1 1

fl=(195)
fn=(732)
31 9
+20 3
-3 7
+3 4
+3 2
cob=(3)
cfi=(196)
cfn=(734)
calls=1 +23 
* 43
+2 1
+3 2
+2 6
+7 2
-2 1
+2 1
cfi=(49)
cfn=(466)
calls=1 -28 
* 21
+5 14
+5 1
-5 1
+5 3
+2 8
+2 8
+2 8
+1 4
+1 4
+4 4
-12 12
+14 6
+1 4
+6 5
cfi=(12)
cfn=(246)
calls=1 290 
* 300
+9 2
cob=(3)
cfi=(197)
cfn=(736)
calls=1 367 
* 34
+5 6
+2 1
+2 3
-2 3
+2 9
+3 8
+3 12
+4 2
+11 4
+1 1
+1 2
+1 5
+1 2
cob=(5)
cfi=(150)
cfn=(738) 0x00000000000015c0
calls=1 0 
* 92
-1 5
+5 3
+1 6
cob=(2)
cfi=(51)
cfn=(764)
calls=1 0 
* 110
cob=(2)
cfi=(51)
cfn=(760)
calls=1 0 
* 4
+6 8
cfi=(49)
cfn=(762)
calls=4 -57 
* 20
+5 4
-45 12
+49 3
cfi=(49)
cfn=(466)
calls=1 40 
* 21
* 2
-38 9
+3 2
+41 6
+6 2
+7 8
73 2

fl=(130)
fn=(418)
95 8
+1 8
+1 4
+6 20
+1 119
+1 82
+2 12
+5 4

fl=(68)
fn=(230) _dl_cache_libcmp
370 9
+1 9
+32 9
-33 18
+1 20
+2 45
+2 45
-2 90
+20 88
+2 88
-12 36
+2 36
+14 36
+1 36
-29 72
+32 3
-28 2
+8 1
-2 2
+1 2
-1 1
+2 3
+2 1
-3 1
+3 3
+2 2
+9 24

fn=(468)
537 1
+1 4
-1 1
+3 2
cfi=(72)
cfn=(470)
calls=1 117 
* 6
+1 1
+4 1
+2 2

fn=(222)
416 10
+2 2
+3 3
+74 1
208 1
495 2
+3 3
fi=(70) ./elf/../sysdeps/x86/dl-procinfo.h
39 2
+3 3
cfi=(32)
cfn=(90)
calls=1 +66 
* 25
* 4
fe=(68)
212 6
cfi=(10)
cfn=(24)
calls=1 405 
* 21
* 1
+16 2
-16 1
+6 2
+10 1
-7 5
+9 3
+1 1
-37 2
+37 1
+4 2
-5 21
+1 7
-37 14
+37 7
+4 14
+4 24
cfn=(230)
calls=8 370 
* 608
+1 16
359 7
+3 2
228 2
360 6
228 15
+2 5
+20 2
+3 2
+2 4
cfn=(230)
calls=1 370 
* 74
* 2
-7 2
-30 2
+1 1
+95 1
-95 1
-1 8
+96 3
-47 2
+10 2
+1 3
fi=(69) ./elf/../sysdeps/generic/dl-cache.h
125 5
fe=(68)
294 2
+9 2
+3 2
+2 3
+1 2
+5 2
+1 4
+7 2
+21 4
513 2
+12 2
cfi=(22)
cfn=(60)
calls=1 41 
* 33
* 12
+1 1
-1 1
+1 1
-1 1
+1 1
cfi=(29)
cfn=(80)
calls=1 212 
* 11
* 1
+1 1
cfi=(45)
cfn=(140)
calls=1 40 
* 89
+1 8
-3 2
424 4
cfi=(54)
cfn=(224) _dl_sysdep_read_whole_file
calls=1 36 
* 91
* 1
+8 5
+1 8
+3 4
+1 1
-1 3
fi=(69)
194 1
+1 5
fe=(68)
444 1
+1 2

fl=(16)
fn=(40) update_active.constprop.0
43 7
+45 1
-41 1
+28 1
-18 1
+31 1
+4 1
-36 1
-1 1
+37 1
-26 1
-11 1
+1 1
+36 2
+1 1
-17 1
-21 1
+25 1
-4 1
-11 1
+28 1
-1 1
-36 1
+18 1
+19 1
-13 1
-4 1
-11 1
+19 1
+11 1
-3 1
-12 1
+14 1
-29 1
+18 1
+9 1
-18 1
+13 1
-13 1
-9 1
+29 2
+3 1
-14 1
-9 1
+9 1
+4 1
+10 1
-17 1
+7 1
+5 1
+5 1
+1 1
-1 1
+1 2
+2 2
+1 4
+3 1
+1 1
-1 1
+1 1
-1 1
+1 1
-1 1
+1 1
+4 2
+4 2
+2 4
+83 3
+12 2
+1 1
+3 3
+4 1
-4 1
+4 1
+67 3
+4 3
fi=(18) ./elf/../sysdeps/x86/get-isa-level.h
31 1
-3 1
+3 1
-1 2
fe=(16)
296 1
+1 8
-75 3
+1 2
+3 1
-1 1
+9 1
-5 1
+2 1
-2 1
+5 1
fi=(18)
32 3
+4 3
fe=(16)
+83 2
+2 1
+3 2
+10 1
+10 1
-10 1
+10 1
-10 1
+6 1
+4 1
-4 1
-6 1
+6 1
+2 1
-2 1
+2 3
+7 4
fi=(18)
39 3
+1 4
+5 1
-7 1
+7 3
+2 1
+1 2
+1 3
+2 4
+1 2
+1 2
+6 1
-4 1
+4 1
-3 2
fe=(16)
+75 1
-5 2
+4 1

fn=(34)
399 1
+16 1
-16 6
+3 1
+1 1
+1 1
+11 2
+3 6
593 1
+94 5
+1 1
+3 2
+1 1
+6 1
+3 1
fi=(19) ./elf/../sysdeps/x86/dl-cacheinfo.h
+5 1
+2 1
fe=(16)
-9 1
fi=(19)
+23 2
840 1
+46 1
-46 17
+45 2
+25 2
+21 2
-21 2
+13 3
+8 1
-8 1
+8 1
cfi=(10)
cfn=(24)
calls=1 405 
* 21
* 1
+2 2
+3 4
cfi=(10)
cfn=(24)
calls=1 405 
* 21
* 1
+2 1
+3 2
-3 2
+3 1
-3 1
+3 1
cfi=(10)
cfn=(24)
calls=1 405 
* 21
* 1
+1 5
+16 2
-12 5
cfi=(10)
cfn=(24)
calls=1 405 
* 21
* 1
+1 3
+23 1
-17 5
+3 3
-3 1
cfi=(10)
cfn=(24)
calls=1 405 
* 21
+3 3
-3 2
+3 9
cfi=(10)
cfn=(54)
calls=1 157 
* 58
+1 9
cfi=(10)
cfn=(54)
calls=1 157 
* 58
+1 10
cfi=(10)
cfn=(54)
calls=1 157 
* 58
+3 8
cfi=(10)
cfn=(54)
calls=1 157 
* 58
+2 8
cfi=(10)
cfn=(54)
calls=1 157 
* 58
+4 1
fe=(16)
706 1
fi=(19)
967 2
fe=(16)
706 2
fi=(19)
967 4
fe=(16)
706 1
cfi=(10)
cfn=(24)
calls=1 405 
* 19
+4 3
+14 1
-1 2
+1 3
+47 1
-1 1
+1 1
+46 4
cfi=(10)
cfn=(24)
calls=1 405 
* 19
+2 4
cfi=(10)
cfn=(24)
calls=1 405 
* 19
fi=(21) ./elf/../sysdeps/unix/sysv/linux/x86/cpu-features.c
27 6
fe=(16)
829 2
+45 8
fi=(19)
+19 11
fe=(16)
775 3
+27 2
-10 2
+1 2
+2 3
+1 2
+2 3
+1 2
fi=(19)
-75 3
cfn=(46) handle_intel.constprop.0
calls=1 255 
* 437
+1 1
-1 2
+1 1
cfn=(46)
calls=1 255 
* 478
+1 1
-1 1
+1 1
cfn=(46)
calls=1 255 
* 503
+3 1
-3 2
+3 1
cfn=(46)
calls=1 255 
* 459
+2 1
-2 1
+2 1
cfn=(46)
calls=1 255 
* 451
+3 1
-2 1
-1 1
+3 1
cfn=(46)
calls=1 255 
* 428
+2 1
-2 1
+2 1
cfn=(46)
calls=1 255 
* 429
+3 1
-2 1
-1 1
+3 1
cfn=(46)
calls=1 255 
* 469
+2 1
-2 1
+2 1
cfn=(46)
calls=1 255 
* 470
+3 1
-3 1
+3 1
cfn=(46)
calls=1 255 
* 494
+2 1
-2 1
+2 1
cfn=(46)
calls=1 255 
* 495
+2 1
-2 1
+2 1
cfn=(46)
calls=1 255 
* 790
+2 3
-2 1
+2 1
cfn=(52) get_common_cache_info.constprop.0
calls=1 481 
* 215
863 15
fe=(16)
424 6
cfn=(36) get_common_indices.constprop.0
calls=1 -99 
* 71
303 3
+1 2
+1 6
+5 2
+1 6
+5 2
+1 6
429 1
cfn=(40)
calls=1 43 
* 194
+2 1
+2 1
+83 1
-85 2
564 2
+7 2
+2 1
+4 2
+6 2
422 2
-3 1
+14 3
+1 4
+69 1
+10 11
+42 1
+1 1
434 11
+55 3

fn=(36)
325 1
+4 4
+3 3
+5 2
-5 1
+5 1
-5 1
+4 1
+1 1
+1 4
+1 4
+1 3
+1 2
+7 2
+2 5
+5 1
-5 1
+5 1
-5 1
+5 1
-5 2
+5 1
+7 1
-7 4
+7 1
+1 3
+6 1
-6 4
+6 1
fi=(17) ./elf/../sysdeps/unix/sysv/linux/x86/dl-minsigstacksize.h
24 2
+3 2
+1 2
+37 3
+7 1
+2 1
fe=(16)
384 2

fl=(14)
fn=(28)
35 1
+1 3
+1 2
+6 1
+1 1

fl=(43) ./string/../sysdeps/x86_64/memcmp.S
fn=(124) bcmp
22 1
+5 1
+1 1
+1 1
+1 1
+1 1
+1 1
+1 1
+1 1
+3 1
+1 1
+1 1
+1 1
+1 1
+1 1
+1 1
+1 1
+1 1
+2 1
+1 1
+17 1
+1 1
+17 1
+1 1
+1 1
+1 1
+1 1
+4 1
+47 1
+1 1
+1 1
+1 1
+1 1
+1 1
+1 1
+1 1
+1 1
+1 1
+1 1
+1 1
+1 1

fl=(53)
fn=(168)
30 3
+2 3
+9 3
+1 6
+1 3
+4 3
+1 3
+1 3
+1 3
+1 3
+2 6
+2 3
+1 3
+1 3
+2 6
+2 3
+8 3
+3 3
+1 3
+7 3
+1 3

fl=(75)
fn=(254)
361 6
+4 5
-2 2
+4 24
cfn=(256) _dl_check_map_versions
calls=4 155 
* 3924
-2 4
+2 12
-1 4
-1 8
+5 7

fn=(256)
155 32
+15 4
-15 8
+15 8
+2 20
+2 4
+1 4
-1 4
+1 4
+2 8
+3 4
-16 2
-8 2
+28 2
-4 2
+4 4
+16 2
36 4
200 2
36 10
+1 5
-1 10
+2 21
cfi=(54)
cfn=(174)
calls=7 +30 
* 958
* 14
208 6
+5 2
-71 4
+71 6
+8 2
-2 2
-2 4
+4 2
-4 12
+4 6
-2 6
-2 12
+4 6
-4 61
56 32
+8 24
+6 24
+16 8
+1 16
+2 8
+5 72
+14 150
+12 201
+4 67
-30 134
224 32
+3 24
+5 6
-11 6
110 8
+3 32
cfi=(32)
cfn=(90)
calls=8 -5 
* 246
* 34
236 8
+14 4
+3 8
+10 42
-7 168
+3 126
-3 8
+3 6
+8 6
+6 3
fi=(28)
44 3
fe=(75)
273 3
fi=(28)
44 3
cfi=(27)
cfn=(72)
calls=3 +34 
* 108
fe=(75)
272 3
fi=(28)
44 3
fe=(75)
274 6
+13 3
-3 3
+3 12
+2 9
+3 8
+4 6
+7 8
+1 8
-1 24
+1 8
+1 8
-2 8
+2 16
+1 24
+3 24
+5 6
-15 6
+2 6
-2 6
+2 6
-2 6
+2 12
-2 2
+2 2
-2 2
+2 2
-2 2
+2 4
+16 6
+39 36
-29 9
+3 8
+4 42
+6 42
+1 42
+1 42
-1 126
+1 42
-1 42
+1 42
+1 42
+3 126
+4 42
-14 88
+10 6
164 2
+86 2
-94 2
+94 3

fl=(67)
fn=(220)
28 20
+1 40
cfi=(59)
cfn=(192)
calls=10 153 
* 98

fl=(38)
fn=(108)
175 5
+1 1
-1 6
+1 1
-1 1
+1 1
-1 1
+1 1
-1 1
+1 2
cfi=(10)
cfn=(24)
calls=1 405 
* 21
* 1
+2 2
+1 3
+26 2
-26 1
+25 1
cfi=(39) ./elf/../sysdeps/x86_64/dl-hwcaps-subdirs.c
cfn=(110) _dl_hwcaps_subdirs_active
calls=1 29 
* 47
fi=(40) ./elf/./dl-hwcaps.h
54 1
fe=(38)
205 1
-1 1
fi=(40)
56 1
+32 1
+1 1
+1 1
fe=(38)
-35 2
cfi=(41)
cfn=(116)
calls=1 -4 
* 13
* 2
fi=(40)
-1 1
+2 2
-2 1
+34 2
+1 2
+1 1
fe=(38)
-32 2
-1 2
+1 2
+1 2
-1 2
-3 4
cfi=(41)
cfn=(116)
calls=2 -4 
* 114
* 2
cfi=(41)
cfn=(116)
calls=1 -4 
* 122
* 6
+48 5
fi=(28)
-47 1
cfi=(27)
cfn=(76)
calls=1 -21 
* 25
fe=(38)
+47 1
+2 2
+3 2
fi=(40)
-52 1
fe=(38)
+55 1
-3 1
fi=(40)
-54 2
+3 1
fe=(38)
+58 2
cfi=(41)
cfn=(122)
calls=1 -90 
* 12
* 2
fi=(40)
-61 1
+2 2
-2 1
+34 2
+1 2
+1 1
fe=(38)
+40 4
+1 2
-1 6
+2 2
+1 2
-2 6
-3 4
cfi=(41)
cfn=(116)
calls=2 -77 
* 114
* 2
cfi=(41)
cfn=(116)
calls=1 -77 
* 122
* 6
+8 2
+9 1
-15 1
+15 2
-15 1
+15 8
+9 2
+4 7
cfi=(43)
cfn=(124)
calls=1 22 
* 41
+1 2
+1 1
+4 1
+1 2
+1 1
-20 2
+19 1
+1 1
-20 2
-1 4
+70 1
+1 1
+4 1
-5 2
+1 4
+4 2
-4 1
+4 4
+1 1
-1 1
+1 2
+1 2
-2 5
+1 1
-1 1
+1 2
+1 2
-2 5
+5 1
+3 2
-3 2
+3 15
+7 1
-7 2
+2 3
+1 4
+2 1
fi=(211) ./elf/../sysdeps/x86/dl-hwcap.h
57 1
fe=(38)
233 2
fi=(211)
57 1
fe=(38)
233 2
fi=(211)
57 1
fe=(38)
233 1
+1 1
cfi=(22)
cfn=(60)
calls=1 41 
* 17
+1 1
+1 1
-6 1
+4 1
+1 1
-5 1
+5 1
+1 1
-1 2
-5 4
+10 3
-2 3
+2 1
+1 1
+1 1
-1 1
+4 4
+1 1
-1 1
+4 2
+4 1
-1 1
+1 4
-1 2
+4 3
+1 3
+19 10
+6 2
fi=(28)
56 1
cfi=(27)
cfn=(76)
calls=1 -21 
* 25
* 1
fe=(38)
283 2
+8 1
fi=(40)
54 1
+2 1
+34 1
-2 2
fe=(38)
-5 1
291 1
fi=(40)
54 1
+35 1
fe=(38)
291 1
fi=(40)
90 1
fe=(38)
-10 2
cfi=(41)
cfn=(116)
calls=1 -29 
* 13
* 2
fi=(40)
-26 2
+2 1
fe=(38)
+27 1
fi=(40)
-29 1
+34 2
+1 2
+1 1
fe=(38)
-8 2
+1 4
+7 2
-7 10
cfi=(29)
cfn=(128)
calls=2 199 
* 26
+4 2
+2 2
+2 2
-2 4
-9 4
cfi=(41)
cfn=(116)
calls=2 -29 
* 114
* 2
cfi=(41)
cfn=(116)
calls=1 -29 
* 122
* 6
304 1
+2 1
-2 1
-48 2
+72 1
-72 1
376 2
+13 2
-58 1
+45 1
+13 1
-58 1
-75 1
+82 1
+10 2
-92 1
+88 1
+4 3
-4 1
+3 7
-3 2
-3 1
+3 1
cfi=(29)
cfn=(128)
calls=1 199 
* 18
* 2
-3 1
+3 1
cfi=(29)
cfn=(128)
calls=1 199 
* 18
* 2
+3 2
-3 4
+3 5
+1 12
+1 2
-2 1
+2 1
cfi=(29)
cfn=(128)
calls=1 199 
* 15
* 2
-2 2
+5 8
cfi=(29)
cfn=(128)
calls=2 199 
* 30
* 4
+2 5
+5 6
+1 1
-1 3
+1 7
-1 25
+5 11
+4 1
-1 1
+1 2
-4 12
+4 2
-1 2
+1 13
-1 9
+1 18
+1 24
-1 12
-1 12
+2 24
-1 24
-1 24
+4 9
+3 1
+2 2
-1 1
-1 1
+2 1
-2 1
+2 2
-1 1
+1 2
+2 6
+1 2
+3 2
-6 2
+6 3
+7 8
+1 1
-1 2
+3 2
-3 3
+1 3
-1 6
+3 6
+3 4
-80 2
+86 9
-20 1
+1 2
-6 3
259 2
+1 2
+1 4
-1 3
+12 4
-44 2
+34 4
-2 3

fl=(73) ./malloc/./malloc/scratch_buffer_set_array_size.c
fn=(240) __libc_scratch_buffer_set_array_size
30 20
+4 2
+1 4
+11 2
-1 4
+18 8

fl=(25)
fn=(68)
28 3
+1 3
+3 38
+13 28
-13 56
+2 60
+1 18
+5 2
-3 2
+3 2
+2 2
+7 1

fl=(19)
fn=(52)
481 1
+17 1
-17 4
+16 1
-16 1
+15 1
-15 3
+18 1
-1 1
+9 2
+3 3
+11 1
-11 1
-5 1
+21 3
+4 2
681 4
+1 5
+4 2
+9 2
-2 1
+2 2
-1 1
+1 3
535 6
+3 8
+7 2
-7 9
+7 6
+3 26
+14 2
+4 1
+3 1
+1 1
-4 2
+3 3
+6 2
-37 6
+15 2
+4 1
+1 1
-1 2
+18 2
-68 6
+74 4
+8 7
+2 2
+4 3
+2 1
+2 5
-4 1
+16 1
-16 3
+21 2
-21 4
+3 1
+1 4
-4 1
+6 4
+3 2
+5 1
+2 2
+1 1
+1 1
-2 2
+1 1
-19 5
+46 2
+1 1
+1 2
+2 2
-1 3
-23 2
+7 1
+2 2
-16 1
+22 1
-6 2
+1 1
+5 1

fn=(46)
255 24
-5 24
+16 12
-16 72
+13 12
+1 36
-3 24
+11 60
+5 24
+2 12
+1 12
-1 12
+5 48
cfn=(48) intel_check_word.constprop.0
calls=12 123 
* 3876
+2 24
+3 60
cfn=(48)
calls=12 123 
* 1156
+2 24
+3 5
cfn=(48)
calls=1 123 
* 20
+2 2
+3 5
cfn=(48)
calls=1 123 
* 255
+2 2
-35 3
+39 3
+5 96

fn=(48)
123 78
-4 78
+10 104
-10 26
+10 52
+2 52
+71 200
-71 102
+2 63
+2 126
+8 126
+51 102
+22 51
fi=(20) ./elf/../bits/stdlib-bsearch.h
28 51
-1 102
+4 102
+1 51
fe=(19)
+78 102
fi=(20)
-79 76
+1 38
fe=(19)
+78 76
+3 345
fi=(20)
-84 820
+2 512
+1 256
fe=(19)
+78 512
+15 15
246 104
fi=(20)
37 63
-8 151
fe=(19)
155 36
+3 36
-6 54
+3 14
+9 14
+23 19
-32 57
+3 57
+4 50
+2 100
+2 50
+2 36
+4 11
+2 22
+6 14
+3 8
+1 12
-8 4
+2 4
-1 4
-1 4
+2 8
-2 4
+3 12
-2 12
+2 8
-10 24
+1 10
+11 12
-26 4
+9 4
+23 2
-32 6
+3 6
+4 8
+2 16
+2 8
-11 3
+7 6
+2 12

fl=(39)
fn=(110)
29 1
fi=(18)
+2 1
fe=(39)
+7 1
fi=(18)
-7 2
-1 2
fe=(39)
+22 1
fi=(18)
-20 3
+4 1
fe=(39)
+2 1
fi=(18)
-2 2
+3 4
+1 4
+5 1
fe=(39)
-7 1
fi=(18)
+7 3
fe=(39)
-2 1
fi=(18)
+5 2
+1 3
+2 4
+1 2
+1 2
+6 1
fe=(39)
-11 1
fi=(18)
+11 1
-3 2
fe=(39)

fl=(59)
fn=(192)
153 26
-55 26
+70 30
+1 4
-2 18
+1 18

fl=(50)
fn=(158)
25 1
+2 1
+7 1
+1 1
+2 1
+1 1
+1 1
+1 1
+1 33
+3 3
+7 1
+1 1
+1 1
+1 1
+2 1
+1 1
+1 1
+1 1
+2 1
+1 1
+1 1
+9 3
+12 1
+2 1
+1 1
+1 1
-4 12
+2 12
+1 12
+1 12
+2 13
+1 13
+1 13
+2 13
+1 13
+1 13
+2 13
+1 13
+1 13
+2 1
+1 1
+1 1
+2 1
+7 1
+4 1

fl=(54)
fn=(224)
36 2
+3 1
-3 6
+3 1
-3 1
+3 1
cfi=(55)
cfn=(178)
calls=1 -11 
* 19
+1 2
+23 7
-21 4
cfi=(58)
cfn=(190)
calls=1 -13 
* 15
* 2
+2 2
+3 2
+13 2
cfi=(64)
cfn=(204)
calls=1 -35 
* 6
* 1
-11 6
cfi=(60)
cfn=(194)
calls=1 -2 
* 9
* 2

fn=(174)
68 84
+1 28
cfi=(32)
cfn=(90)
calls=14 +39 
* 635
* 28
+3 14
+2 28
+6 15
-6 30
+1 54
cfi=(32)
cfn=(90)
calls=18 +33 
* 871
* 36
+8 3
-13 3
+13 20
-1 11
+1 33

fl=(1) ???
fn=(0) 0x0000000000020290
0 2
cfi=(2)
cfn=(2)
calls=1 527 
0 136258
0 14
cfi=(144)
cfn=(474)
calls=1 77 
0 361
0 3
cob=(5)
cfi=(150)
cfn=(508) (below main)
calls=1 0 
0 20722276190

fl=(46)
fn=(152)
116 2
+1 2

fn=(146)
56 1
+3 2
+4 1
-6 1
+4 1
+2 2
+22 2
+5 2
+1 1
+1 1
-1 1
-1 1
+5 2
+4 2
+8 2
-43 2
+32 6

fn=(186)
38 3
+3 3
-1 6
+4 6
+4 3

fl=(66)
fn=(210)
159 5
+1 3
-1 1
+1 1
-1 2
+1 1
-1 3
+1 1
-1 4
+1 12
-8 1
-7 1
+15 1
-14 1
+6 1
+8 1
-15 1
+7 1
-8 1
+1 1
+7 1
-7 1
+31 3
-28 3
-2 1
+31 1
-33 2
+2 2
+30 2
-30 1
-1 4
+7 4
+24 2
-32 1
+60 1
-60 2
+36 1
fi=(74) ./elf/../include/scratch_buffer.h
77 3
fe=(66)
198 1
fi=(74)
78 1
fe=(66)
200 2
+98 1
198 1
+4 1
+7 1
+4 4
-4 3
+4 12
+11 12
-18 2
+18 4
433 12
+2 2
+3 2
-3 4
+3 2
fi=(28)
56 2
cfi=(27)
cfn=(76)
calls=2 -21 
* 50
* 2
fe=(66)
439 4
+6 2
+1 10
cfi=(29)
cfn=(80)
calls=2 212 
* 22
+1 10
cfi=(29)
cfn=(80)
calls=2 212 
* 22
+4 2
-1 2
+5 16
204 9
458 9
-1 4
+1 8
199 3
+27 10
+5 2
+6 2
-5 2
-1 2
+2 4
+4 8
-31 2
+31 2
+1 6
+6 8
cfi=(31)
cfn=(212)
calls=2 -6 
* 108
* 6
+4 4
-2 2
+2 4
cob=(2)
cfi=(51)
cfn=(164)
calls=2 0 
* 6843
+1 4
+9 2
+2 4
+5 10
+6 2
+2 2
-8 4
+3 2
+1 2
+1 2
+1 2
+4 10
+4 6
+1 3
-43 200
+1 96
+44 144
-38 4
fi=(74)
85 3
fe=(66)
464 6
+1 1
+3 4
+11 3
fi=(28)
56 1
cfi=(27)
cfn=(76)
calls=1 -21 
* 25
* 1
fe=(66)
481 2
+5 3
+1 1
-1 2
+4 2
-2 1
+2 1
-2 2
+13 3
+5 3
-16 9
-2 3
+6 3
+7 3
-2 6
-5 1
+7 1
-2 2
+2 2
+5 1
-16 6
+19 2
+52 3
+37 3
+15 1
-11 1
+11 1
-14 2
+20 1
-1 3
+1 3
-1 5
cfi=(12)
cfn=(246)
calls=1 290 
* 260
+5 1
+3 1
-1 1
+2 2
+7 3
+3 3
+3 8
214 25
+3 2
fi=(74)
-86 6
cfi=(73)
cfn=(240)
calls=2 30 
* 40
fe=(66)
+86 4
+4 6
613 2
cfi=(29)
cfn=(80)
calls=1 212 
* 11
* 1
-53 2
160 2
380 6

fn=(214)
61 6
+7 2
-4 4
+1 2
-1 16
cfi=(31)
cfn=(172)
calls=2 2022 
* 6685
* 2
+5 4

fl=(8)
fn=(14)
25 4
+3 4
-3 4
+3 8
+3 12
+1 8
+2 4
-1 4
+3 12
+1 4
+4 4
-3 4
+7 4
-4 4
-3 4
+2 8
+5 4
-5 4
-2 4
+7 4
-5 4
+10 4

fl=(142)
fn=(458)
46 16
+2 10
+1 2
+6 2
fi=(212) ./elf/../sysdeps/x86_64/dl-runtime.h
-27 2
fe=(142)
+21 2
+5 2
+1 2
-6 2
+6 4
+1 2
+2 2
-2 2
+2 2
-2 10
+7 4
+4 4
+4 6
+4 6
+1 8
-7 8
+16 2
-1 2
+1 4
+10 20
cfi=(79)
cfn=(280)
calls=2 840 
* 1363
* 2
+4 10
+10 20
+15 8
+9 6
+26 6
fi=(6)
+70 2
fe=(142)
-66 12

ob=(5)
fl=(157)
fn=(670) newBatch
476 48369
+5 18927
cob=(2)
cfi=(51)
cfn=(572)
calls=2103 0 
* 4071317
* 4483182
cob=(2)
cfi=(51)
cfn=(572)
calls=747197 0 
* 1458561117
* 1498600
78 1498600
-2 749300
+2 2247900
+1 749300
-1 2247900
+1 749300
-1 2247900
+1 12609424
-1 37828272
+1 12609424
-1 37828272
+3 3746500
485 2247900
+1 1500448
+7 71866
-7 215396
+1 214992
cob=(2)
cfi=(51)
cfn=(658)
calls=71664 0 
* 1758827
* 2242356
cob=(2)
cfi=(51)
cfn=(658)
calls=747452 0 
* 17806624
* 1638232
+1 2989000
cfn=(684) newBunch
calls=747250 297 
* 485199931
* 747250
+1 1494500
fi=(186) /usr/include/x86_64-linux-gnu/bits/stdio.h
49 1494500
cob=(2)
cfi=(51)
cfn=(638)
calls=747250 -49 
* 15692250
* 4100
cob=(2)
cfi=(51)
cfn=(638)
calls=2050 -49 
* 43050
fe=(157)
513 2262621
+17 2103
+1 4206
-1 10512897
+1 22043054
+1 1017260
+1 1017260
-2 2034520
+1 71853
+1 71853
-2 143706
-2 31545000
+8 12618
-13 2103
-1 2103
78 2103
539 2103
78 7363277
539 7356968
78 22070904
-2 7359071
+3 7359071
-1 22077213
+1 7359071
-1 22077213
+1 122924921
-1 368774763
+1 122924921
-1 368774763
+3 36795355
540 22077213
+1 14718142
+4 351994
-4 703988
+1 23133195
cob=(2)
cfi=(51)
cfn=(658)
calls=7711065 0 
* 242570532
* 15422130
+6 139822349
cfn=(662) tryBaking
calls=7359071 338 
* 16207464438
* 22077213
+2 7359071
-2 36795355
+3 29436284
+3 14616
+6 7302
+1 7302
-1 7302
+1 7302
+6 14616
+1 1
+2 2
-33 36788047
fi=(185) /usr/include/x86_64-linux-gnu/bits/stdio2.h
112 4206
cob=(2)
cfi=(51)
cfn=(642)
calls=2103 0 
* 327026
fe=(157)
607 31545
+1 25236
-34 110920897
+4 36961733
-5 110885199
+8 279
+5 558
+3 279
-92 4100
cob=(2)
cfi=(51)
cfn=(622)
calls=2050 0 
* 378084
fi=(177) /usr/include/x86_64-linux-gnu/bits/string_fortified.h
79 8200
cob=(2)
cfi=(51)
cfn=(626)
calls=2050 -79 
* 101738
fe=(157)
499 2050
+2 2050
-1 2050
-1 4100
+1 2050
+1 2050
cob=(2)
cfi=(51)
cfn=(622)
calls=2050 0 
* 262209
+1 2050
+1 2050
+1 2050
+2 2050
-1 2050
-3 2050
+1 2050
+1 2050
+2 2050
+3 404
+48 36
+24 7028
+2 14060
+3 7026
+3 7026
-82 3696

fn=(684)
297 5978000
+4 2989000
-1 1494500
+5 48750595
+4 48060129
-8 192194879
+1 97523484
+1 11147
+1 11147
+20 720024
-11 1380932
cob=(2)
cfi=(51)
cfn=(622)
calls=690466 0 
* 72909694
+1 690466
+1 690466
+1 690466
+1 1380932
+3 1163218
+4 3763476
-11 91274
cob=(2)
cfi=(51)
cfn=(622)
calls=45637 0 
* 4432280
+1 45637
+1 45637
+1 45637
+4 136911

fn=(540)
743 2
+4 2
-4 3
+12 1
-12 6
+4 1
cob=(2)
cfi=(51)
cfn=(542)
calls=1 0 
* 41866
+1 2
-1 1
+1 1
cob=(2)
cfi=(51)
cfn=(542)
calls=1 0 
* 40247
+7 2
-2 2
+2 1
-2 4
+2 1
cob=(2)
cfi=(51)
cfn=(572)
calls=1 0 
* 1213
* 6
cob=(2)
cfi=(51)
cfn=(572)
calls=1 0 
* 803
* 2
-10 3
+21 3157
+2 3154
cfn=(620) newRecipe
calls=1577 179 
* 145320893
* 1577
+33 1577
-41 6308
cob=(2)
cfi=(51)
cfn=(572)
calls=1577 0 
* 906959
+41 22649
-41 90596
cob=(2)
cfi=(51)
cfn=(572)
calls=22649 0 
* 13372154
* 4
cob=(2)
cfi=(51)
cfn=(572)
calls=1 0 
* 794
* 48454
+2 169577
+4 145356
+4 135894
+2 168
cfn=(686) removeRecipe
calls=21 242 
* 1414689
* 63
+2 67884
+4 41050
-15 216
cfn=(704) loadOrders
calls=24 -82 
* 52932
* 48
+11 8412
+2 21030
cfn=(670)
calls=2103 476 
* 20371881459
* 16824
+27 3
+12 11
-37 82100
+2 205250
cfn=(656) newOrder
calls=20525 610 
* 188003861
* 164200
+23 5

fn=(620)
179 14193
+2 4731
-2 4731
+2 1577
cob=(2)
cfi=(51)
cfn=(572)
calls=1577 0 
* 1288633
* 3154
78 3154
-2 1577
+2 3154
+1 27818
-1 83454
+1 27818
-1 83454
+3 9462
190 3154
+1 1577
-1 1577
+1 1577
cob=(2)
cfi=(51)
cfn=(622)
calls=1577 0 
* 571494
fi=(177)
79 3154
fe=(157)
191 1577
fi=(177)
79 1577
fe=(157)
191 1577
fi=(177)
79 1577
cob=(2)
cfi=(51)
cfn=(626)
calls=1577 -79 
* 78371
fe=(157)
193 1577
+5 4146
+4 84
cob=(2)
cfi=(51)
cfn=(658)
calls=28 0 
* 736
* 1839
cob=(2)
cfi=(51)
cfn=(658)
calls=613 0 
* 15829
* 1282
+10 116
-11 232
+14 67697
+7 311305
cob=(2)
cfi=(51)
cfn=(572)
calls=62261 0 
* 80495900
* 5260
cob=(2)
cfi=(51)
cfn=(572)
calls=1052 0 
* 1373296
* 126626
+1 126626
cob=(2)
cfi=(51)
cfn=(622)
calls=63313 0 
* 37154009
fi=(177)
79 189939
fe=(157)
223 126626
fi=(177)
79 63313
cob=(2)
cfi=(51)
cfn=(626)
calls=63313 -79 
* 3141727
fe=(157)
225 63313
fi=(186)
49 63313
fe=(157)
226 63313
-1 63313
fi=(186)
49 63313
cob=(2)
cfi=(51)
cfn=(638)
calls=63313 -49 
* 1329573
fe=(157)
229 193095
+5 1052
fi=(185)
112 1052
fe=(157)
234 1052
+1 1052
fi=(185)
112 1052
cob=(2)
cfi=(51)
cfn=(642)
calls=1052 0 
* 163745
fe=(157)
240 18924
fi=(185)
112 525
fe=(157)
+93 525
fi=(185)
-93 525
cob=(2)
cfi=(51)
cfn=(642)
calls=525 0 
* 81375
fi=(186)
-63 1365340
cob=(2)
cfi=(51)
cfn=(638)
calls=682670 -49 
* 14360238
fe=(157)
205 2049060
-6 3856

fn=(704)
681 240
+8 48
+7 24
+1 72
+3 24
+3 48
-3 13
+3 39
-1 26
+10 13
-9 43
+1 34
+2 13
+1 12
+7 8
+4 9
+1 9
-25 55
+2 37
+1 74
+29 72
+14 48
+1 24
-1 96
+1 24
-1 24
+1 24
-1 24
+1 96
-38 24
+13 48
+3 24
-25 48
+22 8
+3 4
-25 56
fi=(185)
112 168
cob=(2)
cfi=(51)
cfn=(706)
calls=24 0 
* 30764
* 91
cob=(2)
cfi=(51)
cfn=(706)
calls=13 0 
* 16848
fe=(157)
729 74
+1 37
cob=(2)
cfi=(51)
cfn=(676)
calls=37 0 
* 3367
-4 98

fn=(662)
338 81165975
+13 7378725
-13 7378725
+13 14757450
+10 22136175
+1 22136175
78 305268932
-2 152634466
+3 76317233
-1 228951699
+1 76317233
-1 228951699
+1 1295867020
-1 3887601060
+1 1295867020
-1 3887601060
+3 381586165
364 152634466
+2 152634466
-1 150533484
+28 248836593
cob=(2)
cfi=(51)
cfn=(658)
calls=82945531 0 
* 2128012942
* 248836593
+9 7765518
-36 30977096
+1 249074472
+3 620644
+2 624150
+1 624150
+1 312075
cob=(2)
cfi=(51)
cfn=(676)
calls=312075 0 
* 34788535
-5 936225
+14 1753
-2 3506
+4 78
+3 156
cob=(2)
cfi=(51)
cfn=(676)
calls=78 0 
* 9865
* 3350
cob=(2)
cfi=(51)
cfn=(676)
calls=1675 0 
* 208051
* 1753
+2 1753
-37 14024
474 14024
-84 7366949
-37 58935592
474 58935592
353 80184
474 80184
-80 451080078
+16 68948531
-48 137897062
+57 20046
+2 20046
78 2471516
-2 1235758
+3 617879
-1 1853637
+1 617879
-1 1853637
+1 10421209
-1 31263627
+1 10421209
-1 31263627
+3 3089395
425 617879
-2 617879
+1 617879
-1 1235758
+2 1235758
+4 1235758
+36 58339
-36 233356
+1 175017
cob=(2)
cfi=(51)
cfn=(658)
calls=58339 0 
* 1478198
* 1853637
cob=(2)
cfi=(51)
cfn=(658)
calls=617879 0 
* 15642491
* 1970315
+4 1042131
+2 1042131
-2 3126393
+2 425703
-1 425703
+4 425703
-3 425703
+3 425703
+1 425703
cob=(2)
cfi=(51)
cfn=(676)
calls=425703 0 
* 47649662
+3 851406
-10 2086936
+35 617879
-47 1235758
+4 1823568
-42 3350
+64 114
-2 228
+5 19
+2 38
cob=(2)
cfi=(51)
cfn=(676)
calls=19 0 
* 1729
* 190
cob=(2)
cfi=(51)
cfn=(676)
calls=95 0 
* 8764
+1 114
+3 616428
+1 616428
-1 616428
+1 616428
+2 616428
+12 20046
+2 20046
-26 285

fn=(656)
610 143675
+2 20525
-2 246300
+2 20525
cob=(2)
cfi=(51)
cfn=(622)
calls=20525 0 
* 10272307
+2 41050
-2 20525
+2 82100
cob=(2)
cfi=(51)
cfn=(572)
calls=20525 0 
* 25953903
* 41050
+6 20525
78 20525
619 20525
78 20525
621 20525
-1 20525
78 41050
-2 41050
+3 20525
-1 61575
+1 20525
-1 61575
+1 340294
-1 1020882
+1 340294
-1 1020882
+3 123150
623 41050
+2 41539
+4 1107
-4 2214
+1 63261
cob=(2)
cfi=(51)
cfn=(658)
calls=21087 0 
* 657386
* 42174
+7 59940
fi=(185)
112 34530
cob=(2)
cfi=(51)
cfn=(642)
calls=17265 0 
* 2686829
fe=(157)
650 51795
+1 16939
328 34530
+1 17264
+1 51792
677 164200
-61 123150
+62 246300
-41 216194
cfn=(662)
calls=19654 338 
* 142535142
* 137578
+6 143657
fi=(185)
112 5430
cob=(2)
cfi=(51)
cfn=(642)
calls=2715 0 
* 421809
fe=(157)
657 5430
+5 8145
fi=(185)
112 545
fe=(157)
647 545
fi=(185)
112 545
cob=(2)
cfi=(51)
cfn=(642)
calls=545 0 
* 84475
fe=(157)
646 1090
cob=(2)
cfi=(51)
cfn=(676)
calls=545 0 
* 49815
+1 545
78 4

fn=(686)
242 84
+2 21
-2 126
+2 63
cob=(2)
cfi=(51)
cfn=(572)
calls=21 0 
* 16359
* 42
+10 21
+1 42
+5 32226
-5 64452
+1 96726
cob=(2)
cfi=(51)
cfn=(658)
calls=32242 0 
* 777326
* 64484
fi=(185)
112 40
cob=(2)
cfi=(51)
cfn=(642)
calls=20 0 
* 3060
fe=(157)
295 210
-33 5
+1 10
78 4
-2 2
+3 1
-1 3
+1 1
-1 3
+1 10
-1 30
+1 10
-1 30
+3 6
274 2
+1 5
cob=(2)
cfi=(51)
cfn=(658)
calls=1 0 
* 23
* 2
-7 11269
-5 22538
+1 33819
cob=(2)
cfi=(51)
cfn=(658)
calls=11273 0 
* 268829
* 22550
+12 1
+1 1
-1 1
+1 1
cob=(2)
cfi=(51)
cfn=(676)
calls=1 0 
* 91
fi=(185)
112 2
cob=(2)
cfi=(51)
cfn=(642)
calls=1 0 
* 157
* 1
fe=(157)

fl=(150)
fn=(738)
0 9
cob=(2)
cfi=(51)
cfn=(744)
calls=1 0 
0 74
0 1
cfn=(754) 0x0000000000001550
calls=1 0 
0 5
0 3

fn=(508)
0 12
cob=(3)
cfi=(151)
cfn=(510)
calls=1 242 
0 20722276178

fn=(520)
0 12

fn=(754)
0 5

ob=(4)
fl=(145)
fn=(482)
0 12

fn=(766)
0 11
cob=(2)
cfi=(51)
cfn=(772)
calls=1 0 
0 74
0 10
cfn=(778) 0x0000000000001070
calls=1 0 
0 5
0 5

fn=(778)
0 5

fn=(490)
0 5

totals: 20722412828
