# callgrind format
version: 1
creator: callgrind-3.18.1
pid: 140934
cmd:  ./first
part: 1


desc: I1 cache: 
desc: D1 cache: 
desc: LL cache: 

desc: Timerange: Basic block 0 - 287560
desc: Trigger: Program termination

positions: line
events: Ir
summary: 696113


ob=(6) /home/colinux/Bakery/first
fl=(176) /home/colinux/Bakery/first.c
fn=(616) main
1004 2
+4 2
-4 3
+14 1
-14 6
+4 1
cob=(2) ???
cfi=(51) ???
cfn=(618) 0x0000000000109180
calls=1 0 
* 132941
+1 2
-1 1
+1 1
cob=(2)
cfi=(51)
cfn=(618)
calls=1 0 
* 3814
+9 2
-2 1
-7 1
+9 1
-2 4
+2 1
cob=(2)
cfi=(51)
cfn=(648) 0x00000000001091e0
calls=1 0 
* 1067
* 6
cob=(2)
cfi=(51)
cfn=(648)
calls=1 0 
* 703
* 2
-12 3
+23 10
+2 12
cfn=(696) newRecipe
calls=4 297 
* 27524
* 4
+35 4
-43 16
cob=(2)
cfi=(51)
cfn=(648)
calls=4 0 
* 2803
+43 11
-43 44
cob=(2)
cfi=(51)
cfn=(648)
calls=11 0 
* 6789
* 4
cob=(2)
cfi=(51)
cfn=(648)
calls=1 0 
* 779
* 32
+2 100
+4 90
+4 66
+2 6
cfn=(736) removeRecipe
calls=2 444 
* 1971
* 4
+2 27
+4 12
-15 20
cfn=(746) loadOrders
calls=2 -85 
* 2998
* 6
+11 12
+2 33
cfn=(740) newBatch
calls=3 783 
* 330268
* 27
+31 3
+13 11
-42 24
+2 66
cfn=(750) newOrder
calls=6 700 
* 11721
* 54
+27 5
+1 22
cfn=(746)
calls=1 941 
* 4265
* 18

fn=(788) heapifyDown
169 18
+3 9
+3 9
-3 21
+3 18
+7 9

fn=(742) insertBunch
214 48
+3 16
-3 96
+3 16
cob=(2)
cfi=(51)
cfn=(698) 0x00000000001091b0
calls=16 0 
* 2160
+2 16
-2 16
+9 16
-8 16
+2 16
+1 16
+1 16
+2 48
+2 32
+5 27
cob=(2)
cfi=(51)
cfn=(780) 0x0000000000109130
calls=9 0 
* 684
* 18
+1 27
cob=(2)
cfi=(51)
cfn=(698)
calls=9 0 
* 511
* 9
+5 36
+1 9
+1 18
-1 27
-1 81
+8 24
-1 18
+5 3
+7 9
-1 9
+1 18
+3 1
-96 1
-8 2
+3 2
-1 2
-1 2
+2 2
+1 4
+4 33
264 9
cob=(2)
cfi=(51)
cfn=(772) 0x0000000000109120
calls=9 0 
* 819
+3 63
-10 16
+10 7
-40 7
+40 42

fn=(746)
941 30
+8 6
+7 2
+1 6
+3 2
+3 4
-3 3
+3 9
-1 6
+10 3
-9 10
+1 8
+2 3
+1 3
+7 2
+4 2
+1 2
-25 8
+2 4
+1 8
+29 3
+15 6
+1 3
-1 12
+1 3
-1 3
+1 3
-1 3
+1 12
-39 4
+13 4
+3 2
-25 4
+22 2
+3 1
-25 5
+33 1
fi=(203) /usr/include/x86_64-linux-gnu/bits/stdio2.h
112 7
cob=(2)
cfi=(51)
cfn=(760) 0x00000000001091c0
calls=1 0 
* 1269
fe=(176)
954 2
+33 1
fi=(203)
112 7
cob=(2)
cfi=(51)
cfn=(760)
calls=1 0 
* 1269
fe=(176)
987 3
fi=(203)
112 21
cob=(2)
cfi=(51)
cfn=(760)
calls=3 0 
* 3843
fe=(176)
989 10
+1 10
+1 5
cob=(2)
cfi=(51)
cfn=(772)
calls=5 0 
* 455
-5 12
fi=(203)
112 3
cob=(2)
cfi=(51)
cfn=(710) 0x0000000000109150
calls=1 0 
* 153
* 1
fe=(176)

fn=(750)
700 42
+2 6
-2 78
+2 6
cob=(2)
cfi=(51)
cfn=(698)
calls=6 0 
* 702
+6 6
-4 6
+4 6
-6 6
+6 6
-5 6
+5 6
-3 6
+3 12
cob=(2)
cfi=(51)
cfn=(648)
calls=6 0 
* 6220
* 12
87 12
-2 6
+2 12
+1 50
-1 150
+1 50
-1 150
+3 6
716 12
+2 12
+1 18
cob=(2)
cfi=(51)
cfn=(726) 0x0000000000109190
calls=6 0 
* 138
* 12
+14 6
-5 6
+5 6
-5 12
fi=(203)
112 4
cob=(2)
cfi=(51)
cfn=(710)
calls=2 0 
* 310
fe=(176)
752 6
530 4
+1 1
+1 3
710 36
+71 72
-43 6
+3 54
-2 6
+2 12
cfn=(752) tryBaking
calls=6 540 
* 2653
* 42
+3 28
+36 48
fi=(203)
112 8
cob=(2)
cfi=(51)
cfn=(710)
calls=4 0 
* 620
fe=(176)
761 8
+4 16

fn=(784) deleteMinBunch.part.0
269 18
+8 9
cfn=(786) getLastNode
calls=9 -93 
* 2331
* 9
+3 27
+1 18
+3 27
+1 18
+3 8
+3 8
cob=(2)
cfi=(51)
cfn=(772)
calls=8 0 
* 728
+1 8
+3 8
-3 8
cfn=(788)
calls=8 169 
* 72
-6 1
+5 1
cob=(2)
cfi=(51)
cfn=(772)
calls=1 0 
* 91
+1 1
+3 1
-3 1
cfn=(788)
calls=1 169 
* 12

fn=(736)
444 14
+2 2
-2 12
+2 6
cob=(2)
cfi=(51)
cfn=(648)
calls=2 0 
* 1351
* 4
87 8
-2 4
+3 2
-1 6
+1 2
-1 6
+1 21
-1 63
+1 21
-1 63
+3 2
451 4
+4 4
-4 2
+6 3
cob=(2)
cfi=(51)
cfn=(726)
calls=1 0 
* 27
* 2
+15 4
+54 24
fi=(203)
112 2
cob=(2)
cfi=(51)
cfn=(710)
calls=1 0 
* 153
fe=(176)
476 1
fi=(203)
112 2
cob=(2)
cfi=(51)
cfn=(710)
calls=1 0 
* 155
fe=(176)
469 1

fn=(740)
783 75
+6 27
cob=(2)
cfi=(51)
cfn=(648)
calls=3 0 
* 4677
* 78
cob=(2)
cfi=(51)
cfn=(648)
calls=13 0 
* 19626
* 32
87 32
-2 16
+2 48
+1 16
-1 48
+1 16
-1 48
+1 84
-1 252
+1 84
-1 252
+3 16
793 48
+3 32
+1 48
cob=(2)
cfi=(51)
cfn=(726)
calls=16 0 
* 388
* 32
+1 48
+3 48
cfn=(742)
calls=16 214 
* 5068
* 16
+1 32
fi=(220) /usr/include/x86_64-linux-gnu/bits/stdio.h
49 32
cob=(2)
cfi=(51)
cfn=(706) 0x00000000001091f0
calls=16 -49 
* 336
fe=(176)
838 57
fi=(203)
112 6
cob=(2)
cfi=(51)
cfn=(710)
calls=3 0 
* 465
fe=(176)
855 9
+1 3
+1 6
-1 49149
+1 98309
+1 11
+1 11
-2 22
-2 147456
-6 9
+1 9
-2 9
+1 6
+83 5
-68 8
+1 3
+1 3
+2 9
+6 51
cfn=(752)
calls=3 540 
* 2954
* 18
+2 9
+3 4
+13 4
+1 1
+2 2
+37 2
+6 39
+1 36
-15 3
-26 5
+4 1
-5 3
+8 1
+5 2
+3 1
-31 10
+57 2

fn=(786)
184 45
+1 27
+3 36
cob=(2)
cfi=(51)
cfn=(780)
calls=9 0 
* 684
* 18
+1 27
cob=(2)
cfi=(51)
cfn=(698)
calls=9 0 
* 369
* 9
+5 36
+1 9
+2 18
-2 27
-1 27
+6 27
+1 36
+2 27
-2 9
+2 9
-2 18
+8 9
cob=(2)
cfi=(51)
cfn=(772)
calls=9 0 
* 819
+3 45

fn=(696)
297 36
+3 8
-3 4
+3 4
-3 12
+3 4
cob=(2)
cfi=(51)
cfn=(648)
calls=4 0 
* 2449
* 8
87 8
-2 4
+2 12
+1 4
-1 12
+1 4
-1 12
+1 31
-1 93
+1 31
-1 93
+3 4
306 12
+3 12
+43 20
+6 20
cob=(2)
cfi=(51)
cfn=(648)
calls=4 0 
* 4070
* 50
cob=(2)
cfi=(51)
cfn=(648)
calls=10 0 
* 9772
* 28
+2 28
cob=(2)
cfi=(51)
cfn=(698)
calls=14 0 
* 2646
87 14
360 14
+1 28
87 42
-2 28
+3 14
-1 42
+1 14
-1 42
+1 70
-1 210
+1 70
-1 210
+3 14
365 42
+5 34
+20 24
cob=(2)
cfi=(51)
cfn=(726)
calls=8 0 
* 184
* 16
+31 14
fi=(220)
49 14
fe=(176)
424 14
fi=(220)
49 14
cob=(2)
cfi=(51)
cfn=(706)
calls=14 -49 
* 294
fe=(176)
429 74
+13 48
-68 18
cob=(2)
cfi=(51)
cfn=(698)
calls=6 0 
* 1134
+1 6
-1 6
+1 6
cob=(2)
cfi=(51)
cfn=(700) 0x0000000000109160
calls=6 0 
* 96
* 24
cob=(2)
cfi=(51)
cfn=(698)
calls=6 0 
* 1110
fi=(197) /usr/include/x86_64-linux-gnu/bits/string_fortified.h
79 12
fe=(176)
375 6
fi=(197)
79 20
fe=(176)
377 6
+3 6
-2 6
+1 12
+1 6
cob=(2)
cfi=(51)
cfn=(698)
calls=6 0 
* 1134
+1 6
-1 6
+1 18
+12 8
+8 8
fi=(197)
79 20
fe=(176)
435 4
fi=(203)
112 4
fe=(176)
435 4
+3 4
fi=(203)
112 4
cob=(2)
cfi=(51)
cfn=(710)
calls=4 0 
* 1047
fe=(176)
441 4
312 8
cob=(2)
cfi=(51)
cfn=(698)
calls=4 0 
* 756
+1 4
-1 8
+1 4
cob=(2)
cfi=(51)
cfn=(700)
calls=4 0 
* 64
* 12
cob=(2)
cfi=(51)
cfn=(698)
calls=4 0 
* 750
* 4
fi=(197)
79 10
fe=(176)
315 4
+2 4
-2 4
+1 4
+1 8
fi=(197)
79 60
fe=(176)

fn=(752)
540 81
+17 18
-17 27
+18 36
+55 224
cob=(2)
cfi=(51)
cfn=(754) 0x00000000001091a0
calls=28 0 
* 224
+2 28
-2 28
+2 28
-2 28
+2 56
+6 26
-63 52
+2 116
+9 116
273 22
cfn=(784)
calls=5 -4 
* 1893
573 6
+1 18
-4 6
+4 12
-4 12

ob=(2)
fl=(51)
fn=(164) 0x0000000004002050
0 12
cob=(1) /usr/lib/x86_64-linux-gnu/ld-linux-x86-64.so.2
cfi=(52) ./elf/./elf/dl-error-skeleton.c
cfn=(166) _dl_catch_exception
calls=6 175 
0 15120

fn=(592) 0x0000000000109000
0 7

fn=(706)
0 60
cob=(3) /usr/lib/x86_64-linux-gnu/libc.so.6
cfi=(198) ./libio/./libio/getc.c
cfn=(708) getc
calls=30 34 
0 570

fn=(766) 0x000000000495b4d0
0 40
cob=(3)
cfi=(207) ./string/../sysdeps/x86_64/multiarch/strchr-avx2.S
cfn=(768) __strchrnul_avx2
calls=20 51 
0 380

fn=(648)
0 120
cob=(3)
cfi=(184) ./stdio-common/./stdio-common/isoc99_scanf.c
cfn=(650) __isoc99_scanf
calls=60 25 
0 60186

fn=(726)
0 62
cob=(3)
cfi=(201) ./string/../sysdeps/x86_64/multiarch/strcmp-avx2.S
cfn=(728) __strcmp_avx2
calls=31 83 
0 675

fn=(856) 0x000000000485a1e0
0 2
cob=(3)
cfi=(215) ./stdlib/./stdlib/cxa_finalize.c
cfn=(810) __cxa_finalize
calls=1 30 
0 72

fn=(602) 0x000000000495b6d0
0 2
cob=(1)
cfi=(49) ./elf/./elf/dl-audit.c
cfn=(606) _dl_audit_preinit
calls=1 117 
0 5
cob=(1)
cfi=(159) ./elf/../sysdeps/x86_64/dl-trampoline.h
cfn=(522) _dl_runtime_resolve_xsave
calls=1 67 
0 868
0 5

fn=(618)
0 4
cob=(3)
cfi=(177) ./malloc/./malloc/malloc.c
cfn=(620) calloc
calls=2 3624 
0 136751

fn=(544) 0x000000000483f000
0 6
cob=(5) /usr/libexec/valgrind/vgpreload_core-amd64-linux.so
cfi=(163) ???
cfn=(548) 0x0000000000001170
calls=1 0 
0 12
0 1
cob=(5)
cfi=(163)
cfn=(556) 0x00000000000012f0
calls=1 0 
0 5
0 2

fn=(672) 0x000000000495b380
0 4
cob=(3)
cfi=(177)
cfn=(674) malloc
calls=2 3287 
0 370

fn=(754)
0 56
cob=(4) /usr/lib/x86_64-linux-gnu/libm.so.6
cfi=(204) ./math/../sysdeps/x86_64/fpu/s_fmin.S
cfn=(756) fmin
calls=28 23 
0 168

fn=(824) 0x000000000010b280
0 4

fn=(698)
0 160
cob=(3)
cfi=(177)
cfn=(674)
calls=80 3287 
0 11112

fn=(772)
0 68
cob=(3)
cfi=(177)
cfn=(774) free
calls=34 3352 
0 3026

fn=(836) 0x000000000483f040
0 2
cob=(3)
cfi=(215)
cfn=(810)
calls=1 30 
0 72

ob=(6)
fl=(176)
fn=(752)
571 10
+1 12
273 12
+1 1
cob=(2)
cfi=(51)
cfn=(772)
calls=1 0 
* 91
+1 2
579 15
+28 18
-43 1
+1 9
698 8
565 64
698 68
-67 6
-5 6
+6 6
-6 6
+7 18
+1 18
+8 12
-8 48
+8 42
+1 52
+2 26
-2 104
+2 5
-1 5
273 5
645 5
273 13
cfn=(784)
calls=4 -4 
* 1512
647 5
-1 5
+1 10
+16 8
+29 1
-59 2
+1 48
274 1
cob=(2)
cfi=(51)
cfn=(772)
calls=1 0 
* 91
+1 2
692 21
-6 21
+1 21
-1 21
+1 21
-54 42
+62 12
+2 6
-2 6
+2 6

fl=(169) ???
fn=(818) 0x00000000000015d0
0 5

fn=(802) 0x0000000000001640
0 9
cob=(2)
cfi=(51)
cfn=(808) 0x0000000000109110
calls=1 0 
0 74

ob=(2)
fl=(51)
fn=(160) 0x0000000004002080
0 2
cob=(1)
cfi=(52)
cfn=(162) _dl_catch_error
calls=1 225 
0 2782

fn=(644) 0x000000000495b670
0 4
cob=(3)
cfi=(183) ./string/../sysdeps/x86_64/multiarch/memset-vec-unaligned-erms.S
cfn=(646) __memset_avx2_unaligned_erms
calls=2 181 
0 134530

fn=(828) 0x000000000483f334
0 3
cob=(5)
cfi=(163)
cfn=(830) 0x00000000000010e0
calls=1 0 
0 105
0 2

fn=(700)
0 20
cob=(3)
cfi=(196) ./string/../sysdeps/x86_64/multiarch/strlen-avx2.S
cfn=(702) __strlen_avx2
calls=10 50 
0 140

fn=(730) 0x000000000495b3e0
0 90
cob=(3)
cfi=(202) ./string/../sysdeps/x86_64/multiarch/memmove-vec-unaligned-erms.S
cfn=(732) __mempcpy_avx_unaligned_erms
calls=45 294 
0 754

fn=(760)
0 10
cob=(3)
cfi=(205) ./debug/./debug/printf_chk.c
cfn=(762) __printf_chk
calls=5 25 
0 6371

fn=(780)
0 36
cob=(4)
cfi=(209) ./math/../sysdeps/ieee754/dbl-64/e_log2.c
cfn=(782) log2@@GLIBC_2.29
calls=18 44 
0 1332

fn=(516) 0x000000000495b650
0 38
cob=(1)
cfi=(10) ./elf/./elf/dl-tunables.c
cfn=(24) __tunable_get_val
calls=19 405 
0 391
cob=(1)
cfi=(159)
cfn=(522)
calls=1 67 
0 857
0 5

fn=(566) 0x000000000495b5f0
0 2
cob=(3)
cfi=(166) ./string/../sysdeps/x86_64/multiarch/strrchr-avx2.S
cfn=(568) __strrchr_avx2
calls=1 46 
0 52

fn=(572) 0x000000000485a000
0 7

fn=(866) 0x00000000048d58c8
0 4

fn=(710)
0 32
cob=(3)
cfi=(199) ./libio/./libio/ioputs.c
cfn=(712) puts
calls=16 33 
0 2871

fn=(714) 0x000000000495b490
0 42
cob=(3)
cfi=(196)
cfn=(702)
calls=21 50 
0 294

fn=(808)
0 2
cob=(3)
cfi=(215)
cfn=(810)
calls=1 30 
0 72

ob=(6)
fl=(169)
fn=(802)
0 1
cfn=(818)
calls=1 0 
0 5
0 3

fn=(584) (below main)
0 12
cob=(3)
cfi=(170) ./csu/../csu/libc-start.c
cfn=(586) __libc_start_main@@GLIBC_2.34
calls=1 242 
0 531405

fn=(596) 0x0000000000001680
0 12

ob=(1)
fl=(1) ???
fn=(0) 0x0000000000020290
0 2
cfi=(2) ./elf/./elf/rtld.c
cfn=(2) _dl_start
calls=1 527 
0 164211
0 14
cfi=(162) ./elf/./elf/dl-init.c
cfn=(540) _dl_init
calls=1 77 
0 466
0 3
cob=(6)
cfi=(169)
cfn=(584)
calls=1 0 
0 531417

fl=(77) ./elf/../sysdeps/x86/dl-cet.c
fn=(270) _dl_cet_check
252 8
42 1
+9 1
-10 1
+4 1
-4 1
+3 1
+4 2
+1 2
-1 2
+14 2
254 8

fl=(79) ./elf/./elf/dl-lookup.c
fn=(280) _dl_lookup_symbol_x
840 1150
+10 115
-10 230
+10 115
-10 115
+10 115
204 115
840 115
204 575
581 460
-1 230
+2 115
-1 115
+1 345
-1 345
+1 1429
-1 1429
+1 4287
-1 4287
+2 115
846 115
-4 115
+1 115
+7 115
-8 115
+1 115
+7 424
+3 115
+2 230
-2 115
+6 230
-7 690
+7 50
+1 1610
cfn=(282) do_lookup_x
calls=115 363 
* 45561
* 345
+28 115
-23 115
+23 115
-23 230
+24 614
+7 105
-7 105
+40 420
+79 210
-65 315
+3 315
-62 115
+69 1035
-86 60
+18 30
+59 2

fn=(284) check_match
70 108
+3 108
-3 1296
+3 426
+13 105
-13 105
+13 105
-13 105
+13 315
+3 370
cfi=(32) ./string/../sysdeps/x86_64/strcmp.S
cfn=(90) strcmp
calls=40 +19 
* 1933
* 80
+4 105
+1 210
+2 206
+19 206
+1 824
-38 105
+84 630
-18 4
+2 4
+1 2
-1 4
+1 6
-1 4
+16 18
-45 309
cfi=(32)
cfn=(90)
calls=103 -9 
* 2754
* 206
-44 12
+82 6

fn=(282)
363 920
+1 115
-1 575
+48 115
-30 230
-11 115
+41 115
-30 345
+30 115
fi=(80) ./elf/../sysdeps/generic/dl-protected.h
44 345
fe=(79)
381 115
fi=(80)
44 460
fe=(79)
395 1416
+4 472
+4 472
-3 472
+3 1888
+1 1416
+3 472
+1 944
+7 472
-3 944
-2 472
+5 1888
+3 3304
570 1104
374 946
+3 946
+4 954
+4 944
+4 944
+88 210
fi=(4) ./elf/../sysdeps/generic/ldsodefs.h
137 210
+1 315
fe=(79)
528 210
fi=(80)
29 210
fe=(79)
535 804
+16 210
+1 105
+1 210
422 480
-1 240
+2 240
+2 1392
+13 456
-10 1285
+3 108
-1 216
+1 108
-1 108
+2 216
-1 1296
cfn=(284)
calls=108 70 
* 10671
+4 324
+3 6
573 10
+1 920
-35 27
-70 22
171 77
452 840

fl=(12) ./elf/./elf/dl-sort-maps.c
fn=(248) dfs_traversal.part.0
140 80
+10 10
-2 10
+2 20
+2 28
+3 34
-3 68
+9 20
+15 30
+1 10
+1 60
-17 15

fn=(22) _dl_sort_maps_init
281 2
+1 4
cfi=(10)
cfn=(24)
calls=1 405 
* 20
+2 3
-1 1
+2 2

fn=(246) _dl_sort_maps
290 20
+8 2
-8 2
+8 4
+4 16
-79 4
-37 2
+37 2
-36 8
+1 2
-1 2
+1 2
-1 4
+1 8
-1 8
+1 8
-1 16
+36 30
+8 6
-3 2
+2 2
+1 2
-8 2
+5 2
+3 8
+2 24
+2 10
-90 50
cfn=(248)
calls=10 -5 
* 385
+93 20
+18 4
+13 2
+33 2
-26 8
cfi=(29) ./string/../sysdeps/x86_64/multiarch/memmove-vec-unaligned-erms.S
cfn=(80) memcpy
calls=2 -64 
* 38
* 2

fl=(22) ./string/../sysdeps/x86_64/multiarch/strlen-vec.S
fn=(60) strlen
41 21
+44 21
+1 21
+1 21
+1 21
+1 21
+1 21
+1 21
+2 21
+2 21
+31 20
+1 20
+1 20
+1 20
+1 20
+1 12
+2 12
+4 8
+1 8
+1 8
+1 8
+1 8
+1 8
+1 8
+1 8
+1 8
+1 8
+1 8
+1 8
+5 64
+4 1
+1 14
+1 8

fl=(23) ./elf/../misc/sbrk.c
fn=(62) sbrk
37 5
+3 1
+18 2
+4 2
+16 5

fl=(27) ./elf/./elf/dl-minimal-malloc.c
fn=(144) __minimal_free
95 4
+2 16

fn=(76) __minimal_malloc
35 145
+1 29
+11 29
-11 58
+11 58
+3 29
-3 29
+3 166
+18 29
+1 29
+2 116
-16 8
+1 4
+2 2
+1 14
cfi=(60) ./misc/../sysdeps/unix/sysv/linux/mmap64.c
cfn=(194) mmap
calls=2 -12 
* 18
* 2
+2 4
+2 4
+2 2
+4 2
-4 4
-23 1
-1 1
+1 1
+1 2
-2 2

fn=(72) __minimal_calloc
78 10
+4 10
-4 40
+7 10
+1 30
fi=(28) ./elf/../include/rtld-malloc.h
-30 10
cfi=(27)
cfn=(76)
calls=10 -21 
* 285
fe=(27)

fl=(162)
fn=(540)
77 12
+1 1
+1 1
+3 3
+8 2
+25 1
+1 5
+1 2
-86 4
+86 8
-86 16
+2 26
cfn=(542) call_init.part.0
calls=4 -7 
* 289
+83 15
+7 8
-92 4
+2 6
cfn=(542)
calls=1 -7 
* 61
+52 2

fn=(542)
26 40
+13 5
-13 5
+16 5
-3 10
+3 10
+5 8
+8 12
+1 12
cob=(2)
cfi=(51)
cfn=(572)
calls=1 -56 
* 7
cob=(2)
cfi=(51)
cfn=(544)
calls=1 -56 
* 26
+3 4
+1 8
+6 4
+2 4
-2 2
+3 13
+1 4
cob=(3)
cfi=(167) ./libio/./libio/vtables.c
cfn=(570) check_stdfiles_vtables
calls=1 +13 
* 12
* 8
cob=(4)
cfi=(168) ???
cfn=(576) 0x000000000000e460
calls=1 -70 
* 12
cob=(3)
cfi=(164) ./csu/./csu/init-first.c
cfn=(562) _init_first
calls=1 -24 
* 98
-1 9
+3 30
-29 2

fl=(43) ./string/../sysdeps/x86_64/memcmp.S
fn=(124) bcmp
22 1
+5 1
+1 1
+1 1
+1 1
+1 1
+1 1
+1 1
+1 1
+3 1
+1 1
+1 1
+1 1
+1 1
+1 1
+1 1
+1 1
+1 1
+2 1
+1 1
+17 1
+1 1
+17 1
+1 1
+1 1
+1 1
+1 1
+4 1
+47 1
+1 1
+1 1
+1 1
+1 1
+1 1
+1 1
+1 1
+1 1
+1 1
+1 1
+1 1
+1 1

fl=(53) ./setjmp/../sysdeps/x86_64/setjmp.S
fn=(168) __sigsetjmp
30 6
+2 6
+9 6
+1 12
+1 6
+4 6
+1 6
+1 6
+1 6
+1 6
+2 12
+2 6
+1 6
+1 6
+2 12
+2 6
+8 6
+3 6
+1 6
+7 6
+1 6

fl=(15) ./elf/../sysdeps/x86/dl-get-cpu-features.c
fn=(32) _dl_x86_init_cpu_features
37 1
+2 3
+2 1
cfi=(16) ./elf/../sysdeps/x86/cpu-features.c
cfn=(34) init_cpu_features.constprop.0
calls=1 399 
* 7219

fn=(502) __x86_cpu_features
71 1
-32 3
+32 2

fl=(45) ./string/./string/strdup.c
fn=(140) strdup
40 20
+1 4
cfi=(22)
cfn=(60)
calls=4 * 
* 122
* 4
fi=(221) ./string/../include/rtld-malloc.h
+15 8
cfi=(27)
cfn=(76)
calls=4 -21 
* 100
fe=(45)
-12 8
+4 4
-1 12
+1 8
-1 4
cfi=(29)
cfn=(80)
calls=4 212 
* 52

fl=(26) ./elf/./elf/dl-object.c
fn=(82) _dl_add_to_namespace_list
31 8
+2 4
-2 8
+2 4
-2 8
+2 4
cfi=(24) ./elf/../sysdeps/nptl/dl-tls_init_tp.c
cfn=(84) rtld_mutex_dummy
calls=4 +9 
* 12
+2 31
+3 36
+2 3
+2 3
+4 3
+4 3
-4 6
+1 3
+4 3
-4 3
+1 3
+3 3
-3 3
+3 3
-1 3
cfi=(24)
cfn=(84)
calls=3 -8 
* 9
-4 1
+4 1
-4 2
+1 1
+4 1
-4 1
+1 1
+3 1
-3 1
+3 1
-1 1
cfi=(24)
cfn=(84)
calls=1 -8 
* 3
-5 2

fn=(70) _dl_new_object
59 56
+3 8
+18 3
+3 3
-3 3
+3 3
cfi=(22)
cfn=(60)
calls=3 -42 
* 69
+4 6
-4 6
+9 6
fi=(28)
-48 9
cfi=(27)
cfn=(72)
calls=3 +34 
* 136
fe=(26)
+48 1
fi=(28)
-48 3
cfi=(27)
cfn=(72)
calls=1 +34 
* 43
* 4
fe=(26)
+51 8
+5 4
-2 4
+6 4
-4 4
+4 4
-5 4
+4 4
+1 4
-1 4
+1 8
cfi=(29)
cfn=(80)
calls=4 212 
* 55
* 8
+2 4
+13 8
+6 1
+2 7
+3 2
-3 21
+3 6
+9 4
-7 4
+4 4
+3 17
+2 1
-2 3
+2 15
-2 45
+16 8
-5 4
+5 4
-6 4
+6 4
-6 4
+6 8
+2 6
+3 6
-3 6
+7 12
+4 6
+8 2
+3 2
+10 3
-10 6
+10 9
+2 3
+21 3
-21 3
cfi=(22)
cfn=(60)
calls=3 41 
* 105
* 9
+17 3
-13 9
+50 9
cfi=(29)
cfn=(128) mempcpy
calls=3 -46 
* 47
* 3
+5 6
+1 6
-1 100
+1 100
+2 6
+3 3
+3 3
+4 36
131 11
-12 6
+34 1
+7 4
+8 12
fi=(28)
56 6
cfi=(27)
cfn=(76)
calls=3 -21 
* 75
* 3
fe=(26)
200 12
64 2
+2 3
+1 2
+10 5
-6 2

fl=(10)
fn=(24)
405 34
+3 238
+9 34
-9 130
+9 10
+17 170
+2 34
-9 24
+1 24

fn=(18) __GI___tunables_init
282 9
-9 7
71 119
+6 38
-3 38
+3 3336
-3 38
-3 76
357 8
81 76
+5 114
fi=(11) ./elf/./elf/dl-tunables.h
+54 38
fe=(10)
-54 38
fi=(11)
+54 38
+1 98
-1 77
+1 22
-1 38
+1 76
fe=(10)
323 152
-18 5320
+6 8360
fi=(11)
140 342
+1 684
-1 11
+1 44
-1 55
fe=(10)

fn=(54) __GI___tunable_set_val
157 15
-55 5
+55 5
-55 5
+55 5
-55 35
+9 5
+1 5
fi=(222) ./elf/./dl-tunable-types.h
-22 10
fe=(10)
+22 20
+1 40
fi=(11)
+8 10
+1 5
fe=(10)
-6 15
fi=(11)
+15 5
fe=(10)
-12 10
+4 10
+7 10
+1 10
+3 30
+1 5
+1 5
+1 5
+24 5
fi=(11)
-30 15
fe=(10)

fl=(60)
fn=(194)
47 32
+3 32
+8 64
+2 16

fl=(2)
fn=(258) init_tls
756 3
+2 1
+4 1
-4 1
+4 2
+11 1
fi=(28)
44 1
fe=(2)
768 1
+4 1
fi=(28)
44 1
cfi=(27)
cfn=(72)
calls=1 +34 
* 36
fe=(2)
783 1
-12 1
+6 1
-9 1
+11 1
+4 1
+2 3
-1 2
+3 10
+4 1
+2 1
-2 2
-5 1
-1 2
+10 3
+3 2
cfi=(47) ./elf/../elf/dl-tls.c
cfn=(260) _dl_tls_static_surplus_init
calls=1 97 
* 79
+3 1
cfi=(47)
cfn=(262) _dl_determine_tlsoffset
calls=1 221 
* 76
+7 1
cfi=(47)
cfn=(264) _dl_allocate_tls_storage
calls=1 422 
* 442
* 1
+1 2
+6 1
+3 2
-3 1
+3 6
+3 1
cfi=(24)
cfn=(266) __tls_init_tp
calls=1 68 
* 75
+1 1
+3 5
-39 4
-1 9

fn=(156) handle_preload_list
894 10
+5 1
-5 2
+5 2
+6 1
-64 1
+54 3
+7 3
cfi=(50) ./string/../sysdeps/x86_64/strcspn.S
cfn=(158) strcspn
calls=1 25 
* 233
* 1
+1 3
+9 1
191 1
914 2
191 2
916 2
-80 1
+5 5
-10 1
+8 1
-4 1
+1 1
+1 1
+4 1
cob=(2)
cfi=(51)
cfn=(160)
calls=1 0 
* 2784
+1 3
+8 3
+67 1
-18 2
+21 9
-15 4
cfi=(29)
cfn=(80)
calls=1 212 
* 19
+1 2

fn=(170) map_doit
663 2
+2 1
-2 1
+2 1
+1 2
-1 2
+1 3
cfi=(31) ./elf/./elf/dl-load.c
cfn=(172) _dl_map_object
calls=1 2022 
* 2683
* 1
+2 2

fn=(64) dl_main
1320 2
205 1
311 1
1320 2
2818 1
1320 3
2829 1
1320 2
2698 1
1320 2
311 1
1320 3
207 1
310 1
205 1
+99 3
1332 1
cfi=(24)
cfn=(66) __tls_pre_init_tp
calls=1 53 
* 17
2677 3
+6 5
-4 1
+4 1
+2 3
cfi=(25) ./elf/./elf/dl-environ.c
cfn=(68) _dl_next_ld_env_entry
calls=1 28 
* 41
* 4
cfi=(25)
cfn=(68)
calls=2 28 
* 222
* 9
+4 6
-2 2
+2 6
+1 2
-1 6
+1 17
-1 89
+9 12
2845 4
+32 2
1348 1
+1 2
-1 2
+1 2
2774 3
+1 3
-56 2
+7 2
1627 9
cfi=(26)
cfn=(70)
calls=1 59 
* 230
* 1
+2 2
+1 1
+6 2
-6 1
+1 2
+1 3
+4 1
cfi=(26)
cfn=(82)
calls=1 31 
* 36
+1 2
1140 1
1326 1
1169 1
-29 1
+11 1
+18 2
-21 1
+21 1
-19 1
-4 1
+23 1
-21 1
+21 2
+57 1
-83 1
+23 1
+4 1
+19 1
+22 1
+15 5
-56 116
1275 4
+2 1
1169 18
fi=(30) ./elf/../sysdeps/x86/dl-prop.h
105 2
fe=(2)
1282 22
+6 4
cfi=(31)
cfn=(88) _dl_process_pt_gnu_property
calls=1 868 
* 20
-7 26
+1 13
+6 13
-6 26
fi=(30)
212 4
+1 2
95 8
+10 2
212 1
105 1
-2 1
-3 1
+2 1
+3 1
-4 2
+92 4
-1 1
-87 3
+3 3
+1 2
+1 2
+4 3
+4 3
+3 3
+1 2
+4 1
+1 4
+58 3
+2 4
-56 4
+1 2
+3 4
+3 2
+1 8
+5 4
+2 4
+5 4
+14 2
-1 4
+2 2
fe=(2)
1174 1
-5 1
+5 2
-5 2
+30 1
-9 1
+27 1
-27 1
+2 1
-3 1
+10 2
-20 2
-10 1
+10 1
+1 9
-11 2
+57 4
-1 4
+1 8
-1 4
+2 8
+1 1
+2 12
+1 14
+4 8
+1 8
+1 4
+1 10
+1 1
+4 1
-74 1
+74 2
-74 2
+74 3
-74 3
+74 6
-74 6
fi=(30)
165 2
fe=(2)
1271 1
1169 1
1271 1
1169 2
1294 1
+3 2
+2 1
-5 2
+3 2
+2 2
+2 2
1662 3
+2 1
-1 1
+1 2
+1 2
-2 1
+2 1
-2 2
cfi=(32)
cfn=(90)
calls=1 108 
* 34
* 2
+7 1
+3 1
-5 1
+3 1
+2 1
+1 2
+4 2
+2 2
fi=(3) ./elf/./get-dynamic-info.h
39 3
+6 1
-2 1
+2 2
+9 1
+5 1
+3 1
+2 1
-3 1
-3 1
-3 17
+13 5
-23 20
+23 22
-23 88
+4 54
+5 24
+2 5
+16 3
+25 3
+5 2
+7 2
+1 3
+22 3
+5 2
+2 2
+2 2
+2 2
+1 1
+3 3
+2 3
+1 2
+9 2
+6 2
+1 2
+3 2
fe=(2)
1688 3
+7 2
cfi=(8) ./elf/./elf/dl-setup_hash.c
cfn=(14) _dl_setup_hash
calls=1 25 
* 29
+3 2
fi=(33) ./elf/./setup-vdso.h
24 2
fi=(35) ./elf/../sysdeps/unix/sysv/linux/dl-vdso-setup.h
+21 1
fe=(2)
1723 1
cfi=(13) ./elf/../sysdeps/unix/sysv/linux/dl-sysdep.c
cfn=(100) _dl_discover_osversion
calls=1 46 
* 109
* 8
fi=(37) ./elf/./dl-main.h
109 5
cfi=(31)
cfn=(106) _dl_init_paths
calls=1 706 
* 2926
fe=(2)
1731 3
cfi=(46) ./elf/./elf/dl-debug.c
cfn=(146) _dl_debug_initialize
calls=1 56 
* 30
+7 1
-7 1
+2 1
+5 1
+4 1
+3 1
-3 3
+1 2
+3 1
+5 1
-7 1
+7 1
+1 3
+12 2
+1 2
+5 1
-3 2
+2 1
+1 2
+5 3
+1 5
-1 2
233 1
-1 1
+1 3
+1 2
-2 1
+2 2
1793 2
+5 1
-1 1
+1 1
+24 1
cfi=(47)
cfn=(148) _dl_count_modids
calls=1 197 
* 6
* 1
fi=(48) ./elf/../sysdeps/generic/dl-debug.h
29 3
+1 2
fe=(2)
1828 2
+1 1
cfi=(46)
cfn=(152) _dl_debug_state
calls=1 116 
* 2
+1 1
+4 3
cfi=(49)
cfn=(154) _dl_audit_activity_map
calls=1 28 
* 16
+5 3
+2 1
+2 2
+9 2
+16 4
cfi=(65) ./io/../sysdeps/unix/sysv/linux/access.c
cfn=(208) access
calls=1 25 
* 9
* 2
+76 4
+16 3
85 1
1970 1
85 2
1970 2
85 1
1970 5
cfi=(66) ./elf/./elf/dl-deps.c
cfn=(210) _dl_map_object_deps
calls=1 159 
* 14615
92 1
1976 1
92 2
+9 2
1976 2
+1 5
-1 4
+1 8
-1 16
+4 4
+1 3
+1 1
+2 2
+1 4
-1 13
+1 12
+12 3
+1 2
+2 1
+2 3
+2 1
-4 1
+5 1
-1 2
+14 2
+1 2
+1 3
+11 2
+2 1
-2 1
+2 2
-2 1
+1 2
+1 1
-1 2
+1 1
cfi=(52)
cfn=(250) _dl_receive_error
calls=1 238 
* 7278
+10 2
+1 2
+3 2
862 1
fi=(223) ./elf/../sysdeps/unix/sysv/linux/dl-osinfo.h
64 2
fe=(2)
864 1
+6 1
+3 1
+7 1
-5 1
2052 3
2282 3
1778 2
+6 1
-6 2
+6 1
+2 3
fi=(30)
198 4
+2 1
+1 1
+2 1
-3 3
+3 1
fi=(3)
59 4
+3 4
+2 4
fi=(34) ./elf/../sysdeps/unix/sysv/linux/dl-vdso.h
-24 1
+1 2
fe=(2)
2331 1
1325 1
2342 1
-4 2
+10 1
-6 1
+6 1
+3 2
+8 1
fi=(30)
36 1
fe=(2)
2359 1
fi=(30)
37 3
+3 1
+13 7
-13 4
+9 8
-9 1
+9 25
+4 20
-16 15
+34 3
cfi=(77)
cfn=(270)
calls=1 252 
* 30
fe=(2)
2361 2
+54 3
+3 1
85 4
2422 1
+1 22
+2 10
+5 10
+2 10
+6 5
+2 15
+1 32
cfi=(78) ./elf/./elf/dl-reloc.c
cfn=(272) _dl_relocate_object
calls=4 194 
* 93455
+4 12
+1 2
-23 1
+23 1
cfi=(47)
cfn=(412) _dl_add_to_slotinfo
calls=1 1015 
* 28
-23 6
92 3
+1 1
2454 1
93 1
2454 1
+5 4
+2 1
+7 3
cfi=(47)
cfn=(480) _dl_allocate_tls_init
calls=1 528 
* 146
+3 2
fi=(3)
72 2
+10 3
+1 4
+1 4
+1 4
+2 4
+5 4
+1 4
+1 5
fi=(35)
-64 3
+3 1
+3 1
+3 1
fi=(34)
+16 2
fe=(2)
2434 1
+1 1
-3 2
+49 3
+2 4
+10 1
cfi=(147) ./elf/./elf/dl-find_object.c
cfn=(482) _dl_find_object_init
calls=1 561 
* 713
+5 2
cfi=(7) ./elf/./elf/dl-minimal.c
cfn=(490) __rtld_malloc_init_real
calls=1 76 
* 2548
+3 1
cfi=(151) ./elf/../sysdeps/nptl/dl-mutex.c
cfn=(498) __rtld_mutex_init
calls=1 30 
* 415
85 1
2507 1
+1 3
85 3
2508 2
cfi=(78)
cfn=(272)
calls=1 194 
* 5070
92 3
+9 2
2516 3
cfi=(153) ./elf/./elf/dl-call-libc-early-init.c
cfn=(504) _dl_call_libc_early_init
calls=1 27 
* 1353
+7 1
cfi=(9) ./elf/../elf/dl-sysdep.c
cfn=(530) _dl_sysdep_start_cleanup
calls=1 262 
* 2
+4 3
cfi=(49)
cfn=(532) _dl_audit_activity_nsid
calls=1 40 
* 21
+5 2
cfi=(46)
cfn=(186) _dl_debug_update
calls=1 38 
* 7
+1 1
-1 1
+2 1
cfi=(46)
cfn=(152)
calls=1 116 
* 2
+1 1
+4 1
cfi=(68) ./elf/./elf/dl-cache.c
cfn=(534) _dl_unload_cache
calls=1 537 
* 18
+5 8
1741 4
1995 2
+50 2
cfn=(258)
calls=1 756 
* 789
* 2
2726 4
+2 2
+1 1
+46 2
+2 1
+1 1
-1 1
+1 1
+1 1
85 1
1847 1
85 2
1847 1
85 1
1847 2
cfn=(156)
calls=1 894 
* 3107
* 1
92 3
+9 3
1948 16
+1 1
-1 1
+4 3
+1 1
+1 2
+1 2
-7 2
fi=(30)
170 3
-39 2
fe=(2)

fn=(2)
527 10
85 1
fi=(6) ./elf/../sysdeps/x86_64/dl-machine.h
-40 1
fe=(2)
557 1
-4 1
85 2
556 1
85 1
fi=(3)
-40 1
fe=(2)
556 1
fi=(3)
45 2
+9 1
+5 1
+3 1
+2 1
+4 1
-7 1
-3 1
-3 14
+13 4
-23 16
+23 14
-23 56
+4 36
+5 20
+2 5
+3 4
fi=(4)
+21 1
fi=(3)
-8 3
+10 4
+1 4
+1 4
+1 4
+2 4
+5 4
+1 4
+1 4
+3 3
+5 2
+7 3
+1 3
+8 2
+1 2
+5 3
+3 3
fe=(2)
573 1
fi=(6)
71 1
fe=(2)
573 42
fi=(6)
414 1
fi=(5) ./elf/./elf/do-rel.h
86 1
fe=(2)
573 2
fi=(5)
49 1
+37 1
-37 1
+37 1
+2 1
-2 1
+2 1
-2 1
+27 2
-27 1
fe=(2)
573 2
fi=(5)
49 1
+37 1
-37 1
+37 1
+2 1
-2 1
+2 1
-2 1
+27 3
+1 2
fi=(6)
534 2
fi=(5)
114 282
fi=(6)
534 282
+1 142
fi=(5)
113 142
fi=(6)
535 284
fi=(5)
113 284
+5 4
+8 7
fi=(6)
326 12
fi=(5)
126 21
+2 7
+2 7
-2 7
fi=(6)
287 7
fi=(5)
130 7
-2 7
+1 14
fi=(6)
287 14
+9 70
+3 14
+27 33
fe=(2)
573 6
fi=(5)
50 1
fi=(4)
+30 2
fi=(6)
326 2
+20 12
+1 6
fe=(2)
575 1
+13 1
cfi=(7)
cfn=(12) __rtld_malloc_init_stubs
calls=1 42 
* 10
+4 2
85 1
488 2
85 3
488 1
cfi=(8)
cfn=(14)
calls=1 25 
* 29
+2 2
-1 1
+1 2
+17 1
-15 1
-2 1
+17 1
-15 1
+9 1
-11 1
+17 1
cfi=(9)
cfn=(16) _dl_sysdep_start
calls=1 85 
* 162118
* 1
+2 2
+98 9
fi=(3)
62 4
+2 4
fe=(2)
573 3

fn=(252) version_check_doit
696 3
+2 4
cfi=(75) ./elf/./elf/dl-version.c
cfn=(254) _dl_check_all_versions
calls=1 361 
* 7250
* 2
+4 2

fl=(25)
fn=(68)
28 3
+1 3
+3 46
+13 36
-13 72
+2 76
+1 18
+5 2
-3 2
+3 2
+2 2
+7 1

fl=(64) ./io/../sysdeps/unix/sysv/linux/close_nocancel.c
fn=(204) __GI___close_nocancel
25 4
+1 16
+1 4

fl=(19) ./elf/../sysdeps/x86/dl-cacheinfo.h
fn=(52) get_common_cache_info.constprop.0
481 1
+17 1
-17 4
+16 1
-16 1
+15 1
-15 3
+18 1
-1 1
+9 2
+3 3
+11 1
-11 1
-5 1
+21 3
+4 2
681 4
+1 5
+4 2
+9 2
-2 1
+2 2
-1 1
+1 3
535 6
+3 8
+7 2
-7 9
+7 6
+3 26
+14 2
+4 1
+3 1
+1 1
-4 2
+3 3
+6 2
-37 6
+15 2
+4 1
+1 1
-1 2
+18 2
-68 6
+74 4
+8 7
+2 2
+4 3
+2 1
+2 5
-4 1
+16 1
-16 3
+21 2
-21 4
+3 1
+1 4
-4 1
+6 4
+3 2
+5 1
+2 2
+1 1
+1 1
-2 2
+1 1
-19 5
+46 2
+1 1
+1 2
+2 2
-1 3
-23 2
+7 1
+2 2
-16 1
+22 1
-6 2
+1 1
+5 1

fn=(46) handle_intel.constprop.0
255 24
-5 24
+16 12
-16 72
+13 12
+1 36
-3 24
+11 60
+5 24
+2 12
+1 12
-1 12
+5 48
cfn=(48) intel_check_word.constprop.0
calls=12 123 
* 3876
+2 24
+3 60
cfn=(48)
calls=12 123 
* 1156
+2 24
+3 5
cfn=(48)
calls=1 123 
* 20
+2 2
+3 5
cfn=(48)
calls=1 123 
* 255
+2 2
-35 3
+39 3
+5 96

fn=(48)
123 78
-4 78
+10 104
-10 26
+10 52
+2 52
+71 200
-71 102
+2 63
+2 126
+8 126
+51 102
+22 51
fi=(20) ./elf/../bits/stdlib-bsearch.h
28 51
-1 102
+4 102
+1 51
fe=(19)
+78 102
fi=(20)
-79 76
+1 38
fe=(19)
+78 76
+3 345
fi=(20)
-84 820
+2 512
+1 256
fe=(19)
+78 512
+15 15
246 104
fi=(20)
37 63
-8 151
fe=(19)
155 36
+3 36
-6 54
+3 14
+9 14
+23 19
-32 57
+3 57
+4 50
+2 100
+2 50
+2 36
+4 11
+2 22
+6 14
+3 8
+1 12
-8 4
+2 4
-1 4
-1 4
+2 8
-2 4
+3 12
-2 12
+2 8
-10 24
+1 10
+11 12
-26 4
+9 4
+23 2
-32 6
+3 6
+4 8
+2 16
+2 8
-11 3
+7 6
+2 12

fl=(75)
fn=(254)
361 6
+4 5
-2 2
+4 30
cfn=(256) _dl_check_map_versions
calls=5 155 
* 7165
-2 5
+2 15
-1 5
-1 10
+5 7

fn=(256)
155 40
+15 5
-15 10
+15 10
+2 25
+2 5
+1 5
-1 5
+1 5
+2 10
+3 6
-16 3
-8 3
+28 3
-4 3
+4 6
+16 3
36 6
200 3
36 15
200 2
36 4
200 2
36 10
+1 16
-1 32
+2 63
cfi=(54) ./elf/./elf/dl-misc.c
cfn=(174) _dl_name_match_p
calls=21 +30 
* 2342
* 42
208 15
+5 5
-71 10
+71 15
+8 5
-2 5
-2 10
+4 5
-4 30
+4 9
-2 9
-2 18
+4 9
-4 89
56 56
+8 42
+6 42
+16 14
+1 28
+2 14
+5 126
+14 286
+12 387
+4 129
-30 258
224 56
+3 42
+5 9
-11 9
110 14
+3 56
cfi=(32)
cfn=(90)
calls=14 -5 
* 461
* 61
236 20
+5 4
-44 2
+1 2
+52 6
+3 12
+10 56
-7 224
+3 168
-3 12
+3 9
+8 8
+6 4
fi=(28)
44 4
fe=(75)
273 4
fi=(28)
44 4
cfi=(27)
cfn=(72)
calls=4 +34 
* 144
fe=(75)
272 4
fi=(28)
44 4
fe=(75)
274 8
+13 4
-3 4
+3 16
+2 12
+3 12
+4 15
+7 14
+1 14
-1 42
+1 14
+1 14
-2 14
+2 28
+1 42
+3 42
+5 9
-15 9
+2 9
-2 9
+2 9
-2 9
+2 18
-2 5
+2 5
-2 5
+2 5
-2 5
+2 10
+16 15
+5 2
-28 2
+62 45
-29 12
+3 12
+4 56
+6 56
+1 56
+1 56
-1 168
+1 56
-1 56
+1 56
+1 56
+3 168
+4 56
-14 118
+10 9
164 2
+86 2
-94 2
+94 3

fl=(39) ./elf/../sysdeps/x86_64/dl-hwcaps-subdirs.c
fn=(110) _dl_hwcaps_subdirs_active
29 1
fi=(18) ./elf/../sysdeps/x86/get-isa-level.h
+2 1
fe=(39)
+7 1
fi=(18)
-7 2
-1 2
fe=(39)
+22 1
fi=(18)
-20 3
+4 1
fe=(39)
+2 1
fi=(18)
-2 2
+3 4
+1 4
+5 1
fe=(39)
-7 1
fi=(18)
+7 3
fe=(39)
-2 1
fi=(18)
+5 2
+1 3
+2 4
+1 2
+1 2
+6 1
fe=(39)
-11 1
fi=(18)
+11 1
-3 2
fe=(39)

fl=(59) ./io/../sysdeps/unix/sysv/linux/fstatat64.c
fn=(192) fstatat
153 28
-55 28
+70 33
+1 5
-2 18
+1 18

fl=(50)
fn=(158)
25 1
+2 1
+7 1
+1 1
+2 1
+1 1
+1 1
+1 1
+1 33
+3 3
+7 1
+1 1
+1 1
+1 1
+2 1
+1 1
+1 1
+1 1
+2 1
+1 1
+1 1
+9 3
+12 1
+2 1
+1 1
+1 1
-4 12
+2 12
+1 12
+1 12
+2 13
+1 13
+1 13
+2 13
+1 13
+1 13
+2 13
+1 13
+1 13
+2 1
+1 1
+1 1
+2 1
+7 1
+4 1

fl=(36) ./posix/../sysdeps/unix/syscall-template.S
fn=(102) uname
120 5
+2 1

fl=(46)
fn=(152)
116 2
+1 2

fn=(146)
56 1
+3 2
+4 1
-6 1
+4 1
+2 2
+22 2
+5 2
+1 1
+1 1
-1 1
-1 1
+5 2
+4 2
+8 2
-43 2
+32 6

fn=(186)
38 4
+3 4
-1 8
+4 8
+4 4

fl=(66)
fn=(214) openaux
61 15
+7 5
-4 10
+1 5
-1 40
cfi=(31)
cfn=(172)
calls=5 2022 
* 11978
* 5
+5 10

fn=(210)
159 5
+1 3
-1 1
+1 1
-1 2
+1 1
-1 3
+1 1
-1 4
+1 12
-8 1
-7 1
+15 1
-14 1
+6 1
+8 1
-15 1
+7 1
-8 1
+1 1
+7 1
-7 1
+31 3
-28 3
-2 1
+31 1
-33 2
+2 2
+30 2
-30 1
-1 4
+7 4
+24 2
-32 1
+60 1
-60 2
+36 1
fi=(74) ./elf/../include/scratch_buffer.h
77 3
fe=(66)
198 1
fi=(74)
78 1
fe=(66)
200 2
+98 1
198 1
+4 1
+7 1
+4 4
-4 4
+4 16
+11 14
-18 2
+18 4
433 15
+2 3
+3 3
-3 6
+3 3
fi=(28)
56 3
cfi=(27)
cfn=(76)
calls=3 -21 
* 75
* 3
fe=(66)
439 6
+6 3
+1 15
cfi=(29)
cfn=(80)
calls=3 212 
* 33
+1 15
cfi=(29)
cfn=(80)
calls=3 212 
* 33
+4 3
-1 3
+5 20
204 12
458 12
-1 5
+1 10
199 3
+27 15
+5 3
+6 3
-5 3
-1 3
+2 6
+4 12
-31 3
+31 3
+1 9
+6 12
cfi=(31)
cfn=(212) _dl_dst_count
calls=3 -6 
* 150
* 8
cfi=(31)
cfn=(212)
calls=2 -6 
* 108
* 15
+4 10
-2 5
+2 10
cob=(2)
cfi=(51)
cfn=(164)
calls=5 0 
* 12373
+1 10
+9 5
+2 10
+5 15
+6 3
+2 3
-8 6
+3 3
+1 3
+1 3
+1 3
+4 15
+4 15
+1 9
-43 320
+1 154
+44 225
-38 10
fi=(74)
85 3
fe=(66)
464 6
+1 1
+3 4
+11 3
fi=(28)
56 1
cfi=(27)
cfn=(76)
calls=1 -21 
* 25
* 1
fe=(66)
481 2
+5 3
+1 1
-1 2
+4 2
-2 1
+2 1
-2 2
+13 4
+5 4
-16 12
-2 4
+6 4
+7 4
-2 8
-5 1
+7 1
-2 2
+2 2
+5 1
-16 6
+19 2
+52 3
+37 3
+15 1
-11 1
+11 1
-14 2
+20 1
-1 3
+1 3
-1 5
cfi=(12)
cfn=(246)
calls=1 290 
* 330
+5 1
+3 1
-1 1
+2 2
+7 3
+3 3
+3 8
214 32
+3 3
fi=(74)
-86 9
cfi=(73) ./malloc/./malloc/scratch_buffer_set_array_size.c
cfn=(240) __libc_scratch_buffer_set_array_size
calls=3 30 
* 60
fe=(66)
+86 6
+4 9
613 2
cfi=(29)
cfn=(80)
calls=1 212 
* 19
* 1
-53 2
160 2
380 8

fl=(8)
fn=(14)
25 5
+3 5
-3 5
+3 10
+3 15
+1 10
+2 5
-1 5
+3 15
+1 5
+4 5
-3 5
+7 5
-4 5
-3 5
+2 10
+5 5
-5 5
-2 5
+7 5
-5 5
+10 5

fl=(32)
fn=(90)
108 260
+33 260
+1 260
+2 260
+1 260
+21 260
+1 260
+1 228
+1 228
+1 171
+1 171
+1 171
+1 171
+21 171
+1 171
+1 171
+1 171
+1 171
+1 171
+1 171
+5 5
+1 15
+9 5
+1 5
+1 5
+1 5
+1 5
+1 5
+1 5
+1 5
-7 89
+1 89
+1 89
+1 89
+1 89
+1 89
+1 89
+1 89
+1 74
+1 42
+1 42
+1 42
+2 42
+1 42
+1 42
+1 42
+1 42
+1 42
-5 32
+1 32
+1 32
+1 32
+1 32
+1 32
+10 20
+1 20
+1 20
+2 20
+6 20
+1 20
+1 20
+1 20
+1 20
+5 20
+2 7
+1 7
+1 14
+8 7
+1 7
+3 7
+1 7
+1 7
+1 7
+1 7
+1 7
943 1
+1 1
+1 1
+1 1
+1 1
+2 1
+1 1
+1 1
+1 1
+1 1
+1 1
+1 1
+1 1
+4 1
+1 1
+1 1
+6 1
+1 1
+1 2
+4 1
+1 1
+3 1
+1 1
+1 1
+3 1
+1 1
+1 1
+6 1
+1 1
+1 1
+1 1
+1 1
+1 1
+72 6
+1 6
+1 6
+1 6
+1 6
+2 6
+1 6
+1 6
+1 6
+1 6
+1 6
+1 6
+1 1
+4 1
+1 1
+1 1
+6 1
+1 1
+1 2
+4 1
+1 1
+3 1
+1 1
+1 1
+3 1
+1 1
+1 1
+6 1
+1 1
+1 1
+1 1
+1 1
+1 1
+7 1
+1 1
+2 1
+1 1
+2 1
+1 1
+1 1
+3 1
+1 1
+1 1
+6 1
+1 1
+1 1
+1 1
+1 1
+1 1
+41 11
+1 11
+1 11
+1 11
+1 11
+2 11
+1 11
+1 11
+1 11
+1 11
+1 11
+1 11
+1 4
+4 4
+1 4
+1 4
+6 4
+1 4
+1 8
+4 4
+1 4
+3 4
+1 4
+1 4
+3 4
+1 4
+1 4
+6 4
+1 4
+1 4
+1 4
+1 4
+1 4
+72 17
+1 17
+1 17
+1 17
+1 17
+2 17
+1 17
+1 17
+1 17
+1 17
+1 17
+1 17
+1 6
+4 6
+1 6
+1 6
+6 6
+1 6
+1 12
+4 6
+1 6
+3 6
+1 6
+1 6
+3 6
+1 6
+1 6
+6 6
+1 6
+1 6
+1 6
+1 6
+1 6
+72 4
+1 4
+1 4
+1 4
+1 4
+2 4
+1 4
+1 4
+1 4
+1 4
+1 4
+1 4
1568 1
+1 1
+1 1
+1 1
+1 1
+2 1
+1 1
+1 1
+1 1
+1 1
+1 1
+1 1
1693 6
+1 6
+1 6
+1 6
+1 6
+2 6
+1 6
+1 6
+1 6
+1 6
+1 6
+1 6
+1 4
+4 4
+1 4
+1 4
+6 4
+1 4
+1 8
+4 4
+1 4
+3 4
+1 4
+1 4
+3 4
+1 4
+1 4
+6 4
+1 4
+1 4
+1 4
+1 4
+1 4
+72 3
+1 3
+1 3
+1 3
+1 3
+2 3
+1 3
+1 3
+1 3
+1 3
+1 3
+1 3
+1 2
+4 2
+1 2
+1 2
+6 2
+1 2
+1 4
+4 2
+1 2
+3 2
+1 2
+1 2
+3 2
+1 2
+1 2
+6 2
+1 2
+1 2
+1 2
+1 2
+1 2
+72 2
+1 2
+1 2
+1 2
+1 2
+2 2
+1 2
+1 2
+1 2
+1 2
+1 2
+1 2
+1 1
+4 1
+1 1
+1 1
+6 1
+1 1
+1 2
+4 1
+1 1
+3 1
+1 1
+1 1
+3 1
+1 1
+1 1
+6 1
+1 1
+1 1
+1 1
+1 1
+1 1
+72 23
+1 23
+1 23
+1 23
+1 23
+2 23
+1 23
+1 23
+1 23
+1 23
+1 23
+1 23
+2 6
+4 6
+1 6
+1 6
+6 6
+1 6
+2 12
+4 6
+1 6
+3 6
+1 6
+1 6
+3 6
+1 6
+1 6
+6 6
+1 6
+1 6
+1 6
+1 6
+1 6
+74 32
+2 32
+1 32
+1 32
+1 32
-3 62
+1 62
+1 62
+1 62
+1 84
+5 42
+6 42
+1 42
+8 42
+1 42
-16 218
+6 218
+1 218
+8 218
+1 218

fl=(44) ./string/../sysdeps/x86_64/multiarch/memset-vec-unaligned-erms.S
fn=(132) memset
125 8
+1 40
+6 8
+1 8
+1 7
+1 7
+2 1
+1 1
+1 1
+65 4
+1 4
+2 4
+76 6
+1 6
+5 6
+3 6
+1 6
+3 2
+1 2
+13 2
+1 2
+2 2
+3 1
+3 2
+3 1
+1 1
+1 1
+1 1
+1 1
+1 1
+1 1
-6 27
+1 27
+1 27
+1 27
+1 27
+1 27
+1 27
+3 2
+1 2
+1 2
+1 2
+5 2
+29 1
+1 1
+1 1
+32 1
+1 1
+1 1

fl=(47)
fn=(480)
528 10
+1 2
+4 1
+6 1
-6 1
+6 1
cfi=(24)
cfn=(84)
calls=1 42 
* 3
+3 3
+12 1
-18 1
-1 1
+43 3
-19 13
+9 3
+1 2
+6 3
+1 1
+2 2
-2 1
+6 1
-4 2
+4 1
-4 2
+3 2
+4 2
+1 4
+2 2
+1 2
+17 1
-8 1
+8 1
+2 3
cfi=(29)
cfn=(128)
calls=1 199 
* 13
* 5
cfi=(44)
cfn=(132)
calls=1 125 
* 25
-49 1
+55 1
-55 4
+6 4
+55 2
cfi=(24)
cfn=(84)
calls=1 42 
* 3
+3 2
+3 9

fn=(262)
221 8
+6 3
+3 2
+36 3
+2 1
-2 1
-2 1
-40 1
-1 1
-1 1
+46 2
+23 3
+3 1
-3 4
+2 2
-2 1
-25 1
+20 1
-20 5
+2 2
+3 1
-1 1
+5 2
-5 1
+1 1
-1 1
+3 2
+2 3
+32 3
-1 1
+1 4
+2 2
-2 2
+53 8

fn=(260)
97 2
+4 1
-4 2
+4 1
-4 2
+4 3
cfi=(10)
cfn=(24)
calls=1 405 
* 21
* 1
+1 4
cfi=(10)
cfn=(24)
calls=1 405 
* 21
* 1
+8 1
-8 1
+6 2
+2 3
+3 1
+2 1
-32 3
+34 3
+1 5

fn=(148)
197 1
+2 2
+1 1
+15 2

fn=(412)
1015 8
+6 1
+3 1
+1 1
+4 3
+34 2
+3 3
+1 3
+3 6

fn=(264)
422 2
+13 1
-13 2
+2 1
+12 1
fi=(28)
56 1
cfi=(27)
cfn=(76)
calls=1 -21 
* 53
fe=(47)
437 3
+8 2
fi=(28)
44 1
fe=(47)
445 2
+1 1
+4 321
+19 1
-99 1
+4 1
+1 1
fi=(28)
44 1
cfi=(27)
cfn=(72)
calls=1 +34 
* 36
fe=(47)
376 2
+3 1
+6 2
+90 5

fn=(238) _dl_assign_tls_modid
131 2
+3 1
+13 1
-13 1
+52 1
+2 1
+3 1
+1 2

fl=(31)
fn=(212)
238 10
+3 5
-3 10
+7 5
-7 10
+3 5
cfi=(42) ./string/../sysdeps/x86_64/multiarch/../strchr.S
cfn=(118) index
calls=5 23 
* 168
+3 10
+20 35

fn=(106)
706 11
+14 1
-14 2
+14 2
cfi=(38) ./elf/./elf/dl-hwcaps.c
cfn=(108) _dl_important_hwcaps
calls=1 175 
* 1847
fi=(28)
56 1
fe=(31)
720 1
fi=(28)
56 1
cfi=(27)
cfn=(76)
calls=1 -21 
* 25
fe=(31)
725 1
+2 2
+7 2
+1 2
-1 3
+5 3
fi=(28)
56 1
cfi=(27)
cfn=(76)
calls=1 -21 
* 25
fe=(31)
739 1
+2 4
+17 1
-10 1
+19 1
-11 1
-9 1
+9 1
+12 2
-10 1
+3 2
+9 1
-7 1
+4 1
+3 2
-3 1
-8 1
+3 1
+8 1
-3 1
+1 16
cfi=(44)
cfn=(132)
calls=4 125 
* 72
+2 18
-14 3
+10 3
+4 3
-12 3
-2 3
+2 3
+4 3
-3 3
+3 3
+1 3
-2 3
+5 6
+1 3
-4 3
+4 3
+15 1
+3 1
-15 1
+7 1
-1 1
+9 2
+2 4
+2 3
+36 5
+2 2
cfi=(22)
cfn=(60)
calls=1 41 
* 17
* 9
-19 1
-2 1
+2 2
+19 9
cfi=(29)
cfn=(80)
calls=1 212 
* 11
* 1
+5 4
-1 2
+2 1
+1 2
-2 4
+1 13
+1 26
-2 52
+5 1
fi=(28)
56 1
cfi=(27)
cfn=(76)
calls=1 -21 
* 25
fe=(31)
836 1
fi=(28)
56 1
fe=(31)
838 2
+6 6
cfn=(134) fillin_rpath.isra.0
calls=1 468 
* 587
+3 3
+6 1
+4 8
-35 2
+5 2

fn=(138) expand_dynamic_string_token
385 14
241 2
385 2
241 2
385 2
241 2
cfi=(42)
cfn=(118)
calls=2 23 
* 72
+3 4
410 2
-11 2
+11 12
-11 2
cfi=(45)
cfn=(140)
calls=2 40 
* 168

fn=(216) open_path
1870 16
+1 2
-1 12
+1 2
+6 4
+5 32
-7 4
+7 2
-8 2
+8 4
+3 4
+9 12
+7 6
+1 2
-1 2
cfi=(29)
cfn=(128)
calls=2 199 
* 26
-12 2
+12 2
+59 10
-58 8
+3 40
+5 88
cfi=(29)
cfn=(128)
calls=11 199 
* 147
* 44
cfi=(29)
cfn=(128)
calls=11 199 
* 143
+3 22
+6 33
+3 66
cfn=(218) open_verify.constprop.0
calls=11 1568 
* 594
* 11
+2 33
+2 20
+65 16
+7 4
-2 4
+2 4
+3 6
-13 2
+27 18
-65 4
+2 2
-50 107
+29 20
+1 70
+6 20
+2 10
-2 10
+2 20
cfi=(67) ./io/../sysdeps/unix/sysv/linux/stat64.c
cfn=(220) stat
calls=10 28 
* 158
* 10
+3 10
-3 20
+1 1
+2 2
-2 1
+2 26
-61 4

fn=(218)
1568 143
+39 39
+19 52
cfi=(55) ./io/../sysdeps/unix/sysv/linux/open64_nocancel.c
cfn=(178) __open_nocancel
calls=13 28 
* 280
* 13
+2 26
+11 2
+6 4
-5 2
+5 16
cfi=(56) ./io/../sysdeps/unix/sysv/linux/read_nocancel.c
cfn=(180) __read_nocancel
calls=2 25 
* 12
+2 4
+2 4
+2 4
+6 4
+17 22
fi=(28)
50 4
cfi=(27)
cfn=(144)
calls=2 +45 
* 10
fe=(31)
1856 117
1674 6
+74 4
+5 4
+2 8
+6 4
+6 2
+1 2
-1 6
+1 2
-1 2
+1 4
+1 2
+20 6
+31 2
-31 2
1633 2
1820 4
-31 84
+1 44
+1 16
+4 16
+6 4
+1 28
+10 12
cfi=(71) ./io/../sysdeps/unix/sysv/linux/pread64_nocancel.c
cfn=(234) __pread64_nocancel
calls=2 25 
* 14
* 16
+8 36
+15 4
+6 2
-3 2
+1 2
+1 2
+1 4
-3 2
+1 2
+1 2
+2 2
-3 6
-1 2
+4 4
-19 36
+3 4
-4 4
+4 8
+5 2
+1 8
-60 13
+1 3
-1 1
+1 3
cfi=(71)
cfn=(234)
calls=1 25 
* 7
* 3
+16 5
+7 6
1612 22
+62 6
1802 4
-30 2

fn=(134)
468 7
+4 1
-4 8
+6 3
cfi=(7)
cfn=(136) strsep
calls=1 239 
* 240
* 3
cfi=(7)
cfn=(136)
calls=1 239 
* 8
* 6
+7 2
+2 3
cfn=(138)
calls=1 -98 
* 118
* 1
+4 2
+5 2
cfi=(22)
cfn=(60)
calls=1 41 
* 17
* 1
+1 2
+7 5
+9 15
+1 8
+55 2
fi=(28)
50 2
cfi=(27)
cfn=(144)
calls=1 +45 
* 5
+1 1
fe=(31)
528 2
+4 3
fi=(28)
56 1
cfi=(27)
cfn=(76)
calls=1 -21 
* 25
* 1
fe=(31)
534 2
+5 1
+1 2
-1 1
-1 1
+2 1
cfi=(29)
cfn=(128)
calls=1 199 
* 13
+3 1
-3 1
+1 1
+2 1
+6 1
+1 1
-1 3
+1 11
+1 1
-1 1
+1 2
-1 2
+1 1
-1 1
+1 2
-1 6
+1 1
-1 1
+1 1
-1 3
+1 1
-1 2
+3 1
+1 1
-1 1
+1 2
+1 1
+6 2
+1 2
-57 4
+66 1
+3 8
-46 4

fn=(88)
868 4
+8 4
-8 4
+8 4
-6 4
+12 8
-13 4
+13 4
-13 4
+13 8
+3 12
+1 8
+1 8
+43 4

fn=(176) open_verify.constprop.1
1568 11
+39 3
+19 4
cfi=(55)
cfn=(178)
calls=1 28 
* 19
* 1
+2 2
+11 1
+6 2
-5 1
+5 8
cfi=(56)
cfn=(180)
calls=1 25 
* 6
+2 2
+2 2
+2 2
+6 2
+17 11
fi=(28)
50 2
cfi=(27)
cfn=(144)
calls=1 +45 
* 5
fe=(31)
1856 9
1674 3
+74 2
+5 2
+2 4
+6 2
+6 1
+1 1
-1 3
+1 1
-1 1
+1 2
+1 2
+20 3
+31 1
-31 1
1633 1
1820 2
-31 66
+1 28
+1 8
+4 8
+25 12
+3 18
+3 2
-4 2
+4 4
+6 4
-36 6

fn=(184) _dl_map_object_from_fd
944 30
+10 3
-10 12
+10 3
cfi=(46)
cfn=(186)
calls=3 38 
* 21
* 3
+7 12
+85 12
+10 6
+7 21
cfi=(26)
cfn=(70)
calls=3 59 
* 1078
* 3
+1 6
+11 6
+5 3
-5 3
+1 6
+1 3
+2 3
-2 3
+2 6
+1 9
+1 4
+19 4
-2 2
+2 22
-2 1
+2 40
+10 12
+85 3
-58 3
-34 3
-1 3
+93 3
+6 3
-64 6
+9 3
+55 6
-55 3
-42 3
+97 6
1101 3
-5 6
+15 86
+20 2
+1 1
-22 99
+1 185
1213 6
1110 3
1213 6
1110 9
1218 9
+10 6
+1 3
-1 3
+1 3
-1 9
+1 9
-1 9
+1 9
-1 27
1076 6
1235 6
+10 12
+7 6
fi=(61) ./elf/./dl-map-segments.h
96 3
fe=(31)
1252 9
fi=(61)
28 3
fe=(31)
1252 3
fi=(61)
96 3
fe=(31)
1252 3
fi=(61)
28 6
+1 24
cfi=(60)
cfn=(194)
calls=3 +18 
* 27
+74 6
-1 3
-73 3
+74 3
+3 6
+1 3
+2 3
-3 3
+1 3
+2 3
+7 8
+3 4
cfi=(72) ./misc/../sysdeps/unix/syscall-template.S
cfn=(236) mprotect
calls=1 -2 
* 6
* 3
+7 3
+2 3
fi=(62) ./elf/./dl-load.h
-37 24
+1 9
+2 24
fi=(61)
+56 48
+8 3
-2 3
+1 3
+2 3
-1 3
+1 3
-1 9
+8 6
+3 6
+8 21
cfi=(44)
cfn=(132)
calls=3 -52 
* 251
+1 6
+5 6
+12 12
-59 60
+2 18
+3 9
-3 18
+2 72
cfi=(60)
cfn=(194)
calls=9 -93 
* 81
* 27
fi=(57) ./elf/../sysdeps/posix/dl-fileid.h
37 9
cfi=(58) ./io/../sysdeps/unix/sysv/linux/fstat64.c
cfn=(190) fstat
calls=3 -8 
* 45
* 6
fe=(31)
999 6
fi=(57)
40 9
fe=(31)
999 3
fi=(57)
40 3
fe=(31)
999 39
+1 18
fi=(57)
49 24
fe=(31)
1515 27
1018 6
+66 13
+1 2
-1 1
+1 1
-1 1
+1 1
cfi=(71)
cfn=(234)
calls=1 25 
* 7
* 2
+26 38
+26 72
+10 12
-1 12
-1 12
+2 12
+2 12
-2 12
-1 72
+2 24
+1 12
+2 12
-3 12
+3 72
+2 24
+4 24
+1 45
+4 9
+1 9
-1 9
+1 63
-18 9
+28 9
-11 3
+1 3
-1 3
+1 21
-18 3
+28 3
-56 6
+7 3
+2 3
-2 3
+1 3
+1 3
-1 6
+1 24
+50 3
+5 1
-1 2
+5 1
-5 2
-56 1
+61 4
+1 1
+3 1
-3 1
+8 4
+15 6
+1 3
+58 12
+1 9
fi=(63) ./elf/./elf/get-dynamic-info.h
39 6
+6 3
-2 3
+2 6
+9 3
+5 3
+3 3
+2 3
-3 3
-3 3
-3 48
+13 14
-23 56
+23 52
-23 208
+4 132
+5 68
+2 15
+3 12
+13 12
+10 11
+1 12
+1 12
+1 12
+2 12
+5 11
+1 11
+1 12
+3 9
+5 4
+7 6
+1 9
+22 9
+5 4
+2 4
+2 4
+2 4
+4 9
+2 3
+1 2
+9 2
+6 2
+4 6
fe=(31)
1275 6
+1 6
+2 6
+10 9
+19 9
+2 15
+52 9
+1 2
+6 24
+1 60
+6 12
cfn=(88)
calls=3 868 
* 60
-7 78
+1 36
+6 36
-6 72
fi=(30)
95 24
213 3
-1 6
105 6
212 3
105 3
-2 3
-3 3
+2 3
+3 3
-4 6
+92 12
-1 3
-87 9
+3 9
+1 6
+1 6
+4 9
+4 9
+3 9
+1 6
+4 3
+1 12
+58 9
+2 12
-56 10
+1 5
+3 10
+3 5
+1 20
+5 10
+2 10
+5 10
+14 5
-1 10
+2 4
-1 6
fe=(31)
1380 6
cfi=(64)
cfn=(204)
calls=3 25 
* 18
* 6
+13 6
+2 12
+2 6
+16 6
cfi=(8)
cfn=(14)
calls=3 25 
* 87
+4 6
+1 6
+17 6
+1 1
+3 1
+5 1
-5 1
+5 1
-5 2
+5 2
-5 2
+5 2
+10 6
+7 18
+10 6
+1 4
+5 2
cfi=(47)
cfn=(238)
calls=1 131 
* 10
+7 9
cfi=(26)
cfn=(82)
calls=3 31 
* 147
+3 12
+23 21
+1 9
cfi=(49)
cfn=(206) _dl_audit_objopen
calls=3 76 
* 15
* 3
fi=(62)
95 10
+2 2
-1 4
+1 2
-1 2
+1 2
-1 2
+1 2
-1 4
+3 8
fe=(31)
1506 15
fi=(30)
198 12
+2 3
+1 3
+2 3
-3 9
fe=(31)
1368 9
fi=(63)
62 12
+2 12
fe=(31)
1084 2
fi=(61)
187 8
cfi=(60)
cfn=(194)
calls=1 47 
* 9
+3 2
fe=(31)
1462 9
+2 2
-1 10
+1 2
-1 2
+1 2
-1 2
cfi=(32)
cfn=(90)
calls=2 108 
* 50
* 4
+2 5
1275 4
fi=(57)
49 3
fi=(30)
170 6
-39 4
fe=(31)

fn=(172)
2022 60
+8 12
+1 24
+3 93
+5 126
+2 54
cfi=(54)
cfn=(174)
calls=18 68 
* 2008
* 36
+4 30
+1 45
+4 6
-1 30
+1 6
+1 6
-1 6
+1 6
cfi=(32)
cfn=(90)
calls=6 108 
* 243
* 12
2329 54
2068 3
+1 3
-1 3
+1 3
-1 3
+1 3
-1 6
-44 3
+53 9
+17 6
-2 3
+2 3
cfi=(42)
cfn=(118)
calls=3 23 
* 72
* 6
2260 2
-1 3
cfn=(138)
calls=1 385 
* 168
+2 1
-3 1
+1 1
+2 2
+4 5
cfn=(176)
calls=1 1568 
* 283
+3 2
-3 1
+3 1
+12 4
+46 1
+1 3
-1 1
+1 9
cfn=(184)
calls=1 944 
* 1819
-1 2
+1 6
-1 2
+1 18
cfn=(184)
calls=2 944 
* 4130
* 9
2098 4
cfi=(22)
cfn=(60)
calls=2 41 
* 34
* 4
+2 4
+7 8
+51 22
cfn=(216)
calls=2 1870 
* 1944
+6 2
-6 2
+6 8
682 2
2165 2
682 4
2252 4
+28 8
+2 8
2111 2
696 6
2111 2
+1 2
696 4
2116 6
682 2
2117 2
682 4
2173 2
+14 4
+2 6
+4 4
cfi=(68)
cfn=(222) _dl_load_cache_lookup
calls=2 416 
* 2337
* 2
+2 4
+4 4
+8 6
+23 12
cfn=(218)
calls=2 1568 
* 669
+4 4
-4 2
+4 2
+1 4
2131 10
+1 20
682 2
2133 2
682 4
2157 6
+1 4
-16 4

fl=(65)
fn=(208)
25 1
+2 7
+4 1

fl=(9)
fn=(530)
262 1
+1 1

fn=(16)
85 4
+25 1
-25 6
+25 1
-1 1
+1 123
+11 1
-8 1
+1 1
-4 1
+3 1
+6 1
+2 13
-34 1
-1 1
+36 113
+3 1
+1 1
-5 85
+57 1
-57 1
+58 1
-1 1
-57 3
+29 1
-29 1
+30 1
-1 1
-29 3
+41 1
-41 1
+42 1
-1 1
-41 3
+35 1
-35 1
+36 1
-1 1
-35 3
+32 1
-32 1
+33 1
-1 1
-32 4
+13 1
-13 1
+14 1
-1 1
-13 3
+10 1
-10 1
+11 1
-1 1
-10 3
+7 1
-7 4
224 1
cfi=(10)
cfn=(18)
calls=1 +58 
* 19252
+3 1
cfi=(12)
cfn=(22)
calls=1 +54 
* 32
fi=(13)
36 2
cfi=(14) ./elf/../sysdeps/unix/sysv/linux/brk.c
cfn=(28) brk
calls=1 -1 
* 8
fi=(6)
215 1
cfi=(15)
cfn=(32)
calls=1 37 
* 7224
fe=(9)
+23 3
+1 1
cfi=(22)
cfn=(60)
calls=1 41 
* 17
* 1
+2 2
cfi=(23)
cfn=(62)
calls=1 37 
* 15
* 3
+12 3
+3 5
cfi=(2)
cfn=(64)
calls=1 1320 
* 135126
+2 9

fl=(29)
fn=(128)
199 36
+1 36
+1 36
+1 36
+17 36
+1 36
+2 7
+1 7
+1 7
+2 6
+1 6
+1 6
+2 6
360 29
+1 29
+2 9
+4 9
+1 4
+1 4
+1 2
+1 2
+1 2
+1 2
+2 2
+2 4
+6 5
+1 5
+1 5
+1 5
+1 5
+29 20
+1 20
+1 20
+1 20
+1 20
+7 1
+1 1
+1 1
+1 1
+1 1
+1 1
+1 1
+11 1
+1 1
+2 1
+1 1
+1 1

fn=(80)
212 22
+1 22
+6 22
+1 22
+2 14
+1 14
+1 14
+2 8
+1 8
+1 8
+2 8
360 8
+1 8
+2 1
+4 1
+1 1
+1 1
+1 1
+1 1
+4 1
+2 1
+39 7
+1 7
+1 7
+1 7
+1 7
+7 6
+1 6
+1 6
+1 6
+1 6
+1 6
+1 6
+11 6
+1 6
+2 6
+1 6
+1 6

fl=(42)
fn=(118)
23 19
+1 19
+1 19
+1 19
+1 19
+1 19
+1 19
+1 19
+1 19
+1 19
+1 19
+1 19
+1 19
+1 19
+1 19
+1 19
+1 19
+1 19
+1 16
+4 16
+1 16
+1 16
+1 16
+2 16
+4 3
+1 3
+1 3
+1 3
+1 3
+1 3
+1 3
+1 3
+1 3
+1 3
+1 3
+1 3
+1 3
+1 3
+1 3
+1 3
+1 3
+1 3
+1 3
+1 3
+1 3
+1 3
+1 3
+1 3
+52 3
+4 3
+1 3
+1 3
+1 3
+2 3

fl=(41) ./elf/./elf/dl-hwcaps_split.c
fn=(122) _dl_hwcaps_split
25 4
+1 3
+21 1
-20 1
+20 3

fn=(120) _dl_hwcaps_contains
66 6
+1 12
+1 6
+9 6

fn=(116) _dl_hwcaps_split_masked
51 55
-25 42
+4 24
+4 48
+1 12
-1 24
+2 24
+5 27
cfi=(42)
cfn=(118)
calls=9 -18 
* 216
+1 18
+3 6
+11 12
+1 12
+1 6
-1 6
+1 6
-2 6
+1 6
+1 3
-1 3
+1 27
cfn=(120)
calls=6 +8 
* 30
* 12
-3 5
+7 44
-19 6
cfi=(22)
cfn=(60)
calls=3 -2 
* 51
* 3

fl=(52)
fn=(162)
225 10
+2 2
cob=(2)
cfi=(51)
cfn=(164)
calls=1 0 
* 2759
+1 2
+1 1
+1 1
-1 1
+1 1
+2 5

fn=(166)
175 18
+5 6
-5 18
+5 6
-2 12
+22 6
-1 6
+7 12
-6 6
+3 12
+3 6
cfi=(53)
cfn=(168)
calls=6 30 
* 144
* 24
+2 18
cfi=(66)
cfn=(214)
calls=5 61 
* 12068
cfi=(2)
cfn=(170)
calls=1 663 
* 2698
+2 6
-1 6
+1 6
-1 6
+1 12
+9 24

fn=(250)
238 6
+1 1
+1 1
+3 1
+1 1
+2 1
cfi=(2)
cfn=(252)
calls=1 696 
* 7261
+2 1
+1 1
+1 4

fl=(68)
fn=(230) _dl_cache_libcmp
370 17
+1 17
+32 17
-33 34
+1 38
+2 84
+2 84
-2 168
+20 164
+2 164
-12 67
+2 67
+14 67
+1 67
-29 134
+32 6
-28 4
+8 2
-2 4
+1 4
-1 2
+2 6
+2 2
-3 2
+3 6
+2 4
+9 45

fn=(534)
537 1
+1 4
-1 1
+3 2
cfi=(72)
cfn=(536) munmap
calls=1 117 
* 6
+1 1
+4 1
+2 2

fn=(222)
416 20
+2 4
+3 6
+69 3
+5 1
208 1
495 3
208 1
495 2
+3 6
fi=(70) ./elf/../sysdeps/x86/dl-procinfo.h
39 4
+3 6
cfi=(32)
cfn=(90)
calls=2 +66 
* 50
* 8
fe=(68)
212 12
cfi=(10)
cfn=(24)
calls=2 405 
* 42
* 2
+16 4
-16 2
+6 4
+10 2
-7 10
+9 6
+1 2
-37 4
+37 2
+4 4
-5 39
+1 13
-37 26
+37 13
+4 26
+4 45
cfn=(230)
calls=15 370 
* 1128
+1 30
359 13
+3 8
228 8
360 9
228 24
+2 10
+20 4
+3 4
+2 8
cfn=(230)
calls=2 370 
* 148
* 4
-7 4
-30 4
+1 2
+95 2
-95 2
-1 16
+96 6
-47 4
+10 4
+1 6
fi=(69) ./elf/../sysdeps/generic/dl-cache.h
125 10
fe=(68)
294 4
+9 4
+3 4
+2 6
+1 4
+5 4
+1 8
+7 4
+21 8
513 4
+12 4
cfi=(22)
cfn=(60)
calls=2 41 
* 68
* 24
+1 2
-1 2
+1 2
-1 2
+1 2
cfi=(29)
cfn=(80)
calls=2 212 
* 22
* 2
+1 2
cfi=(45)
cfn=(140)
calls=2 40 
* 178
+1 16
-3 4
424 4
cfi=(54)
cfn=(224) _dl_sysdep_read_whole_file
calls=1 36 
* 91
* 1
+8 5
+1 8
+3 4
+1 1
-1 3
fi=(69)
194 1
+1 5
fe=(68)
444 1
+1 2

fl=(55)
fn=(178)
28 15
+3 15
-3 45
+3 90
+8 105
+2 4
-2 33
+2 11

fl=(13)
fn=(100)
46 5
+2 3
+40 2
cfi=(36)
cfn=(102)
calls=1 +32 
* 6
+15 1
-15 2
+20 1
-1 1
+3 12
+4 3
-2 6
+2 11
+3 2
-1 2
+1 6
-3 8
+3 1
-1 1
+1 3
-3 4
+7 3
-1 3
+4 3
-2 3
+2 12
+9 5

fl=(78)
fn=(272)
194 10
+14 5
-14 45
+16 5
-16 10
+14 5
+2 10
+3 5
-1 5
+1 10
+19 10
+6 25
-34 8
+38 8
+7 16
fi=(6)
71 14
+6 8
+4 6
+14 2
-8 2
+8 4
+20 4
+4 10
-2 4
fe=(78)
288 205
-83 2
fi=(6)
474 8
fe=(78)
205 4
+83 4
fi=(5)
49 2
fe=(78)
288 2
fi=(5)
60 2
-11 4
+11 4
fe=(78)
288 3
-83 3
fi=(6)
474 12
fe=(78)
205 6
+83 6
fi=(5)
49 3
fe=(78)
288 3
fi=(5)
60 3
-11 6
+11 6
fe=(78)
288 10
fi=(5)
49 5
fe=(78)
288 5
fi=(5)
60 5
-11 10
+11 10
-7 2
-1 2
+11 16
fi=(6)
545 48
+4 48
+3 72
+1 24
fi=(5)
63 72
+2 324
+2 171
-4 171
+13 12
+1 16
+1 114
fi=(6)
545 57
+34 114
+2 57
cob=(4)
cfi=(134) ./math/../sysdeps/x86_64/fpu/multiarch/s_sin.c
cfn=(476) sin
calls=1 27 
* 9
cob=(4)
cfi=(146) ./math/../sysdeps/x86_64/fpu/multiarch/e_atan2.c
cfn=(472) __atan2_finite@GLIBC_2.15
calls=1 26 
* 9
cob=(4)
cfi=(145) ./math/../sysdeps/x86_64/fpu/multiarch/e_exp2f.c
cfn=(468) exp2f@@GLIBC_2.27
calls=1 27 
* 9
cob=(4)
cfi=(142) ./math/../sysdeps/x86_64/fpu/multiarch/e_asin.c
cfn=(464) __asin_finite@GLIBC_2.15
calls=1 27 
* 8
cob=(4)
cfi=(144) ./math/../sysdeps/x86_64/fpu/multiarch/s_fma.c
cfn=(462) fma
calls=1 49 
* 6
cob=(4)
cfi=(143) ./math/../sysdeps/x86_64/fpu/multiarch/s_sinf.c
cfn=(458) sinf
calls=1 26 
* 9
cob=(4)
cfi=(142)
cfn=(454) __acos_finite@GLIBC_2.15
calls=1 35 
* 8
cob=(4)
cfi=(141) ./math/../sysdeps/x86_64/fpu/multiarch/e_log.c
cfn=(450) __log_finite@GLIBC_2.15
calls=1 27 
* 9
cob=(4)
cfi=(140) ./math/../sysdeps/x86_64/fpu/multiarch/e_log2f.c
cfn=(446) log2f@@GLIBC_2.27
calls=1 27 
* 9
cob=(4)
cfi=(138) ./math/../sysdeps/x86_64/fpu/multiarch/e_pow.c
cfn=(442) __pow_finite@GLIBC_2.15
calls=1 27 
* 8
cob=(4)
cfi=(137) ./math/../sysdeps/x86_64/fpu/multiarch/e_powf.c
cfn=(438) powf@@GLIBC_2.27
calls=1 30 
* 9
cob=(4)
cfi=(136) ./math/../sysdeps/x86_64/fpu/multiarch/s_sincosf.c
cfn=(434) sincosf
calls=1 26 
* 9
cob=(4)
cfi=(135) ./math/../sysdeps/x86_64/fpu/multiarch/e_logf.c
cfn=(430) logf@@GLIBC_2.27
calls=1 27 
* 9
cob=(4)
cfi=(134)
cfn=(426) cos
calls=1 34 
* 9
cob=(4)
cfi=(133) ./math/../sysdeps/x86_64/fpu/multiarch/e_expf.c
cfn=(422) expf@@GLIBC_2.27
calls=1 27 
* 9
cob=(4)
cfi=(131) ./math/../sysdeps/x86_64/fpu/multiarch/e_exp.c
cfn=(418) __exp_finite@GLIBC_2.15
calls=1 27 
* 9
cob=(4)
cfi=(129) ./math/../sysdeps/x86_64/fpu/multiarch/s_cosf.c
cfn=(414) cosf
calls=1 26 
* 9
cob=(3)
cfi=(128) ./string/../sysdeps/x86_64/multiarch/rawmemchr.c
cfn=(408) rawmemchr
calls=1 31 
* 23
cob=(3)
cfi=(127) ./string/../sysdeps/x86_64/multiarch/strncase.c
cfn=(406) strncasecmp
calls=1 31 
* 7
cob=(3)
cfi=(126) ./string/../sysdeps/x86_64/multiarch/mempcpy.c
cfn=(402) mempcpy
calls=1 33 
* 22
cob=(3)
cfi=(125) ./string/../sysdeps/x86_64/multiarch/strspn.c
cfn=(400) strspn
calls=1 29 
* 7
cob=(3)
cfi=(123) ./string/../sysdeps/x86_64/multiarch/memchr.c
cfn=(396) memchr
calls=1 29 
* 23
cob=(3)
cfi=(122) ./string/../sysdeps/x86_64/multiarch/stpcpy.c
cfn=(392) stpcpy
calls=1 33 
* 17
cob=(3)
cfi=(120) ./wcsmbs/../sysdeps/x86_64/multiarch/wmemcmp.c
cfn=(388) wmemcmp
calls=1 29 
* 22
cob=(3)
cfi=(119) ./string/../sysdeps/x86_64/multiarch/strncpy.c
cfn=(384) strncpy
calls=1 29 
* 17
cob=(3)
cfi=(118) ./string/../sysdeps/x86_64/multiarch/strlen.c
cfn=(380) strlen
calls=1 29 
* 21
cob=(3)
cfi=(117) ./string/../sysdeps/x86_64/multiarch/strcasecmp_l.c
cfn=(378) strcasecmp_l
calls=1 31 
* 7
cob=(3)
cfi=(116) ./string/../sysdeps/x86_64/multiarch/strcpy.c
cfn=(374) strcpy
calls=1 29 
* 17
cob=(3)
cfi=(115) ./string/../sysdeps/x86_64/multiarch/strchrnul.c
cfn=(370) strchrnul
calls=1 31 
* 21
cob=(3)
cfi=(114) ./string/../sysdeps/x86_64/multiarch/memrchr.c
cfn=(366) memrchr
calls=1 29 
* 21
cob=(3)
cfi=(112) ./wcsmbs/../sysdeps/x86_64/multiarch/wmemset.c
cfn=(362) wmemset
calls=2 31 
* 38
cob=(3)
cfi=(110) ./string/../sysdeps/x86_64/multiarch/memcmp.c
cfn=(358) bcmp
calls=1 29 
* 22
cob=(3)
cfi=(109) ./string/../sysdeps/x86_64/multiarch/strncase_l.c
cfn=(356) strncasecmp_l
calls=1 31 
* 7
cob=(3)
cfi=(108) ./string/../sysdeps/x86_64/multiarch/strcat.c
cfn=(352) strcat
calls=1 29 
* 17
cob=(3)
cfi=(107) ./wcsmbs/../sysdeps/x86_64/multiarch/wcscpy.c
cfn=(350) wcscpy
calls=1 43 
* 7
cob=(3)
cfi=(106) ./string/../sysdeps/x86_64/multiarch/strcspn.c
cfn=(348) strcspn
calls=1 29 
* 7
cob=(3)
cfi=(105) ./string/../sysdeps/x86_64/multiarch/strcasecmp.c
cfn=(346) strcasecmp
calls=1 31 
* 7
cob=(3)
cfi=(104) ./string/../sysdeps/x86_64/multiarch/strncmp.c
cfn=(344) strncmp
calls=1 66 
* 17
cob=(3)
cfi=(102) ./wcsmbs/../sysdeps/x86_64/multiarch/wmemchr.c
cfn=(340) wmemchr
calls=2 31 
* 46
cob=(3)
cfi=(100) ./string/../sysdeps/x86_64/multiarch/stpncpy.c
cfn=(336) stpncpy
calls=1 31 
* 17
cob=(3)
cfi=(99) ./wcsmbs/../sysdeps/x86_64/multiarch/wcscmp.c
cfn=(332) wcscmp
calls=1 30 
* 21
cob=(3)
cfi=(98) ./string/../sysdeps/x86_64/multiarch/memmove.c
cfn=(328) memmove
calls=2 29 
* 44
cob=(3)
cfi=(97) ./string/../sysdeps/x86_64/multiarch/strrchr.c
cfn=(324) rindex
calls=1 28 
* 21
cob=(3)
cfi=(96) ./string/../sysdeps/x86_64/multiarch/strchr.c
cfn=(322) index
calls=1 61 
* 19
cob=(3)
cfi=(94) ./wcsmbs/../sysdeps/x86_64/multiarch/wcschr.c
cfn=(318) wcschr
calls=2 31 
* 42
cob=(3)
cfi=(92) ./string/../sysdeps/x86_64/multiarch/memcpy.c
cfn=(314) memcpy@@GLIBC_2.14
calls=1 29 
* 22
cob=(3)
cfi=(91) ./wcsmbs/../sysdeps/x86_64/multiarch/wcslen.c
cfn=(310) wcslen
calls=1 29 
* 19
cob=(3)
cfi=(89) ./string/../sysdeps/x86_64/multiarch/memset.c
cfn=(306) memset
calls=1 29 
* 24
cob=(3)
cfi=(87) ./wcsmbs/../sysdeps/x86_64/multiarch/wcsnlen.c
cfn=(302) wcsnlen
calls=1 29 
* 19
cob=(3)
cfi=(86) ./string/../sysdeps/x86_64/multiarch/strcmp.c
cfn=(300) strcmp
calls=1 65 
* 17
cob=(3)
cfi=(85) ./string/../sysdeps/x86_64/multiarch/strpbrk.c
cfn=(298) strpbrk
calls=1 29 
* 7
cob=(3)
cfi=(83) ./string/../sysdeps/x86_64/multiarch/strnlen.c
cfn=(294) strnlen
calls=2 31 
* 42
-36 57
+37 57
fi=(5)
77 173
fe=(78)
288 40
+3 30
+24 5
+3 10
+17 15
+2 40
-98 10
+3 2
+7 4
-9 2
fi=(5)
86 16
+2 16
+12 8
-14 32
+14 16
+10 12
+3 16
+1 4
fi=(6)
529 4
fi=(5)
114 4
fi=(6)
529 8
fi=(5)
114 1200
fi=(6)
529 1200
fi=(5)
114 1200
fi=(6)
529 2400
+5 2408
+1 1204
fi=(5)
113 1204
fi=(6)
535 1204
-5 1204
fi=(5)
113 2408
+7 32
+4 24
+2 12
-73 4
fi=(6)
484 4
fi=(5)
52 4
fi=(6)
484 8
fi=(5)
128 8
+1 4
+1 4
-2 4
+2 4
+3 4
-5 4
+2 4
-2 4
+1 8
+2 4
-2 4
+2 12
+2 8
-5 240
+1 120
+1 120
-2 120
+2 120
+3 120
-5 120
+2 120
-2 120
+1 240
+2 120
-2 120
+2 360
+2 240
+9 122
fi=(6)
262 244
+21 244
+4 244
+7 488
fi=(4)
138 318
fi=(6)
294 4091
cfi=(79)
cfn=(280)
calls=103 840 
* 62517
* 927
+2 318
+30 728
450 309
fi=(5)
145 345
-19 372
+32 20
+1 6
fi=(6)
294 2
+22 2
-22 4
fi=(5)
160 6
+3 2
+4 2
-4 2
+4 4
-2 2
-2 2
+2 2
+1 2
-1 4
fi=(6)
294 8
508 2
-1 4
+1 4
+1 2
cfi=(15)
cfn=(502)
calls=1 71 
* 6
cob=(3)
cfi=(81) ./string/../sysdeps/x86/cacheinfo.c
cfn=(290) __x86_cacheinfo
calls=1 86 
* 28
+1 2
fi=(5)
159 2
fi=(6)
510 2
fi=(5)
159 8
-14 3
+1 54
fi=(6)
490 3
+5 2
-1 3
+1 2
-1 1
cfi=(29)
cfn=(80)
calls=1 212 
* 11
+2 4
+1 1
-75 54
+4 72
+5 18
+9 18
-9 36
+9 18
fi=(5)
145 68
fi=(6)
296 164
+3 116
-3 116
+3 232
+2 10
+3 4
+1 6
+11 4
+7 2
cob=(3)
cfi=(86)
cfn=(300)
calls=1 65 
* 17
cob=(3)
cfi=(118)
cfn=(380)
calls=1 29 
* 21
* 6
+3 4
fi=(5)
135 10
+3 2
fi=(6)
296 100
+3 100
-3 216
+3 4
fi=(5)
50 10
fe=(78)
308 14
fi=(6)
-14 29
fe=(78)
+49 25
+3 5
-3 5
+3 5
+4 10
+1 20
cfi=(72)
cfn=(236)
calls=5 117 
* 30
* 10
-63 6
fi=(5)
53 2
175 7
+2 2
+1 2
-1 1
+3 1
-3 4
+3 2
-3 10
+1 10
-1 5
+3 5
-3 20
+3 10
+8 6
fi=(6)
+74 12
+21 12
+4 12
+7 24
fi=(4)
138 18
fi=(6)
294 204
cfi=(79)
cfn=(280)
calls=6 840 
* 3515
* 54
+2 18
+30 36
450 12
fi=(5)
191 18
-16 18
+30 4
fi=(6)
+91 2
+3 2
-3 2
+3 4
-3 2
+3 2
-3 4
fe=(78)

fl=(67)
fn=(220)
28 20
+1 40
cfi=(59)
cfn=(192)
calls=10 153 
* 98

fl=(160) ./elf/./elf/dl-runtime.c
fn=(524) _dl_fixup
46 16
+2 10
+1 2
+6 2
fi=(224) ./elf/../sysdeps/x86_64/dl-runtime.h
-27 2
fe=(160)
+21 2
+5 2
+1 2
-6 2
+6 4
+1 2
+2 2
-2 2
+2 2
-2 10
+7 4
+4 4
+4 6
+4 6
+1 8
-7 8
+16 2
-1 2
+1 4
+10 20
cfi=(79)
cfn=(280)
calls=2 840 
* 1451
* 2
+4 10
+10 20
+15 8
+9 6
+26 6
fi=(6)
+70 2
fe=(160)
-66 12

fl=(71)
fn=(234)
25 8
+1 16
+1 4

fl=(147)
fn=(482)
561 4
+3 1
+2 2
+13 1
cfn=(486) _dlfo_process_initial
calls=1 474 
* 95
+1 1
-1 1
+1 1
fi=(28)
56 1
cfi=(27)
cfn=(76)
calls=1 -21 
* 25
fe=(147)
580 1
fi=(28)
56 1
fe=(147)
582 2
+3 2
+5 1
+1 1
cfn=(486)
calls=1 474 
* 358
+3 3
+10 4
-37 2
cfi=(148) ./elf/./dl-find_object.h
cfn=(484) _dl_find_object_from_map
calls=1 95 
* 68
* 1
+29 2
cfn=(488) _dlfo_sort_mappings
calls=1 -60 
* 128
+3 6
+2 1

fn=(486)
474 2
+3 2
-3 2
+1 2
+3 4
+26 14
+1 6
+1 10
-1 20
+3 36
+3 32
-7 10
+25 2
+2 8
-18 24
+3 8
-1 8
cfi=(148)
cfn=(484)
calls=4 95 
* 247
+2 16

fn=(488)
536 1
+1 2
+3 4
+4 1
+1 1
-1 1
+1 2
-1 2
+1 2
-1 2
+1 10
+1 36
-1 18
+8 9
+1 6
-1 3
-13 6
+14 9
+1 6
-15 6
+17 1

fl=(56)
fn=(180)
25 3
+1 12
+1 3

fl=(58)
fn=(190)
29 8
+1 8
+5 12
cfi=(59)
cfn=(192)
calls=4 153 
* 32

fl=(153)
fn=(504)
27 1
+2 2
-2 1
+6 3
-6 1
+6 3
-6 1
+6 1
cfi=(152) ./elf/./elf/dl-lookup-direct.c
cfn=(500) _dl_lookup_direct
calls=1 +41 
* 177
+4 2
+2 4
+2 1
-1 1
+1 2
-1 1
cob=(3)
cfi=(154) ./elf/./elf/libc_early_init.c
cfn=(506) __libc_early_init
calls=1 -7 
* 1152

fl=(73)
fn=(240)
30 30
+4 3
+1 6
+11 3
-1 6
+18 12

fl=(16)
fn=(40) update_active.constprop.0
43 7
+45 1
-41 1
+28 1
-18 1
+31 1
+4 1
-36 1
-1 1
+37 1
-26 1
-11 1
+1 1
+36 2
+1 1
-17 1
-21 1
+25 1
-4 1
-11 1
+28 1
-1 1
-36 1
+18 1
+19 1
-13 1
-4 1
-11 1
+19 1
+11 1
-3 1
-12 1
+14 1
-29 1
+18 1
+9 1
-18 1
+13 1
-13 1
-9 1
+29 2
+3 1
-14 1
-9 1
+9 1
+4 1
+10 1
-17 1
+7 1
+5 1
+5 1
+1 1
-1 1
+1 2
+2 2
+1 4
+3 1
+1 1
-1 1
+1 1
-1 1
+1 1
-1 1
+1 1
+4 2
+4 2
+2 4
+83 3
+12 2
+1 1
+3 3
+4 1
-4 1
+4 1
+67 3
+4 3
fi=(18)
31 1
-3 1
+3 1
-1 2
fe=(16)
296 1
+1 8
-75 3
+1 2
+3 1
-1 1
+9 1
-5 1
+2 1
-2 1
+5 1
fi=(18)
32 3
+4 3
fe=(16)
+83 2
+2 1
+3 2
+10 1
+10 1
-10 1
+10 1
-10 1
+6 1
+4 1
-4 1
-6 1
+6 1
+2 1
-2 1
+2 3
+7 4
fi=(18)
39 3
+1 4
+5 1
-7 1
+7 3
+2 1
+1 2
+1 3
+2 4
+1 2
+1 2
+6 1
-4 1
+4 1
-3 2
fe=(16)
+75 1
-5 2
+4 1

fn=(34)
399 1
+16 1
-16 6
+3 1
+1 1
+1 1
+11 2
+3 6
593 1
+94 5
+1 1
+3 2
+1 1
+6 1
+3 1
fi=(19)
+5 1
+2 1
fe=(16)
-9 1
fi=(19)
+23 2
840 1
+46 1
-46 17
+45 2
+25 2
+21 2
-21 2
+13 3
+8 1
-8 1
+8 1
cfi=(10)
cfn=(24)
calls=1 405 
* 21
* 1
+2 2
+3 4
cfi=(10)
cfn=(24)
calls=1 405 
* 21
* 1
+2 1
+3 2
-3 2
+3 1
-3 1
+3 1
cfi=(10)
cfn=(24)
calls=1 405 
* 21
* 1
+1 5
+16 2
-12 5
cfi=(10)
cfn=(24)
calls=1 405 
* 21
* 1
+1 3
+23 1
-17 5
+3 3
-3 1
cfi=(10)
cfn=(24)
calls=1 405 
* 21
+3 3
-3 2
+3 9
cfi=(10)
cfn=(54)
calls=1 157 
* 58
+1 9
cfi=(10)
cfn=(54)
calls=1 157 
* 58
+1 10
cfi=(10)
cfn=(54)
calls=1 157 
* 58
+3 8
cfi=(10)
cfn=(54)
calls=1 157 
* 58
+2 8
cfi=(10)
cfn=(54)
calls=1 157 
* 58
+4 1
fe=(16)
706 1
fi=(19)
967 2
fe=(16)
706 2
fi=(19)
967 4
fe=(16)
706 1
cfi=(10)
cfn=(24)
calls=1 405 
* 19
+4 3
+14 1
-1 2
+1 3
+47 1
-1 1
+1 1
+46 4
cfi=(10)
cfn=(24)
calls=1 405 
* 19
+2 4
cfi=(10)
cfn=(24)
calls=1 405 
* 19
fi=(21) ./elf/../sysdeps/unix/sysv/linux/x86/cpu-features.c
27 6
fe=(16)
829 2
+45 8
fi=(19)
+19 11
fe=(16)
775 3
+27 2
-10 2
+1 2
+2 3
+1 2
+2 3
+1 2
fi=(19)
-75 3
cfn=(46)
calls=1 255 
* 437
+1 1
-1 2
+1 1
cfn=(46)
calls=1 255 
* 478
+1 1
-1 1
+1 1
cfn=(46)
calls=1 255 
* 503
+3 1
-3 2
+3 1
cfn=(46)
calls=1 255 
* 459
+2 1
-2 1
+2 1
cfn=(46)
calls=1 255 
* 451
+3 1
-2 1
-1 1
+3 1
cfn=(46)
calls=1 255 
* 428
+2 1
-2 1
+2 1
cfn=(46)
calls=1 255 
* 429
+3 1
-2 1
-1 1
+3 1
cfn=(46)
calls=1 255 
* 469
+2 1
-2 1
+2 1
cfn=(46)
calls=1 255 
* 470
+3 1
-3 1
+3 1
cfn=(46)
calls=1 255 
* 494
+2 1
-2 1
+2 1
cfn=(46)
calls=1 255 
* 495
+2 1
-2 1
+2 1
cfn=(46)
calls=1 255 
* 790
+2 3
-2 1
+2 1
cfn=(52)
calls=1 481 
* 215
863 15
fe=(16)
424 6
cfn=(36) get_common_indices.constprop.0
calls=1 -99 
* 71
303 3
+1 2
+1 6
+5 2
+1 6
+5 2
+1 6
429 1
cfn=(40)
calls=1 43 
* 194
+2 1
+2 1
+83 1
-85 2
564 2
+7 2
+2 1
+4 2
+6 2
422 2
-3 1
+14 3
+1 4
+69 1
+10 11
+42 1
+1 1
434 11
+55 3

fn=(36)
325 1
+4 4
+3 3
+5 2
-5 1
+5 1
-5 1
+4 1
+1 1
+1 4
+1 4
+1 3
+1 2
+7 2
+2 5
+5 1
-5 1
+5 1
-5 1
+5 1
-5 2
+5 1
+7 1
-7 4
+7 1
+1 3
+6 1
-6 4
+6 1
fi=(17) ./elf/../sysdeps/unix/sysv/linux/x86/dl-minsigstacksize.h
24 2
+3 2
+1 2
+37 3
+7 1
+2 1
fe=(16)
384 2

fl=(14)
fn=(28)
35 1
+1 3
+1 2
+6 1
+1 1

fl=(159)
fn=(522)
67 2
+5 2
+3 2
+2 2
+10 2
+6 2
+1 2
+1 2
+1 2
+1 2
+1 2
+1 2
+4 2
+1 2
+3 2
+1 2
+2 2
+1 2
+1 2
+1 2
+1 2
+1 2
+2 2
+7 2
+1 2
+1 2
cfi=(160)
cfn=(524)
calls=2 -80 
* 1643
+1 2
+5 2
+1 2
+1 2
+2 2
+1 2
+1 2
+1 2
+1 2
+1 2
+1 2
+2 2
+2 2
+4 2
+2 2

fl=(212) ./elf/./elf/dl-fini.c
fn=(796) _dl_fini
31 9
+20 3
-3 7
+3 4
+3 2
cob=(3)
cfi=(213) ./nptl/./nptl/pthread_mutex_lock.c
cfn=(798) pthread_mutex_lock@@GLIBC_2.2.5
calls=1 +23 
* 43
+2 1
+3 2
+2 6
+7 2
-2 1
+2 1
cfi=(49)
cfn=(532)
calls=1 -28 
* 21
+5 14
+5 1
-5 1
+5 3
+2 10
+2 10
+2 10
+1 5
+1 5
+4 5
-12 15
+14 6
+1 4
+6 5
cfi=(12)
cfn=(246)
calls=1 290 
* 379
+9 2
cob=(3)
cfi=(214) ./nptl/./nptl/pthread_mutex_unlock.c
cfn=(800) pthread_mutex_unlock@@GLIBC_2.2.5
calls=1 367 
* 34
+5 6
+2 1
+2 3
-2 4
+2 12
+3 10
+3 15
+4 4
+11 8
+1 2
+1 4
+1 10
+1 4
cob=(4)
cfi=(168)
cfn=(850) 0x000000000000e420
calls=1 0 
* 92
cob=(6)
cfi=(169)
cfn=(802)
calls=1 0 
* 92
-1 10
+5 6
+1 9
cob=(2)
cfi=(51)
cfn=(866)
calls=1 0 
* 4
cob=(2)
cfi=(51)
cfn=(828)
calls=1 0 
* 110
cob=(2)
cfi=(51)
cfn=(824)
calls=1 0 
* 4
+6 10
cfi=(49)
cfn=(826) _dl_audit_objclose
calls=5 -57 
* 25
+5 5
-45 15
+49 3
cfi=(49)
cfn=(532)
calls=1 40 
* 21
* 2
-38 9
+3 2
+41 6
+6 2
+7 8
73 2

fl=(148)
fn=(484)
95 10
+1 10
+1 5
+6 25
+1 145
+1 100
+2 15
+5 5

fl=(151)
fn=(498)
30 2
+10 3
-10 1
+10 2
-10 1
+7 1
+3 2
cfi=(152)
cfn=(500)
calls=1 +34 
* 175
+4 2
+1 8
+2 3
-2 1
+2 3
cfi=(152)
cfn=(500)
calls=1 +27 
* 198
+4 2
+1 6
+1 2
-1 1
+1 2

fl=(72)
fn=(236)
117 30
+5 6

fn=(536)
117 5
+5 1

fl=(38)
fn=(108)
175 5
+1 1
-1 6
+1 1
-1 1
+1 1
-1 1
+1 1
-1 1
+1 2
cfi=(10)
cfn=(24)
calls=1 405 
* 21
* 1
+2 2
+1 3
+26 2
-26 1
+25 1
cfi=(39)
cfn=(110)
calls=1 29 
* 47
fi=(40) ./elf/./dl-hwcaps.h
54 1
fe=(38)
205 1
-1 1
fi=(40)
56 1
+32 1
+1 1
+1 1
fe=(38)
-35 2
cfi=(41)
cfn=(116)
calls=1 -4 
* 13
* 2
fi=(40)
-1 1
+2 2
-2 1
+34 2
+1 2
+1 1
fe=(38)
-32 2
-1 2
+1 2
+1 2
-1 2
-3 4
cfi=(41)
cfn=(116)
calls=2 -4 
* 114
* 2
cfi=(41)
cfn=(116)
calls=1 -4 
* 122
* 6
+48 5
fi=(28)
-47 1
cfi=(27)
cfn=(76)
calls=1 -21 
* 25
fe=(38)
+47 1
+2 2
+3 2
fi=(40)
-52 1
fe=(38)
+55 1
-3 1
fi=(40)
-54 2
+3 1
fe=(38)
+58 2
cfi=(41)
cfn=(122)
calls=1 -90 
* 12
* 2
fi=(40)
-61 1
+2 2
-2 1
+34 2
+1 2
+1 1
fe=(38)
+40 4
+1 2
-1 6
+2 2
+1 2
-2 6
-3 4
cfi=(41)
cfn=(116)
calls=2 -77 
* 114
* 2
cfi=(41)
cfn=(116)
calls=1 -77 
* 122
* 6
+8 2
+9 1
-15 1
+15 2
-15 1
+15 8
+9 2
+4 7
cfi=(43)
cfn=(124)
calls=1 22 
* 41
+1 2
+1 1
+4 1
+1 2
+1 1
-20 2
+19 1
+1 1
-20 2
-1 4
+70 1
+1 1
+4 1
-5 2
+1 4
+4 2
-4 1
+4 4
+1 1
-1 1
+1 2
+1 2
-2 5
+1 1
-1 1
+1 2
+1 2
-2 5
+5 1
+3 2
-3 2
+3 15
+7 1
-7 2
+2 3
+1 4
+2 1
fi=(225) ./elf/../sysdeps/x86/dl-hwcap.h
57 1
fe=(38)
233 2
fi=(225)
57 1
fe=(38)
233 2
fi=(225)
57 1
fe=(38)
233 1
+1 1
cfi=(22)
cfn=(60)
calls=1 41 
* 17
+1 1
+1 1
-6 1
+4 1
+1 1
-5 1
+5 1
+1 1
-1 2
-5 4
+10 3
-2 3
+2 1
+1 1
+1 1
-1 1
+4 4
+1 1
-1 1
+4 2
+4 1
-1 1
+1 4
-1 2
+4 3
+1 3
+19 10
+6 2
fi=(28)
56 1
cfi=(27)
cfn=(76)
calls=1 -21 
* 25
* 1
fe=(38)
283 2
+8 1
fi=(40)
54 1
+2 1
+34 1
-2 2
fe=(38)
-5 1
291 1
fi=(40)
54 1
+35 1
fe=(38)
291 1
fi=(40)
90 1
fe=(38)
-10 2
cfi=(41)
cfn=(116)
calls=1 -29 
* 13
* 2
fi=(40)
-26 2
+2 1
fe=(38)
+27 1
fi=(40)
-29 1
+34 2
+1 2
+1 1
fe=(38)
-8 2
+1 4
+7 2
-7 10
cfi=(29)
cfn=(128)
calls=2 199 
* 26
+4 2
+2 2
+2 2
-2 4
-9 4
cfi=(41)
cfn=(116)
calls=2 -29 
* 114
* 2
cfi=(41)
cfn=(116)
calls=1 -29 
* 122
* 6
304 1
+2 1
-2 1
-48 2
+72 1
-72 1
376 2
+13 2
-58 1
+45 1
+13 1
-58 1
-75 1
+82 1
+10 2
-92 1
+88 1
+4 3
-4 1
+3 7
-3 2
-3 1
+3 1
cfi=(29)
cfn=(128)
calls=1 199 
* 18
* 2
-3 1
+3 1
cfi=(29)
cfn=(128)
calls=1 199 
* 18
* 2
+3 2
-3 4
+3 5
+1 12
+1 2
-2 1
+2 1
cfi=(29)
cfn=(128)
calls=1 199 
* 15
* 2
-2 2
+5 8
cfi=(29)
cfn=(128)
calls=2 199 
* 30
* 4
+2 5
+5 6
+1 1
-1 3
+1 7
-1 25
+5 11
+4 1
-1 1
+1 2
-4 12
+4 2
-1 2
+1 13
-1 9
+1 18
+1 24
-1 12
-1 12
+2 24
-1 24
-1 24
+4 9
+3 1
+2 2
-1 1
-1 1
+2 1
-2 1
+2 2
-1 1
+1 2
+2 6
+1 2
+3 2
-6 2
+6 3
+7 8
+1 1
-1 2
+3 2
-3 3
+1 3
-1 6
+3 6
+3 4
-80 2
+86 9
-20 1
+1 2
-6 3
259 2
+1 2
+1 4
-1 3
+12 4
-44 2
+34 4
-2 3

fl=(49)
fn=(206)
76 3
+1 12

fn=(606)
117 1
+1 4

fn=(532)
40 6
+4 3
-4 3
+4 3
-4 3
+4 3
-4 6
+4 3
+1 3
+1 12
+4 18

fn=(154)
28 6
+2 1
-1 1
+1 2
+6 6

fn=(826)
96 5
+1 20

fl=(24)
fn=(266)
68 2
fi=(226) ./elf/../include/list.h
-24 1
fe=(24)
+24 1
fi=(226)
-25 1
fe=(24)
+26 1
+3 1
fi=(226)
-29 1
+1 1
+1 1
+2 1
fe=(24)
+28 4
+1 2
+1 1
+5 2
+5 1
+6 1
-3 1
+3 1
-6 3
+6 1
+13 3
fi=(76) ./elf/../sysdeps/unix/sysv/linux/rseq-internal.h
-72 1
fe=(24)
+72 1
cfi=(10)
cfn=(24)
calls=1 405 
* 20
fi=(76)
-74 3
+2 6
+3 2
+3 1
fe=(24)
+83 3
+7 2
+2 1
+1 1
+1 3

fn=(84)
42 10
+2 20

fn=(66)
53 3
+3 8
+5 1
-5 1
+5 1
+1 1
-6 1
+8 1

fl=(152)
fn=(500)
74 30
+2 3
-2 3
+4 3
-4 3
+2 3
+2 9
+37 3
-37 9
+1 6
+2 12
+3 25
-52 3
+54 6
-54 3
+54 3
-54 9
+1 9
+2 6
+1 6
+12 12
+3 3
+2 3
-2 3
+2 9
cfi=(32)
cfn=(90)
calls=3 +55 
* 207
* 6
+4 6
+1 3
-1 3
+1 18
+1 9
cfi=(32)
cfn=(90)
calls=3 +49 
* 75
* 6
+57 27
-23 6

fl=(7)
fn=(494) lookup_malloc_symbol
61 8
+3 4
-3 16
+3 4
-3 4
+3 8
-1 4
+1 12
cfi=(79)
cfn=(280)
calls=4 840 
* 2280
+4 28
+1 28
+2 4
fi=(150) ./elf/./dl-sym-post.h
-30 8
+12 12
fe=(7)
+19 20

fn=(136)
239 2
+3 4
+2 2
+1 4
+4 33
+7 84
-2 56
+13 1
+4 4
-22 14
+15 14
-15 30

fn=(490)
76 2
+10 1
fi=(149) ./elf/../sysdeps/generic/dl-hash.h
-41 1
fe=(7)
+31 1
fi=(149)
-32 1
fe=(7)
+32 5
+11 1
-1 1
fi=(149)
-43 1
+5 3
+14 4
-17 3
+3 15
+14 20
-17 15
fe=(7)
+46 2
fi=(149)
-24 1
fe=(7)
+22 1
+2 2
fi=(149)
-19 1
fe=(7)
+19 1
cfn=(494)
calls=1 -30 
* 619
+1 3
-1 1
+1 1
cfn=(494)
calls=1 -31 
* 619
+1 3
-1 1
+1 1
cfn=(494)
calls=1 -32 
* 605
+1 3
-1 1
+1 1
cfn=(494)
calls=1 -33 
* 597
+5 1
+1 1
+1 1
+1 1
+1 7

fn=(12)
42 1
+1 2
+1 2
+1 2
+1 2
+1 1

fl=(54)
fn=(174)
68 234
+1 78
cfi=(32)
cfn=(90)
calls=39 +39 
* 1463
* 78
+3 39
+2 78
+6 39
-6 78
+1 141
cfi=(32)
cfn=(90)
calls=47 +33 
* 1833
* 94
+8 8
-13 8
+13 55
-1 31
+1 93

fn=(224)
36 2
+3 1
-3 6
+3 1
-3 1
+3 1
cfi=(55)
cfn=(178)
calls=1 -11 
* 19
+1 2
+23 7
-21 4
cfi=(58)
cfn=(190)
calls=1 -13 
* 15
* 2
+2 2
+3 2
+13 2
cfi=(64)
cfn=(204)
calls=1 -35 
* 6
* 1
-11 6
cfi=(60)
cfn=(194)
calls=1 -2 
* 9
* 2

ob=(3)
fl=(83)
fn=(294)
31 2
fi=(84) ./string/../sysdeps/x86_64/multiarch/ifunc-avx2.h
+2 10
-1 4
+2 6
+2 4
+4 6
+3 8
fe=(83)
-12 2

fl=(112)
fn=(362)
31 2
fi=(113) ./wcsmbs/../sysdeps/x86_64/multiarch/ifunc-wmemset.h
+2 10
+1 6
+2 4
+8 6
+3 8
fe=(112)
-16 2

fl=(117)
fn=(378)
31 1
fi=(227) ./string/../sysdeps/x86_64/multiarch/ifunc-strcasecmp.h
+1 5
fe=(117)
-1 1

fl=(180) ./malloc/./malloc/morecore.c
fn=(638) __glibc_morecore
25 3
+1 6
-1 3
+4 3
cfi=(181) ./misc/./misc/sbrk.c
cfn=(640) sbrk
calls=3 +8 
* 101
+1 6
+4 6

fl=(190) ./io/../sysdeps/unix/sysv/linux/fstat64.c
fn=(668) fstat
29 4
+1 4
+5 6
cfi=(191) ./io/../sysdeps/unix/sysv/linux/fstatat64.c
cfn=(670) fstatat
calls=2 153 
* 16

fl=(92)
fn=(314)
29 1
fi=(93) ./string/../sysdeps/x86_64/multiarch/ifunc-memmove.h
+24 3
-1 2
+4 3
+14 2
+2 2
+8 2
+8 2
+2 5
fe=(92)

fl=(218) ./io/../sysdeps/unix/sysv/linux/write.c
fn=(878) write
25 1
+1 7
+1 1

fl=(104)
fn=(344)
66 1
-25 4
+1 3
+2 2
+5 3
+3 3
+14 1

fl=(193) ./stdlib/../stdlib/strtol.c
fn=(688) __strtol_internal
97 54
+1 162
cfi=(194) ./stdlib/../stdlib/strtol_l.c
cfn=(690) ____strtol_l_internal
calls=54 225 
* 6344

fl=(114)
fn=(366)
29 1
fi=(84)
+4 5
-1 2
+2 3
+2 2
+4 3
+3 4
fe=(114)
-14 1

fl=(126)
fn=(402)
33 1
fi=(93)
+20 3
-1 2
+4 3
+14 2
+2 2
+8 2
+8 2
+2 5
fe=(126)

fl=(172) ./csu/../sysdeps/nptl/libc_start_call_main.h
fn=(608) (below main)
29 4
+15 1
-15 5
+15 1
cfi=(173) ./setjmp/../sysdeps/x86_64/bsd-_setjmp.S
cfn=(610) _setjmp
calls=1 -16 
* 34
* 1
+2 2
+5 2
+1 2
+3 2
+3 6
cob=(6)
cfi=(176)
cfn=(616)
calls=1 1004 
* 528426
* 1
+16 1
cfi=(210) ./stdlib/./stdlib/exit.c
cfn=(790) exit
calls=1 +68 
* 1876

fl=(199)
fn=(712)
33 128
+2 16
cob=(2)
cfi=(51)
cfn=(714)
calls=16 -35 
* 256
+1 16
-1 16
+1 192
+3 16
-3 16
+3 16
-3 16
+3 32
-1 30
+1 1
+1 1
fi=(200) ./libio/./libio/libioP.h
940 3
+2 2
+1 2
fe=(199)
40 15
fi=(200)
940 45
+2 30
+1 30
fe=(199)
40 48
cfi=(188) ./libio/./libio/fileops.c
cfn=(716) _IO_file_xsputn@@GLIBC_2.2.5
calls=16 1197 
* 1432
* 32
+1 112
+1 64
fi=(200)
883 32
+1 160
fe=(199)
46 112

fl=(115)
fn=(370)
31 1
fi=(84)
+2 5
-1 2
+2 3
+2 2
+4 3
+3 4
fe=(115)
-12 1

fl=(205)
fn=(762)
25 55
+7 5
-4 10
+4 10
-4 5
+5 5
-1 5
+1 5
-5 5
+4 5
+1 5
-1 5
+1 5
cfi=(206) ./stdio-common/./stdio-common/vfprintf-internal.c
cfn=(764) __vfprintf_internal
calls=5 1180 
* 6221
+4 25

fl=(86)
fn=(300)
65 2
-24 4
+1 2
-1 4
+1 4
+2 4
+5 6
+3 6
+13 2

fl=(108)
fn=(352)
29 1
fi=(101) ./string/../sysdeps/x86_64/multiarch/ifunc-strcpy.h
+7 2
+1 1
-1 2
+1 2
+2 2
+4 3
+3 3
fe=(108)
-17 1

fl=(194)
fn=(690)
225 162
+54 54
-54 216
+19 54
-19 162
+14 54
-14 54
+26 108
+31 216
+9 324
+2 108
+5 108
-1 54
+6 108
+4 108
+10 108
+10 216
-82 108
377 54
+56 216
309 54
449 54
+10 162
-10 54
+10 54
+12 108
-5 98
+5 98
+1 294
-41 196
+2 284
+2 294
+28 294
+3 196
+11 108
+5 162
+1 54
+5 108
324 108
491 162
-2 108
+17 270
+18 432

fl=(198)
fn=(708)
34 180
+3 60
+1 180
+5 150

fl=(179) ./stdlib/../sysdeps/unix/sysv/linux/getrandom.c
fn=(626) getrandom
28 1
+1 7
+1 1

fl=(109)
fn=(356)
31 1
fi=(227)
+1 5
fe=(109)
-1 1

fl=(213)
fn=(798)
77 1
+3 3
+2 1
+2 2
-7 2
+11 2
+79 1
+3 1
+2 1
+3 1
+2 1
+1 3
-81 2
+11 4
+4 1
+3 2
-71 1
+1 8
+1 1
+84 3
+1 2

fl=(173)
fn=(610)
28 1
+2 1
+2 1
cfi=(174) ./setjmp/../sysdeps/x86_64/setjmp.S
cfn=(612) __sigsetjmp
calls=1 -2 
* 31

fl=(192) ./io/../sysdeps/unix/sysv/linux/read.c
fn=(684) read
25 2
+1 12
+1 2

fl=(155) ./ctype/./ctype/ctype-info.c
fn=(508) __ctype_init
29 1
+2 7
+2 4
+2 4
+1 1

fl=(105)
fn=(346)
31 1
fi=(227)
+1 5
fe=(105)
-1 1

fl=(170)
fn=(586)
242 12
343 3
+1 3
cfi=(171) ./stdlib/./stdlib/cxa_atexit.c
cfn=(588) __cxa_atexit
calls=1 69 
* 71
+25 6
+6 2
-3 2
+10 2
cob=(2)
cfi=(51)
cfn=(602)
calls=1 0 
* 880
+2 2
+8 4
cfi=(172)
cfn=(608)
calls=1 29 
* 530364
128 2
+6 3
+1 6
cob=(2)
cfi=(51)
cfn=(592)
calls=1 0 
* 7
* 1
+3 1
+1 2
+3 2
+1 2
-1 1
+2 7
+1 4
cob=(6)
cfi=(169)
cfn=(596)
calls=1 0 
* 12
-1 4

fl=(196)
fn=(702)
50 31
+13 31
+1 31
+1 31
+3 31
+2 31
+1 31
+3 31
+1 31
+8 31
+1 31
+1 31
+5 62

fl=(184)
fn=(650)
25 780
+4 60
+1 120
-1 120
+1 60
-1 60
+1 60
-1 60
+1 60
-1 60
+1 60
cfi=(185) ./stdio-common/./stdio-common/vfscanf-internal.c
cfn=(652) __vfscanf_internal
calls=60 278 
* 58386
+4 300

fl=(208) ./stdio-common/./stdio-common/_itoa.c
fn=(770) _itoa_word
163 20
+3 40
+2 20
+9 188
+9 20

fl=(210)
fn=(792) __run_exit_handlers
40 11
+5 2
+3 5
+50 1
-42 1
+2 3
+8 6
+2 1
+3 1
-3 1
+3 6
+34 1
+1 1
+1 1
-2 1
+7 1
-3 2
+3 3
+1 3
cob=(1)
cfi=(212)
cfn=(796)
calls=1 -82 
* 1131
+1 4
+10 2
+1 2
-63 1
+69 4
+2 2
+1 6
cfi=(187) ./libio/./libio/genops.c
cfn=(868) _IO_cleanup
calls=1 863 
* 641
* 3
+2 2
cfi=(219) ./posix/../sysdeps/unix/sysv/linux/_exit.c
cfn=(888) _Exit
calls=1 27 
* 5
-90 1
cfi=(211) ./stdlib/./stdlib/cxa_thread_atexit_impl.c
cfn=(794) __call_tls_dtors
calls=1 149 
* 12
* 1

fn=(790)
142 3
+1 3
-1 1
+1 1
cfn=(792)
calls=1 40 
* 1868

fl=(216) ./posix/./posix/register-atfork.c
fn=(812) __unregister_atfork
76 6
+1 3
-1 3
+1 9
fi=(217) ./posix/../malloc/dynarray-skeleton.c
243 3
fe=(216)
65 6
+38 12
+1 6

fl=(87)
fn=(302)
29 1
fi=(88) ./wcsmbs/../sysdeps/x86_64/multiarch/ifunc-wcslen.h
+5 4
-1 2
+2 3
+2 2
+4 3
+3 3
fe=(87)
-15 1

fl=(99)
fn=(332)
30 1
fi=(95) ./wcsmbs/../sysdeps/x86_64/multiarch/ifunc-avx2.h
+3 5
-1 2
+2 3
+2 2
+4 3
+3 4
fe=(99)
-13 1

fl=(177)
fn=(674)
3287 492
+7 164
1343 164
+19 328
3306 328
+3 164
+10 168
+28 280
1362 59
3304 177
+7 240
3193 52
+1 52
+2 26
+1 26
-1 78
+1 26
+1 26
3347 130
-26 224
cfn=(632) _int_malloc
calls=56 1343 
* 7886
+1 280
fi=(178) ./malloc/./malloc/arena.c
162 112
fe=(177)

fn=(774)
3352 34
+4 68
-4 34
+14 34
-14 68
+12 34
+4 34
-4 34
+4 68
+17 102
fi=(178)
162 102
fe=(177)
3391 68
cfn=(778) _int_free
calls=34 4421 
* 2176
+3 34
+1 136

fn=(630) tcache_init.part.0
3235 3
+9 8
+1 3
cfn=(632)
calls=1 1343 
* 367
* 1
+1 2
+8 4
+7 2
+2 1
+1 2
-1 1
+1 86
+3 4

fn=(634) sysmalloc
2548 18
+20 8
+11 4
+1 6
+26 2
+1 6
+1 2
+9 12
+6 6
+3 6
2941 4
+1 2
+5 4
+3 4
+5 4
-2 2
+2 2
-1 2
+1 2
-3 2
+3 2
+1 2
-1 6
+1 2
+2 4
+6 22
2687 4
+9 8
+13 6
+8 10
+8 4
+39 4
+2 6
+6 6
+1 1
2946 1
2773 3
+2 2
2896 1
-1 1
+1 3
+1 1
+11 2
fi=(178)
565 2
fe=(177)
2727 2
cfi=(180)
cfn=(638)
calls=2 25 
* 100
+1 4
-1 2
+1 2
2028 2
2729 2
2028 2
2729 2
2028 4
2730 2
+3 4
+33 4
2610 4
2775 2
+40 3
+22 1
+1 1
-1 1
+1 6
+2 2
+1 3
cfi=(180)
cfn=(638)
calls=1 25 
* 28
+12 2
-12 1
+12 1
2028 4
2897 4
2765 2
-52 3

fn=(620)
3624 4
+10 2
-10 8
+10 16
+8 4
+3 6
+2 6
+32 6
cfn=(632)
calls=2 1343 
* 454
+2 10
fi=(178)
162 6
fe=(177)
3681 4
+3 6
+14 4
+11 2
+5 2
-2 4
-3 2
+12 8
-20 8
+31 2
+2 4
+2 4
fi=(178)
315 1
cfn=(624) ptmalloc_init.part.0
calls=1 -2 
* 1128
* 1
fe=(177)
3657 2
+1 6
+7 2
+97 2
-25 4
+25 8
-25 2
cob=(2)
cfi=(51)
cfn=(644)
calls=2 0 
* 134534
3241 4
cfn=(630)
calls=1 -6 
* 484
* 1

fn=(632)
1343 118
3771 59
1362 59
3771 472
1362 118
3811 12
+27 12
+66 55
+2 55
-2 55
+2 110
1362 106
3811 106
4397 106
3838 106
+63 10
+62 147
+1 12
+1 6
3838 12
1362 6
3843 12
+2 12
+8 144
-10 48
+2 258
4399 110
3903 55
4399 715
3983 55
+1 55
-1 110
-1 110
+2 110
-1 4
+1 4
-1 8
-1 8
+2 8
-2 174
+12 58
-6 58
+73 232
-67 175
-6 1
+73 4
-67 3
4413 531
4183 118
+2 12
+3 4
-3 4
+3 8
+68 118
+1 59
+1 59
-1 59
+1 59
+1 118
+1 177
+5 118
3963 4
4269 177
+3 220
-3 165
+3 220
-3 110
+3 162
+97 59
+1 118
+2 118
+3 181
+17 6
3904 3
4380 57
-2 114
+2 57
-1 57
+6 57
-5 57
-3 57
+3 57
+2 57
-2 228
2005 57
4382 57
2005 114
4407 8
cfn=(634)
calls=2 2548 
* 401
* 2
+1 4
2005 6

fn=(778)
4421 272
+10 34
-10 102
+10 68
+6 170
+1 68
+4 136
+8 170
-1 68
+1 68
+29 34
-20 34
-6 34
+6 68
+20 136
4702 374
3181 34
+4 34
-4 34
+2 136
+1 34
+1 34
4482 34

fl=(189) ./libio/./libio/filedoalloc.c
fn=(664) _IO_file_doallocate
78 18
+6 8
fi=(200)
940 6
+2 4
+1 4
fe=(189)
84 6
cfi=(188)
cfn=(666) _IO_file_stat
calls=2 1146 
* 36
* 4
+2 8
+11 8
+4 4
cob=(2)
cfi=(51)
cfn=(672)
calls=2 0 
* 374
* 2
+1 4
+2 8
cfi=(187)
cfn=(678) _IO_setb
calls=2 329 
* 48
+1 2
+1 16

fl=(188)
fn=(666)
1146 2
+1 4
cfi=(190)
cfn=(668)
calls=2 29 
* 30

fn=(720) _IO_do_write@@GLIBC_2.2.5
423 2
+2 6
+1 1
-3 1
fi=(200)
940 1
fe=(188)
423 2
fi=(200)
940 1
fe=(188)
423 1
fi=(200)
940 2
fe=(188)
423 5
+20 1
-10 2
+7 4
fi=(200)
942 2
+1 2
fe=(188)
448 4
cfn=(876) _IO_file_write@@GLIBC_2.2.5
calls=1 1173 
* 46
* 1
+1 5
+2 1
+4 2
-3 2
-1 2
+4 3
-2 1
-28 4
+1 8
+28 3

fn=(876)
1173 7
+2 6
+5 1
cfi=(218)
cfn=(878)
calls=1 25 
* 9
+1 2
+5 1
+1 1
-12 2
+4 3
+1 2
+10 3
+3 6
-4 3

fn=(660) _IO_file_underflow@@GLIBC_2.2.5
461 2
+4 6
-4 16
+7 4
+6 6
+3 4
+12 2
+9 4
fi=(200)
940 2
+2 2
-2 2
fe=(188)
505 4
cfi=(187)
cfn=(680) _IO_switch_to_get_mode
calls=2 164 
* 50
+6 2
+5 2
-5 2
fi=(200)
942 4
fe=(188)
511 2
fi=(200)
942 2
fe=(188)
511 6
fi=(200)
943 4
fe=(188)
516 8
cfn=(682) _IO_file_read
calls=2 1130 
* 28
+2 4
+16 1
-9 1
+9 2
+2 2
+1 8
-6 1
-10 5
+11 1
-11 2
+16 8
-57 3
+5 2
cfi=(187)
cfn=(662) _IO_doallocbuf
calls=1 343 
* 306
+4 4

fn=(682)
1130 2
+1 2
+2 2
-1 2
+1 4
cfi=(192)
cfn=(684)
calls=2 25 
* 16

fn=(718) _IO_file_overflow@@GLIBC_2.2.5
731 10
+1 8
+7 8
+37 1
-2 4
-32 2
+12 2
+9 3
+5 3
+2 2
-3 2
+3 1
+1 1
-6 1
+1 1
+5 4
+16 2
-12 2
+1 2
+11 4
-12 2
cfn=(720)
calls=2 423 
* 115
-31 2
cfi=(187)
cfn=(662)
calls=1 343 
* 306
+1 1
+9 1
-9 5

fn=(886) _IO_file_sync@@GLIBC_2.2.5
792 10
+5 8
+2 2
+1 4
+11 4
+4 8

fn=(716)
1197 255
+7 51
-7 153
+6 194
+9 92
-2 184
+17 138
+1 45
+3 135
+2 45
+2 45
+2 90
-2 45
+1 45
+1 45
-2 45
cob=(2)
cfi=(51)
cfn=(730)
calls=45 0 
* 844
* 45
+4 90
+28 459
-36 1
+12 1
fi=(200)
940 3
+2 2
+1 2
fe=(188)
1243 3
cfn=(718)
calls=1 731 
* 362
* 2
+6 2
+1 7
+2 2
+11 3
+1 4
cfi=(187)
cfn=(722) _IO_default_xsputn
calls=1 371 
* 63
+2 3

fn=(882) _IO_file_setbuf@@GLIBC_2.2.5
381 6
+1 2
cfi=(187)
cfn=(884) _IO_default_setbuf
calls=2 +70 
* 138
* 4
+3 2
+4 4
-2 6
+3 4

fl=(165) ./misc/./misc/init-misc.c
fn=(564) __init_misc
30 1
+1 2
-1 4
+1 3
+2 3
cob=(2)
cfi=(51)
cfn=(566)
calls=1 -33 
* 54
+4 5
+1 3
+2 4

fl=(207)
fn=(768)
51 20
+2 20
+1 20
+1 20
+1 20
+1 20
+3 20
+1 20
+4 20
+1 20
+1 20
+1 20
+1 20
+1 20
+1 20
+1 20
+6 20
+1 40

fl=(181)
fn=(640)
37 6
+6 3
-6 3
+3 3
-3 6
+3 3
+3 3
+20 1
+15 15
-20 6
+1 2
cfi=(182) ./misc/../sysdeps/unix/sysv/linux/brk.c
cfn=(642) brk
calls=1 -24 
* 9
* 2
+4 1
-1 6
+4 8
+8 2
cfi=(182)
cfn=(642)
calls=2 -39 
* 18
* 4

fl=(219)
fn=(888)
27 2
+3 1
+1 2

fl=(164)
fn=(562)
46 4
+5 2
+4 5
+8 1
-2 1
+10 1
-9 1
+1 1
+9 2
-1 1
cfi=(165)
cfn=(564)
calls=1 -41 
* 79

fl=(154)
fn=(506)
33 7
+2 1
cfi=(155)
cfn=(508)
calls=1 -6 
* 17
+3 1
fi=(157) ./elf/../sysdeps/nptl/pthread_early_init.h
-5 2
fe=(154)
+8 1
-3 1
fi=(157)
-5 1
cfi=(156) ./resource/../sysdeps/unix/sysv/linux/getrlimit64.c
cfn=(510) getrlimit
calls=1 +5 
* 10
* 3
+1 6
+11 1
fi=(228) ./elf/../nptl/nptl-stack.h
+13 3
fi=(157)
-13 1
fi=(228)
+13 2
fi=(157)
-4 1
fi=(228)
+4 2
fi=(157)
-6 1
fi=(228)
+6 1
fi=(157)
-12 1
+6 6
+1 1
+4 1
cfi=(158) ./nptl/./nptl/pthread_mutex_conf.c
cfn=(514) __pthread_tunables_init
calls=1 -7 
* 928
fe=(154)
-10 3
+2 2
-2 1
cfi=(161) ./nptl/../sysdeps/unix/sysv/linux/x86/elision-conf.c
cfn=(528) __lll_elision_init
calls=1 +49 
* 147

fl=(128)
fn=(408)
31 1
fi=(124) ./string/../sysdeps/x86_64/multiarch/ifunc-evex.h
+4 5
-1 2
+2 3
+5 2
-3 2
+9 3
+3 4
fe=(128)
-19 1

fl=(211)
fn=(794)
149 4
+1 4
+18 4

fl=(118)
fn=(380)
29 2
fi=(84)
+4 10
-1 4
+2 6
+2 4
+4 6
+3 8
fe=(118)
-14 2

fl=(100)
fn=(336)
31 1
fi=(101)
+5 2
+1 1
-1 2
+1 2
+2 2
+4 3
+3 3
fe=(100)
-15 1

fl=(166)
fn=(568)
46 1
+1 1
+1 1
+2 1
+1 1
+3 1
+1 1
+1 1
+33 1
+1 1
+1 1
+1 1
+1 1
+1 1
+1 1
+1 1
+1 1
+1 1
+3 1
+1 1
+9 1
+1 1
+3 1
+1 2
+4 1
+1 1
+1 1
+1 1
+1 1
+1 1
+1 1
+1 1
+32 1
+1 1
+2 1
+1 1
+1 1
+1 1
+6 1
+1 1
+2 2
+5 1
+1 1
+1 1
+15 1
+1 1
+1 1
+1 1
+1 1
+2 1

fl=(167)
fn=(570)
83 1
+1 4
+1 3
+1 3
+2 1

fl=(174)
fn=(612)
30 1
+2 1
+9 1
+1 2
+1 1
+4 1
+1 1
+1 1
+1 1
+1 1
+2 2
+2 1
+1 1
+1 1
+2 2
+2 1
+5 1
+1 1
+17 1
cfi=(175) ./setjmp/./setjmp/sigjmp.c
cfn=(614) __sigjmp_save
calls=1 -56 
* 9

fl=(201)
fn=(728)
83 31
+23 31
+1 31
+2 31
+1 31
+1 31
+1 31
+1 31
+2 26
+1 26
+1 26
+1 26
+1 26
+1 26
+1 26
+1 26
+18 26
+1 26
+1 26
+3 52
718 5
+1 5
+4 5
+11 5
+1 5
+1 5
+2 10
+10 5
+1 5
+2 3
+1 3
+1 3
+1 3
+1 3
+1 3
+1 3
+15 2
+1 2
+1 2
+1 2
+1 2
+1 2
+1 2
+1 2
+1 2

fl=(127)
fn=(406)
31 1
fi=(227)
+1 5
fe=(127)
-1 1

fl=(102)
fn=(340)
31 2
fi=(103) ./wcsmbs/../sysdeps/x86_64/multiarch/ifunc-evex.h
+4 10
-1 4
+2 6
+5 4
-3 4
+9 6
+3 8
fe=(102)
-19 2

fl=(91)
fn=(310)
29 1
fi=(88)
+5 4
-1 2
+2 3
+2 2
+4 3
+3 3
fe=(91)
-15 1

fl=(106)
fn=(348)
29 1
fi=(229) ./string/../sysdeps/x86_64/multiarch/ifunc-sse4_2.h
+1 5
fe=(106)
-1 1

fl=(125)
fn=(400)
29 1
fi=(229)
+1 5
fe=(125)
-1 1

fl=(206)
fn=(764)
1180 60
+30 25
+8 15
+4 25
+11 10
+11 5
fi=(230) ./stdio-common/./stdio-common/printf-parse.h
111 10
fe=(206)
1244 25
fi=(230)
111 5
cob=(2)
cfi=(51)
cfn=(766)
calls=5 0 
* 105
fe=(206)
1259 5
fi=(230)
111 5
fe=(206)
1259 15
239 5
fi=(231) ./stdio-common/../libio/libioP.h
940 5
fe=(206)
1263 5
fi=(231)
942 5
-2 5
fe=(206)
1263 5
fi=(231)
940 10
+2 10
+1 10
fe=(206)
239 20
cfi=(188)
cfn=(716)
calls=5 1197 
* 100
* 10
127 45
1263 10
+4 15
+4 40
1532 5
1214 5
+34 5
-8 5
1532 15
+23 5
-39 5
+39 5
-39 5
+39 10
1313 225
+39 15
-51 15
-1 15
-1 15
-1 15
+5 15
1501 15
fi=(230)
88 15
fe=(206)
1352 15
-46 15
-4 15
+50 15
1501 15
1295 15
-1 15
-1 15
-1 15
-1 15
+16 30
1608 10
+1 10
+3 60
-4 45
1218 10
+41 20
cfi=(186) ./nptl/./nptl/libc-cleanup.c
cfn=(654) __libc_cleanup_push_defer
calls=5 24 
* 50
+1 65
-1 10
1609 10
cfi=(186)
cfn=(692) __libc_cleanup_pop_restore
calls=5 39 
* 40
+2 5
-47 5
-47 110
-1 130
cfi=(208)
cfn=(770)
calls=10 163 
* 288
* 310
192 20
+47 10
fi=(231)
942 30
+1 20
fe=(206)
239 40
cfi=(188)
cfn=(716)
calls=10 1197 
* 664
* 20
127 165
1517 30
-54 10
+53 20
+73 15
fi=(230)
111 15
fe=(206)
1583 15
fi=(230)
111 30
cob=(2)
cfi=(51)
cfn=(766)
calls=15 0 
* 315
fe=(206)
239 15
fi=(231)
942 15
fe=(206)
1593 15
fi=(230)
111 15
fi=(231)
942 15
fe=(206)
1593 15
fi=(231)
942 15
+1 30
fe=(206)
239 60
cfi=(188)
cfn=(716)
calls=15 1197 
* 990
* 30
127 195
1593 30
+2 35
-79 200
192 20
1392 20
1516 80
+1 10
cob=(2)
cfi=(51)
cfn=(714)
calls=5 0 
* 80
* 10
-1 100
239 5
fi=(231)
942 15
+1 10
fe=(206)
239 20
cfi=(188)
cfn=(716)
calls=5 1197 
* 319
* 10
127 30
1516 20

fl=(161)
fn=(528)
96 2
+5 1
-5 1
+5 1
-5 3
+5 3
cob=(2)
cfi=(51)
cfn=(516)
calls=1 0 
* 22
+2 4
cob=(2)
cfi=(51)
cfn=(516)
calls=1 0 
* 22
+2 4
cob=(2)
cfi=(51)
cfn=(516)
calls=1 0 
* 22
+2 4
cob=(2)
cfi=(51)
cfn=(516)
calls=1 0 
* 22
+2 4
cob=(2)
cfi=(51)
cfn=(516)
calls=1 0 
* 22
+4 3
+1 1
+1 6

fl=(119)
fn=(384)
29 1
fi=(101)
+7 2
+1 1
-1 2
+1 2
+2 2
+4 3
+3 3
fe=(119)
-17 1

fl=(158)
fn=(514)
50 2
+1 2
-1 4
+1 3
cob=(2)
cfi=(51)
cfn=(516)
calls=1 -51 
* 884
+2 4
cob=(2)
cfi=(51)
cfn=(516)
calls=1 -53 
* 23
+2 6

fl=(186)
fn=(692)
39 67
+3 134
+2 134
+1 134
+2 67

fn=(654)
24 67
+3 134
+3 268
+1 67
+2 67
+1 67

fl=(85)
fn=(298)
29 1
fi=(229)
+1 5
fe=(85)
-1 1

fl=(107)
fn=(350)
43 1
-6 5
+6 1

fl=(214)
fn=(800)
367 1
51 3
+1 2
367 1
57 2
+8 1
-3 1
-23 1
+1 2
+30 1
369 2
40 3
+1 2
+33 2
+6 4
+4 3
+3 3

fl=(178)
fn=(624)
313 1
fi=(177)
3162 3
fe=(178)
313 5
+5 1
fi=(177)
3162 2
cfi=(179)
cfn=(626)
calls=1 28 
* 9
* 2
fe=(178)
343 2
+4 3
fi=(177)
1966 4
+3 1
-3 1
+3 2
-3 2
+3 126
-3 126
+3 252
-3 252
fe=(178)
352 3
fi=(177)
1977 1
+1 1
+2 1
fe=(178)
352 1
cob=(2)
cfi=(51)
cfn=(516)
calls=1 0 
* 23
+1 4
cob=(2)
cfi=(51)
cfn=(516)
calls=1 0 
* 22
+1 4
cob=(2)
cfi=(51)
cfn=(516)
calls=1 0 
* 23
+1 4
cob=(2)
cfi=(51)
cfn=(516)
calls=1 0 
* 23
+1 4
cob=(2)
cfi=(51)
cfn=(516)
calls=1 0 
* 22
+1 4
cob=(2)
cfi=(51)
cfn=(516)
calls=1 0 
* 23
+1 4
cob=(2)
cfi=(51)
cfn=(516)
calls=1 0 
* 23
+2 4
cob=(2)
cfi=(51)
cfn=(516)
calls=1 0 
* 23
+1 4
cob=(2)
cfi=(51)
cfn=(516)
calls=1 0 
* 23
+1 4
cob=(2)
cfi=(51)
cfn=(516)
calls=1 0 
* 23
+3 4
cob=(2)
cfi=(51)
cfn=(516)
calls=1 0 
* 23
+1 4
cob=(2)
cfi=(51)
cfn=(516)
calls=1 0 
* 23
+1 2
+63 7

fl=(183)
fn=(646)
181 2
+1 6
+5 2
+1 2
+1 2
+1 2
+69 2
+1 2
+88 2
+1 2
+1 2
+1 134498
+1 2
+1 4

fl=(182)
fn=(642)
35 3
+1 12
+1 6
+6 3
+1 3

fl=(120)
fn=(388)
29 1
fi=(121) ./wcsmbs/../sysdeps/x86_64/multiarch/ifunc-memcmp.h
+5 2
+1 1
-1 2
+1 2
+1 2
+1 3
+2 2
+4 3
+3 3
fe=(120)
-17 1

fl=(171)
fn=(588)
69 9
-28 2
+2 6
+1 2
cfn=(590) __new_exitfn
calls=1 +38 
* 32
+2 2
+10 1
+2 1
-5 3
+3 1
-1 1
+4 2
+1 1
-1 2
+12 6

fn=(590)
82 1
+6 2
-6 4
+11 4
-10 2
+12 4
-2 1
+10 1
-10 3
+45 1
+5 1
-4 1
+4 4
-18 1
-1 1
+1 1

fl=(202)
fn=(732)
294 45
+1 45
+1 45
+1 45
+17 45
+1 45
+42 45
+1 45
+2 43
+1 43
+2 27
+4 27
+1 25
+1 25
+1 25
+1 25
+1 2
+1 2
+2 2
+2 2
-2 23
+2 23
+6 2
+1 2
+1 2
+1 2
+1 2
+7 2
+1 2
+1 2
+1 2
+2 2
+17 16
+1 16
+1 16
+1 16
+1 16

fl=(94)
fn=(318)
31 2
fi=(95)
+2 10
-1 4
+2 6
+2 4
+4 6
+3 8
fe=(94)
-12 2

fl=(187)
fn=(722)
371 1
+3 2
-3 8
fi=(200)
940 1
fe=(187)
371 1
fi=(200)
940 1
fe=(187)
371 1
fi=(200)
940 1
fe=(187)
371 2
+18 2
+8 1
+2 2
-20 4
+2 3
+3 2
+20 1
-29 1
+29 7
-11 10
+1 8
-1 4

fn=(884)
452 4
fi=(200)
940 2
fe=(187)
452 4
fi=(200)
940 2
fe=(187)
452 2
fi=(200)
940 2
fe=(187)
452 8
+1 2
fi=(200)
942 4
+1 4
fe=(187)
453 4
cfi=(188)
cfn=(886)
calls=2 792 
* 36
* 4
+4 2
330 2
462 2
-7 4
332 4
+5 2
-5 2
+5 2
467 2
332 2
466 8
+2 12
-11 2
+1 4
-1 2
330 8

fn=(662)
343 2
+1 4
-1 6
+3 8
+1 2
fi=(200)
940 6
+2 4
+1 4
fe=(187)
347 4
cfi=(189)
cfn=(664)
calls=2 78 
* 560
* 4
+3 8

fn=(868)
863 2
+3 1
-3 9
-77 1
+80 1
cfn=(870) _IO_flush_all_lockp
calls=1 686 
* 269
-80 2
+80 1
-80 3
cfi=(186)
cfn=(654)
calls=1 24 
* 10
+1 9
+3 1
-3 2
+3 2
fi=(200)
940 4
fe=(187)
838 3
-48 9
+9 9
+2 6
+6 26
+8 10
+9 2
fi=(200)
942 4
+1 4
fe=(187)
824 8
cfi=(188)
cfn=(882)
calls=2 381 
* 166
+2 6
+4 10
+1 16
+11 9
+1 2
cfi=(186)
cfn=(692)
calls=1 39 
* 8
+35 12
-59 2
-2 2
+3 2
-3 2
+2 6

fn=(678)
329 18
+1 8
+5 4
-3 2
+3 8
+3 8

fn=(680)
164 10
+1 6
+3 6
+4 4
+1 4
+7 2
-4 2
+4 2
-2 4
+3 2
+1 8

fn=(658) _IO_default_uflow
361 4
fi=(200)
940 4
fe=(187)
361 2
fi=(200)
940 2
fe=(187)
361 4
+1 2
fi=(200)
942 4
+1 4
fe=(187)
362 4
cfi=(188)
cfn=(660)
calls=2 +99 
* 514
+1 4
+2 4
+1 8

fn=(656) __uflow
299 10
+1 6
+5 6
+3 2
173 2
308 4
+2 4
+6 4
+7 2
fi=(200)
940 6
+2 4
+1 4
fe=(187)
323 2
+1 2
-1 2
+1 4
-1 2
cfn=(658)
calls=2 +38 
* 560
-23 4
+21 6

fn=(686) _IO_sputbackc
635 1110
+3 666
+1 444
+9 222
+3 888
-10 444
+1 222
+5 222

fn=(870)
686 12
+5 6
cfi=(186)
cfn=(654)
calls=1 24 
* 10
+1 9
+3 1
-8 1
+5 2
+3 2
fi=(200)
940 4
fe=(187)
706 1
fi=(200)
942 2
+1 2
fe=(187)
706 3
cfi=(188)
cfn=(718)
calls=1 +25 
* 133
+1 3
+2 6
+2 3
-16 9
+2 3
+1 6
+3 20
+14 9
+1 2
cfi=(186)
cfn=(692)
calls=1 39 
* 8
+4 12

fl=(89)
fn=(306)
29 1
fi=(90) ./string/../sysdeps/x86_64/multiarch/ifunc-memset.h
+21 5
+3 3
+7 2
+9 2
+2 2
+10 2
+8 2
+2 5
fe=(89)

fl=(97)
fn=(324)
28 1
fi=(84)
+5 5
-1 2
+2 3
+2 2
+4 3
+3 4
fe=(97)
-15 1

fl=(156)
fn=(510)
38 2
+1 7
+1 1

fl=(110)
fn=(358)
29 1
fi=(111) ./string/../sysdeps/x86_64/multiarch/ifunc-memcmp.h
+5 2
+1 1
-1 2
+1 2
+1 2
+1 3
+2 2
+4 3
+3 3
fe=(110)
-17 1

fl=(122)
fn=(392)
33 1
fi=(101)
+3 2
+1 1
-1 2
+1 2
+2 2
+4 3
+3 3
fe=(122)
-13 1

fl=(96)
fn=(322)
61 1
-20 2
+1 1
-1 2
-1 2
+2 2
+2 2
+4 3
+3 3
+10 1

fl=(116)
fn=(374)
29 1
fi=(101)
+7 2
+1 1
-1 2
+1 2
+2 2
+4 3
+3 3
fe=(116)
-17 1

fl=(123)
fn=(396)
29 1
fi=(124)
+6 5
-1 2
+2 3
+5 2
-3 2
+9 3
+3 4
fe=(123)
-21 1

fl=(215)
fn=(810)
30 6
+3 6
-3 21
+3 12
+3 9
+4 18
-4 9
+58 12
+4 18
-4 9
+11 6
+1 6
cfi=(216)
cfn=(812)
calls=3 -30 
* 48
+1 12
+1 24

fl=(175)
fn=(614)
28 3
+2 2
-1 1
+5 3

fl=(81)
fn=(290)
86 1
fi=(82) ./string/../sysdeps/x86/cacheinfo.h
-25 1
+3 3
+2 1
+1 1
-1 2
+7 3
+2 1
+1 1
-1 2
+5 2
+2 2
+1 2
+1 2
+2 2
fe=(81)
* 2

fl=(185)
fn=(652)
278 780
+10 300
+1 60
fi=(195) ./stdio-common/../include/scratch_buffer.h
78 60
fe=(185)
289 60
fi=(195)
77 120
fe=(185)
339 60
fi=(195)
77 60
fe=(185)
339 240
+6 181
+3 240
+4 120
+13 60
-6 60
+8 120
-8 60
+8 60
+5 60
-5 60
+5 360
cfi=(186)
cfn=(654)
calls=60 24 
* 600
* 180
+9 60
-4 60
+4 180
570 60
284 60
-1 60
+10 60
-11 60
570 120
2429 240
328 120
+4 60
-5 60
-1 60
-1 60
-12 60
2180 60
2429 60
2180 300
418 328
+24 328
+1 328
+3 260
-65 652
3015 295
222 224
+1 224
-1 112
488 112
222 112
488 224
222 112
488 224
345 118
+3 2
+24 660
482 112
+22 448
+25 112
-4 448
+7 1120
+80 224
+5 112
-1 224
+1 224
+1 180
+3 336
+1 896
+6 1152
+3 382
-3 191
+3 766
-3 1
+3 4
-3 386
+3 6
+1 784
+1 557
+4 222
-4 222
cfi=(187)
cfn=(686)
calls=111 +2 
* 2109
+4 888
-9 4
cfi=(187)
cfn=(656)
calls=2 299 
* 636
* 8
3025 780
cfi=(186)
cfn=(692)
calls=60 39 
* 480
fi=(195)
85 180
fe=(185)
3029 120
+17 118
+6 720
442 52
+6 104
618 6
3031 3
637 11
1398 540
+5 162
+9 324
1733 108
+9 54
fi=(195)
113 216
fe=(185)
1742 108
fi=(195)
113 162
fe=(185)
1740 750
260 196
1797 98
260 196
+3 294
1799 392
+2 882
-68 196
+2 304
+2 270
+67 108
206 54
1811 108
214 108
1812 108
+28 324
cfi=(187)
cfn=(686)
calls=54 635 
* 1026
260 162
+3 162
1844 108
1669 54
206 54
1862 108
1669 108
1861 162
+1 54
cfi=(193)
cfn=(688)
calls=54 97 
* 6560
* 54
+6 162
+3 270
+6 54
-4 108
+4 108
+23 108
1390 54
-1 54
+2 54
1742 270
1435 216
+3 216
637 57
1017 290
+2 290
+2 458
+10 114
-10 57
+10 171
+71 57
-81 399
+81 57
-81 171
1144 3664
1031 916
1144 458
1031 916
1144 401
-45 916
+3 458
-1 916
+1 916
-1 916
2943 114
+40 171
+2 114
+8 114
-10 57
+8 114
1813 38
+1 38
+65 108
+17 540
2048 285
1033 171
cfi=(187)
cfn=(686)
calls=57 635 
* 1083
+1 57
1881 108
+1 162
1023 6
-2 3
+1 1
-3 812

fl=(98)
fn=(328)
29 2
fi=(93)
+24 6
-1 4
+4 6
+14 4
+2 4
+8 4
+8 4
+2 10
fe=(98)

fl=(191)
fn=(670)
153 4
-55 4
+70 6
+1 2

ob=(5)
fl=(163)
fn=(556)
0 5

fn=(548)
0 12

fn=(830)
0 11
cob=(2)
cfi=(51)
cfn=(836)
calls=1 0 
0 74
0 10
cfn=(842) 0x0000000000001070
calls=1 0 
0 5
0 5

fn=(842)
0 5

ob=(4)
fl=(136)
fn=(434)
26 1
fi=(130) ./math/../sysdeps/x86_64/fpu/multiarch/ifunc-fma.h
+3 4
+1 3
fe=(136)
-4 1

fl=(142)
fn=(464)
27 1
fi=(139) ./math/../sysdeps/x86_64/fpu/multiarch/ifunc-fma4.h
+4 4
+1 2
fe=(142)
-5 1

fn=(454)
35 1
fi=(139)
-4 4
+1 2
+3 1
fe=(142)

fl=(135)
fn=(430)
27 1
fi=(130)
+2 4
+1 3
fe=(135)
-3 1

fl=(204)
fn=(756)
23 28
+1 28
+1 28
+1 28
+1 28
+23 28

fl=(145)
fn=(468)
27 1
fi=(130)
+2 4
+1 3
fe=(145)
-3 1

fl=(209)
fn=(782)
44 18
fi=(232) ./math/../sysdeps/ieee754/dbl-64/math_config.h
+23 18
fe=(209)
-28 18
+17 54
-17 18
+17 36
+28 54
+17 18
+37 18
-30 18
-4 18
-3 18
+37 18
-15 18
-19 18
-2 18
+1 18
+1 18
-2 18
+6 18
+15 18
-19 18
+16 72
-15 18
+15 18
-15 18
+15 18
-15 18
+15 36
fi=(232)
-41 18
fe=(209)
+41 18
+8 18
+10 18
-4 18
fi=(232)
-55 18
fe=(209)
+55 18
+4 18
fi=(232)
-59 18
fe=(209)
+59 18
fi=(232)
-59 18
fe=(209)
+59 18
-15 18
+15 18
-3 36
-6 36
+9 36
-8 18
+8 36
-8 18
+8 36
-16 36
+2 18
+15 18
-15 36
+6 18
+9 36
+1 18

fl=(168)
fn=(850)
0 9
cob=(2)
cfi=(51)
cfn=(856)
calls=1 0 
0 74
0 1
cfn=(860) 0x000000000000e3b0
calls=1 0 
0 5
0 3

fn=(576)
0 12

fn=(860)
0 5

fl=(137)
fn=(438)
30 1
fi=(130)
-1 4
+1 4
fe=(137)

fl=(141)
fn=(450)
27 1
fi=(132) ./math/../sysdeps/x86_64/fpu/multiarch/ifunc-avx-fma4.h
+5 5
+1 2
fe=(141)
-6 1

fl=(134)
fn=(426)
34 1
fi=(132)
-2 5
+1 2
fe=(134)
+1 1

fn=(476)
27 1
fi=(132)
+5 5
+1 2
fe=(134)
-6 1

fl=(133)
fn=(422)
27 1
fi=(130)
+2 4
+1 3
fe=(133)
-3 1

fl=(144)
fn=(462)
49 6

fl=(131)
fn=(418)
27 1
fi=(132)
+5 5
+1 2
fe=(131)
-6 1

fl=(146)
fn=(472)
26 1
fi=(132)
+6 5
+1 2
fe=(146)
-7 1

fl=(140)
fn=(446)
27 1
fi=(130)
+2 4
+1 3
fe=(140)
-3 1

fl=(143)
fn=(458)
26 1
fi=(130)
+3 4
+1 3
fe=(143)
-4 1

fl=(129)
fn=(414)
26 1
fi=(130)
+3 4
+1 3
fe=(129)
-4 1

fl=(138)
fn=(442)
27 1
fi=(139)
+4 4
+1 2
fe=(138)
-5 1

totals: 696113
