# callgrind format
version: 1
creator: callgrind-3.18.1
pid: 332870
cmd:  ./first
part: 1


desc: I1 cache: 
desc: D1 cache: 
desc: LL cache: 

desc: Timerange: Basic block 0 - 1175560789
desc: Trigger: Program termination

positions: line
events: Ir
summary: 6508547590


ob=(4) /usr/lib/x86_64-linux-gnu/libm.so.6
fl=(141) ./math/../sysdeps/x86_64/fpu/multiarch/e_log.c
fn=(450) __log_finite@GLIBC_2.15
27 1
fi=(132) ./math/../sysdeps/x86_64/fpu/multiarch/ifunc-avx-fma4.h
+5 5
+1 2
fe=(141)
-6 1

fl=(134) ./math/../sysdeps/x86_64/fpu/multiarch/s_sin.c
fn=(426) cos
34 1
fi=(132)
-2 5
+1 2
fe=(134)
+1 1

fn=(476) sin
27 1
fi=(132)
+5 5
+1 2
fe=(134)
-6 1

fl=(133) ./math/../sysdeps/x86_64/fpu/multiarch/e_expf.c
fn=(422) expf@@GLIBC_2.27
27 1
fi=(130) ./math/../sysdeps/x86_64/fpu/multiarch/ifunc-fma.h
+2 4
+1 3
fe=(133)
-3 1

fl=(144) ./math/../sysdeps/x86_64/fpu/multiarch/s_fma.c
fn=(462) fma
49 6

fl=(131) ./math/../sysdeps/x86_64/fpu/multiarch/e_exp.c
fn=(418) __exp_finite@GLIBC_2.15
27 1
fi=(132)
+5 5
+1 2
fe=(131)
-6 1

fl=(146) ./math/../sysdeps/x86_64/fpu/multiarch/e_atan2.c
fn=(472) __atan2_finite@GLIBC_2.15
26 1
fi=(132)
+6 5
+1 2
fe=(146)
-7 1

fl=(140) ./math/../sysdeps/x86_64/fpu/multiarch/e_log2f.c
fn=(446) log2f@@GLIBC_2.27
27 1
fi=(130)
+2 4
+1 3
fe=(140)
-3 1

fl=(206) ./math/../sysdeps/ieee754/dbl-64/e_log2.c
fn=(756) log2@@GLIBC_2.29
44 1094805
fi=(213) ./math/../sysdeps/ieee754/dbl-64/math_config.h
+23 1094805
fe=(206)
-28 1094805
+17 3284415
-17 1094805
+17 2189610
+28 3284415
+17 1094805
+37 1094805
-30 1094805
-4 1094805
-3 1094805
+37 1094805
-15 1094805
-19 1094805
-2 1094805
+1 1094805
+1 1094805
-2 1094805
+6 1094805
+15 1094805
-19 1094805
+16 4379220
-15 1094805
+15 1094805
-15 1094805
+15 1094805
-15 1094805
+15 2189610
fi=(213)
-41 1094805
fe=(206)
+41 1094805
+8 1094805
+10 1094805
-4 1094805
fi=(213)
-55 1094805
fe=(206)
+55 1094805
+4 1094805
fi=(213)
-59 1094805
fe=(206)
+59 1094805
fi=(213)
-59 1094805
fe=(206)
+59 1094805
-15 1094805
+15 1094805
-3 2189610
-6 2189610
+9 2189610
-8 1094805
+8 2189610
-8 1094805
+8 2189610
-16 2189610
+2 1094805
+15 1094805
-15 2189610
+6 1094805
+9 2189610
+1 1094805

fl=(143) ./math/../sysdeps/x86_64/fpu/multiarch/s_sinf.c
fn=(458) sinf
26 1
fi=(130)
+3 4
+1 3
fe=(143)
-4 1

fl=(129) ./math/../sysdeps/x86_64/fpu/multiarch/s_cosf.c
fn=(414) cosf
26 1
fi=(130)
+3 4
+1 3
fe=(129)
-4 1

fl=(138) ./math/../sysdeps/x86_64/fpu/multiarch/e_pow.c
fn=(442) __pow_finite@GLIBC_2.15
27 1
fi=(139) ./math/../sysdeps/x86_64/fpu/multiarch/ifunc-fma4.h
+4 4
+1 2
fe=(138)
-5 1

fl=(136) ./math/../sysdeps/x86_64/fpu/multiarch/s_sincosf.c
fn=(434) sincosf
26 1
fi=(130)
+3 4
+1 3
fe=(136)
-4 1

fl=(142) ./math/../sysdeps/x86_64/fpu/multiarch/e_asin.c
fn=(464) __asin_finite@GLIBC_2.15
27 1
fi=(139)
+4 4
+1 2
fe=(142)
-5 1

fn=(454) __acos_finite@GLIBC_2.15
35 1
fi=(139)
-4 4
+1 2
+3 1
fe=(142)

fl=(135) ./math/../sysdeps/x86_64/fpu/multiarch/e_logf.c
fn=(430) logf@@GLIBC_2.27
27 1
fi=(130)
+2 4
+1 3
fe=(135)
-3 1

fl=(145) ./math/../sysdeps/x86_64/fpu/multiarch/e_exp2f.c
fn=(468) exp2f@@GLIBC_2.27
27 1
fi=(130)
+2 4
+1 3
fe=(145)
-3 1

fl=(168) ???
fn=(576) 0x000000000000e460
0 12

fl=(137) ./math/../sysdeps/x86_64/fpu/multiarch/e_powf.c
fn=(438) powf@@GLIBC_2.27
30 1
fi=(130)
-1 4
+1 4
fe=(137)

ob=(5) /usr/libexec/valgrind/vgpreload_core-amd64-linux.so
fl=(163) ???
fn=(556) 0x00000000000012f0
0 5

fn=(548) 0x0000000000001170
0 12

ob=(6) /home/colinux/Bakery/first
fl=(176) /home/colinux/Bakery/first.c
fn=(696) newRecipe
309 7398
+3 1644
-3 822
+3 822
-3 2466
+3 822
cob=(2) ???
cfi=(51) ???
cfn=(648) 0x00000000001091c0
calls=822 0 
* 513079
* 1644
85 1644
-2 822
+2 2466
+1 822
-1 2466
+1 822
-1 2466
+1 6797
-1 20391
+1 6797
-1 20391
+3 822
318 2466
+3 2178
+13 27
cob=(2)
cfi=(51)
cfn=(734) 0x0000000000109170
calls=9 0 
* 207
* 891
cob=(2)
cfi=(51)
cfn=(734)
calls=297 0 
* 7171
* 612
+14 28
-16 56
+20 38
cob=(2)
cfi=(51)
cfn=(698) 0x0000000000109180
calls=19 0 
* 3301
fi=(196) /usr/include/x86_64-linux-gnu/bits/string_fortified.h
79 38
fe=(176)
352 19
fi=(196)
79 19
fe=(176)
352 19
fi=(196)
79 19
cob=(2)
cfi=(51)
cfn=(702) 0x0000000000109190
calls=19 -79 
* 969
fe=(176)
354 19
+1 19
+4 95
+6 95
cob=(2)
cfi=(51)
cfn=(648)
calls=19 0 
* 21350
-6 2625
+6 2625
cob=(2)
cfi=(51)
cfn=(648)
calls=525 0 
* 584319
* 165110
cob=(2)
cfi=(51)
cfn=(648)
calls=33022 0 
* 36192096
* 67132
+2 67132
cob=(2)
cfi=(51)
cfn=(698)
calls=33566 0 
* 9022433
85 33566
367 33566
+1 67132
85 100698
-2 67132
+3 33566
-1 100698
+1 33566
-1 100698
+1 281453
-1 844359
+1 281453
-1 844359
+3 33566
372 100698
+5 69354
+19 6519
cob=(2)
cfi=(51)
cfn=(734)
calls=2173 0 
* 51641
* 100551
cob=(2)
cfi=(51)
cfn=(734)
calls=33517 0 
* 791993
* 71380
+7 2175
-11 4350
+17 4
cob=(2)
cfi=(51)
cfn=(698)
calls=2 0 
* 370
fi=(196)
79 8
cob=(2)
cfi=(51)
cfn=(702)
calls=2 -79 
* 102
fe=(176)
415 2
-4 2
+2 2
+1 4
+1 2
cob=(2)
cfi=(51)
cfn=(698)
calls=2 0 
* 378
* 4
+5 6
+6 2
fi=(205) /usr/include/x86_64-linux-gnu/bits/stdio.h
49 2
fe=(176)
429 2
fi=(205)
49 2
cob=(2)
cfi=(51)
cfn=(714) 0x00000000001091d0
calls=2 -49 
* 42
fe=(176)
426 33564
fi=(205)
49 33564
fe=(176)
429 33564
fi=(205)
49 33564
cob=(2)
cfi=(51)
cfn=(714)
calls=33564 -49 
* 704844
fe=(176)
434 168374
-53 147
cob=(2)
cfi=(51)
cfn=(698)
calls=49 0 
* 9065
fi=(196)
79 98
fe=(176)
381 49
fi=(196)
79 98
cob=(2)
cfi=(51)
cfn=(702)
calls=49 -79 
* 2501
fe=(176)
386 49
-3 49
+1 49
+1 49
+1 49
cob=(2)
cfi=(51)
cfn=(698)
calls=49 0 
* 9261
+1 49
-1 49
+1 147
+12 33515
+8 33515
+33 544
fi=(204) /usr/include/x86_64-linux-gnu/bits/stdio2.h
112 544
fe=(176)
440 544
+3 544
fi=(204)
112 544
cob=(2)
cfi=(51)
cfn=(718) 0x0000000000109140
calls=544 0 
* 84747
fe=(176)
447 9864
fi=(204)
112 278
fe=(176)
340 278
fi=(204)
112 278
cob=(2)
cfi=(51)
cfn=(718)
calls=278 0 
* 43547
fi=(205)
-63 437882
cob=(2)
cfi=(51)
cfn=(714)
calls=218941 -49 
* 4605870
fe=(176)
340 657379
-16 1050
cob=(2)
cfi=(51)
cfn=(698)
calls=525 0 
* 1679236
fi=(196)
79 1575
fe=(176)
324 1050
fi=(196)
79 525
cob=(2)
cfi=(51)
cfn=(702)
calls=525 -79 
* 26807
fe=(176)
327 525
-1 525
+1 1050

fn=(746) newBatch
768 23730
+5 12430
cob=(2)
cfi=(51)
cfn=(648)
calls=1130 0 
* 2003292
* 3648876
cob=(2)
cfi=(51)
cfn=(648)
calls=608146 0 
* 1066702150
* 1218552
85 1218552
-2 609276
+2 1827828
+1 609276
-1 1827828
+1 609276
-1 1827828
+1 5108943
-1 15326829
+1 5108943
-1 15326829
+3 609276
777 1827828
+3 1219440
+10 39464
-10 118331
+1 118209
cob=(2)
cfi=(51)
cfn=(734)
calls=39403 0 
* 936369
* 1825164
cob=(2)
cfi=(51)
cfn=(734)
calls=608388 0 
* 14348206
* 1295582
+1 1824981
+3 1824981
cfn=(752) insertBunch
calls=608327 226 
* 314764817
* 608327
+1 1216654
fi=(205)
49 1216654
cob=(2)
cfi=(51)
cfn=(714)
calls=608327 -49 
* 12774867
* 1898
cob=(2)
cfi=(51)
cfn=(714)
calls=949 -49 
* 19929
fe=(176)
821 1834608
+18 1130
+1 2260
-1 9255830
+1 18830027
+1 318367
+1 318367
-2 636734
+1 8047
+1 8047
-2 16094
-2 27770880
+8 6780
-13 1130
-2 1130
+17 1130
85 4520
848 1684746
85 6738984
-2 3371752
+3 1685876
-1 5057628
+1 1685876
-1 5057628
+1 14128415
-1 42385245
+1 14128415
-1 42385245
+3 1685876
849 5057628
+1 3371752
+4 24046
-4 48092
+1 5129766
cob=(2)
cfi=(51)
cfn=(734)
calls=1709922 0 
* 39445188
* 3419844
+6 30345768
cfn=(738) tryBaking
calls=1685876 544 
* 4370652583
* 10115250
+2 1685875
-2 1685875
+3 6743500
+3 10830
+6 5412
+1 5412
-1 5412
+1 5412
+6 10830
+1 1
+2 2
-33 8423960
fi=(204)
112 2258
cob=(2)
cfi=(51)
cfn=(718)
calls=1129 0 
* 175708
fe=(176)
913 15806
+1 13548
-32 58654830
+4 19541028
-5 58623084
+8 246
+5 738
+3 246
796 1898
cob=(2)
cfi=(51)
cfn=(698)
calls=949 0 
* 175883
fi=(196)
79 3796
cob=(2)
cfi=(51)
cfn=(702)
calls=949 -79 
* 48465
fe=(176)
798 949
+4 949
-3 949
-1 1898
+1 949
+3 949
cob=(2)
cfi=(51)
cfn=(698)
calls=949 0 
* 168705
+3 949
+3 949
-5 949
+2 1898
+3 949
cob=(2)
cfi=(51)
cfn=(698)
calls=949 0 
* 179361
+1 949
+1 949
+2 949
+2 949
-5 949
+5 949
-4 949
+2 949
+2 949
+3 122
+49 18
+23 10336
+2 10344
+3 10328
+3 5164
-82 1776

fn=(616) main
979 2
+4 2
-4 3
+12 1
-12 6
+4 1
cob=(2)
cfi=(51)
cfn=(618) 0x0000000000109160
calls=1 0 
* 67405
+1 2
-1 1
+1 1
cob=(2)
cfi=(51)
cfn=(618)
calls=1 0 
* 65786
+7 2
-2 1
-5 1
+7 1
-2 4
+2 1
cob=(2)
cfi=(51)
cfn=(648)
calls=1 0 
* 1372
* 6
cob=(2)
cfi=(51)
cfn=(648)
calls=1 0 
* 803
* 2
-10 3
+21 1646
+2 2466
cfn=(696)
calls=822 309 
* 59445317
* 822
+35 822
-43 3288
cob=(2)
cfi=(51)
cfn=(648)
calls=822 0 
* 459738
+43 12009
-43 48036
cob=(2)
cfi=(51)
cfn=(648)
calls=12009 0 
* 6906365
* 4
cob=(2)
cfi=(51)
cfn=(648)
calls=1 0 
* 779
* 25664
+2 89819
+4 76992
+4 72060
+2 27
cfn=(804) removeRecipe
calls=9 449 
* 8780
* 18
+2 36003
+4 21742
-15 120
cfn=(786) loadOrders
calls=12 -83 
* 31886
* 36
+11 4520
+2 12430
cfn=(746)
calls=1130 768 
* 6302469186
* 10161
+2 43484
+2 119581
cfn=(732) newOrder
calls=10871 686 
* 138249862
* 97839

fn=(738)
544 22050418
+13 1696186
-13 1696186
+13 3392372
+9 3392372
+1 3392372
+1 29190196
85 116760784
-2 58380392
+3 29190196
-1 87570588
+1 29190196
-1 87570588
+1 244717453
-1 734152359
+1 244717453
-1 734152359
+3 29190195
569 116760780
+2 58380390
-1 58380390
+34 93341151
cob=(2)
cfi=(51)
cfn=(734)
calls=31113717 0 
* 722438683
* 93341151
+9 1927659
-42 7710636
+1 93353562
+6 124454868
285 424906
cfn=(766) deleteMinBunch.part.0
calls=125527 -4 
* 83351778
584 125527
-4 125527
+3 125527
+1 251054
-4 251054
+1 251054
+1 115803
285 77202
582 173852
285 173852
589 347704
+16 175116348
-46 15199002
684 13510224
559 59256
684 59256
-63 27501417
-54 55002834
+63 14814
+2 14814
+1 457873
85 1831492
-2 915746
+3 457873
-1 1373619
+1 457873
-1 1373619
+1 3840335
-1 11521005
+1 3840335
-1 11521005
+3 457873
634 915746
+2 457873
-1 457873
-1 915746
+2 457873
+4 915746
+35 30696
-35 122784
+1 92088
cob=(2)
cfi=(51)
cfn=(734)
calls=30696 0 
* 713352
* 1373619
cob=(2)
cfi=(51)
cfn=(734)
calls=457873 0 
* 10623217
* 977138
+3 915746
+1 1637872
cfn=(766)
calls=361063 281 
* 218939855
+3 361125
+1 361125
+3 361311
-8 722250
+1 817876
+2 817876
-2 2453628
+2 361125
-1 361125
285 361125
647 361125
285 361125
+1 62
cob=(2)
cfi=(51)
cfn=(758) 0x0000000000109110
calls=62 0 
* 6944
+1 124
666 456751
+1 456751
-1 456751
+1 456751
+11 456751
-46 913502
+46 1122
-46 2244
+4 1351398
+45 14814
+2 14814

fn=(770) heapifyDown
181 973180
+3 486590
+3 486590
-3 3579451
+3 2606271
-3 13382037
+3 1702501
+3 5212542
-24 2606271
+1 5212542
+3 2606271
-2 2606271
+1 2606271
+1 2606271
+1 5212542
+21 2606271
-5 12691500
+7 486590

fn=(766)
281 973180
+8 486590
cfn=(768) getLastNode
calls=486590 -93 
* 171175007
* 486590
+3 1459770
+1 973180
+3 1459770
+1 973180
+3 243567
+3 243567
cob=(2)
cfi=(51)
cfn=(758)
calls=243567 0 
* 27130214
+1 243567
+3 243567
-3 243567
cfn=(770)
calls=243567 181 
* 33906246
-6 243023
+5 243023
cob=(2)
cfi=(51)
cfn=(758)
calls=243023 0 
* 27071240
+1 243023
+3 243023
-3 243023
cfn=(770)
calls=243023 181 
* 33763716

fn=(752)
226 1824981
+3 608327
-3 3649962
+3 608327
cob=(2)
cfi=(51)
cfn=(698)
calls=608327 0 
* 41880406
+2 608327
-2 608327
+9 608327
-8 608327
+2 608327
+1 608327
+1 608327
+2 1824981
+2 1216654
+5 1824645
cob=(2)
cfi=(51)
cfn=(754) 0x0000000000109120
calls=608215 0 
* 46224340
* 1216430
+1 1824645
cob=(2)
cfi=(51)
cfn=(698)
calls=608215 0 
* 55687525
* 608215
+5 2432860
+1 608215
+1 1216430
-1 1824645
-1 1824645
+1 2981568
+1 5963136
-1 8944704
-1 12593994
+8 5670381
-2 8944704
+1 13142702
+5 5098968
+7 608215
-1 608215
+1 1216430
+3 303588
-96 303588
-8 1002724
+3 1002724
-1 1002724
-1 1002724
+2 1002724
+1 2005448
+4 8444825
276 608215
cob=(2)
cfi=(51)
cfn=(758)
calls=608215 0 
* 56280339
+3 4257505
-10 609254
+10 112
-40 112
+40 672

fn=(732)
686 76097
+2 10871
-2 141323
+2 10871
cob=(2)
cfi=(51)
cfn=(698)
calls=10871 0 
* 504531
+6 10871
-4 10871
+4 10871
-6 10871
+6 10871
-5 10871
+5 10871
-3 10871
+3 21742
cob=(2)
cfi=(51)
cfn=(648)
calls=10871 0 
* 11690342
* 21742
85 21742
-2 10871
+2 21742
+1 101450
-1 304350
+1 101450
-1 304350
+3 10871
702 21742
+2 22016
+4 215
-4 430
+1 32400
cob=(2)
cfi=(51)
cfn=(734)
calls=10800 0 
* 253830
* 21600
+13 10585
-4 10585
+4 10585
-4 21170
+4 275
+1 275
fi=(204)
112 550
cob=(2)
cfi=(51)
cfn=(718)
calls=275 0 
* 42625
* 16636
cob=(2)
cfi=(51)
cfn=(718)
calls=8318 0 
* 1293821
fe=(176)
737 25779
534 17186
+1 8592
+1 25776
696 65226
+70 130452
-43 10310
+3 92790
-2 10310
+2 20620
cfn=(738)
calls=10310 544 
* 121997624
* 72170
+3 72520
+36 86968
-27 16636
fi=(204)
112 286
fe=(176)
733 286
fi=(204)
112 286
cob=(2)
cfi=(51)
cfn=(718)
calls=286 0 
* 44330
fe=(176)
732 572
cob=(2)
cfi=(51)
cfn=(758)
calls=286 0 
* 26047
+1 286
fi=(204)
112 3984
cob=(2)
cfi=(51)
cfn=(718)
calls=1992 0 
* 310209
fe=(176)
745 3984
+5 5980

fn=(804)
449 63
+2 9
-2 54
+2 27
cob=(2)
cfi=(51)
cfn=(648)
calls=9 0 
* 5631
* 18
85 36
-2 18
+3 9
-1 27
+1 9
-1 27
+1 75
-1 225
+1 75
-1 225
+3 9
456 18
+4 18
-4 18
+6 27
cob=(2)
cfi=(51)
cfn=(734)
calls=9 0 
* 207
* 18
+15 27
+9 3
+27 84
-27 84
+2 42
+3 84
+29 1
-3 2
+10 2
cob=(2)
cfi=(51)
cfn=(758)
calls=1 0 
* 91
fi=(204)
112 2
cob=(2)
cfi=(51)
cfn=(718)
calls=1 0 
* 157
fe=(176)
530 108
-10 2
fi=(204)
112 16
cob=(2)
cfi=(51)
cfn=(718)
calls=8 0 
* 1224
fe=(176)
481 8

fn=(768)
196 2432950
+1 1459770
+3 1946360
cob=(2)
cfi=(51)
cfn=(754)
calls=486590 0 
* 36980840
* 973180
+1 1459770
cob=(2)
cfi=(51)
cfn=(698)
calls=486590 0 
* 23225672
* 486590
+5 1946360
+1 486590
+2 973180
-2 1459770
-1 1459770

ob=(2)
fl=(51)
fn=(160) 0x0000000004002080
0 2
cob=(1) /usr/lib/x86_64-linux-gnu/ld-linux-x86-64.so.2
cfi=(52) ./elf/./elf/dl-error-skeleton.c
cfn=(162) _dl_catch_error
calls=1 225 
0 2782

fn=(602) 0x000000000495b6d0
0 2
cob=(1)
cfi=(49) ./elf/./elf/dl-audit.c
cfn=(606) _dl_audit_preinit
calls=1 117 
0 5
cob=(1)
cfi=(159) ./elf/../sysdeps/x86_64/dl-trampoline.h
cfn=(522) _dl_runtime_resolve_xsave
calls=1 67 
0 868
0 5

fn=(618)
0 4
cob=(3) /usr/lib/x86_64-linux-gnu/libc.so.6
cfi=(177) ./malloc/./malloc/malloc.c
cfn=(620) calloc
calls=2 3624 
0 133187

fn=(648)
0 1334756
cob=(3)
cfi=(184) ./stdio-common/./stdio-common/isoc99_scanf.c
cfn=(650) __isoc99_scanf
calls=667378 25 
0 1123746560

fn=(710) 0x000000000495b620
0 3088
cob=(3)
cfi=(199) ./string/../sysdeps/x86_64/multiarch/memmove-vec-unaligned-erms.S
cfn=(712) __memcpy_avx_unaligned_erms
calls=1544 307 
0 20172

fn=(516) 0x000000000495b650
0 38
cob=(1)
cfi=(10) ./elf/./elf/dl-tunables.c
cfn=(24) __tunable_get_val
calls=19 405 
0 391
cob=(1)
cfi=(159)
cfn=(522)
calls=1 67 
0 857
0 5

fn=(566) 0x000000000495b5f0
0 2
cob=(3)
cfi=(166) ./string/../sysdeps/x86_64/multiarch/strrchr-avx2.S
cfn=(568) __strrchr_avx2
calls=1 46 
0 28

fn=(672) 0x000000000495b380
0 4
cob=(3)
cfi=(177)
cfn=(674) malloc
calls=2 3287 
0 529

fn=(644) 0x000000000495b670
0 4
cob=(3)
cfi=(183) ./string/../sysdeps/x86_64/multiarch/memset-vec-unaligned-erms.S
cfn=(646) __memset_avx2_unaligned_erms
calls=2 181 
0 131122

fn=(164) 0x0000000004002050
0 12
cob=(1)
cfi=(52)
cfn=(166) _dl_catch_exception
calls=6 175 
0 14987

fn=(698)
0 3502124
cob=(3)
cfi=(177)
cfn=(674)
calls=1751062 3287 
0 129044003

fn=(702)
0 3088
cob=(3)
cfi=(197) ./debug/./debug/strcpy_chk.c
cfn=(704) __strcpy_chk
calls=1544 27 
0 75756

fn=(706) 0x000000000495b490
0 28794
cob=(3)
cfi=(198) ./string/../sysdeps/x86_64/multiarch/strlen-avx2.S
cfn=(708) __strlen_avx2
calls=14397 50 
0 201558

fn=(714)
0 1723566
cob=(3)
cfi=(200) ./libio/./libio/getc.c
cfn=(716) getc
calls=861783 34 
0 16381986

fn=(734)
0 68013608
cob=(3)
cfi=(203) ./string/../sysdeps/x86_64/multiarch/strcmp-avx2.S
cfn=(736) __strcmp_avx2
calls=34006804 83 
0 721596456

ob=(6)
fl=(176)
fn=(768)
207 2452265
+2 4904530
-2 7356795
-1 7356795
+6 1459770
+1 1946360
+1 2452265
+1 7356795
-2 2452265
+2 2452265
-2 4904530
+2 1459770
-2 486590
+2 486590
-2 973180
+8 486590
cob=(2)
cfi=(51)
cfn=(758)
calls=486590 0 
* 44463900
+3 2432950

fn=(786)
916 120
+8 24
+7 12
+1 36
+3 12
+3 24
-3 10
+3 30
-1 20
+10 9
-9 33
+1 32
+2 9
+1 3
+7 22
+4 4
+1 4
-25 8
+24 3
+1 3
-25 28
+2 22
+1 44
+29 36

ob=(2)
fl=(51)
fn=(788) 0x00000000001091a0
0 44
cob=(3)
cfi=(208) ./debug/./debug/printf_chk.c
cfn=(790) __printf_chk
calls=22 25 
0 28270

fn=(572) 0x000000000485a000
0 7

fn=(758)
0 3163532
cob=(3)
cfi=(177)
cfn=(760) free
calls=1581766 3352 
0 151817644

fn=(544) 0x000000000483f000
0 6
cob=(5)
cfi=(163)
cfn=(548)
calls=1 0 
0 12
0 1
cob=(5)
cfi=(163)
cfn=(556)
calls=1 0 
0 5
0 2

fn=(592) 0x0000000000109000
0 7

fn=(718)
0 25662
cob=(3)
cfi=(201) ./libio/./libio/ioputs.c
cfn=(720) puts
calls=12831 33 
0 1970706

fn=(754)
0 2189610
cob=(4)
cfi=(206)
cfn=(756)
calls=1094805 44 
0 81015570

ob=(6)
fl=(176)
fn=(786)
976 24
+1 12
-1 48
+1 12
-1 12
+1 12
-1 12
+1 48
-39 24
+13 24
+3 12
-25 24
+22 6
+3 3
-25 30
fi=(204)
112 84
cob=(2)
cfi=(51)
cfn=(788)
calls=12 0 
* 15480
* 70
cob=(2)
cfi=(51)
cfn=(788)
calls=10 0 
* 12834
fe=(176)
964 44
+1 44
+1 22
cob=(2)
cfi=(51)
cfn=(758)
calls=22 0 
* 2401
-5 56

fl=(169) ???
fn=(584) (below main)
0 12
cob=(3)
cfi=(170) ./csu/../csu/libc-start.c
cfn=(586) __libc_start_main@@GLIBC_2.34
calls=1 242 
0 6508388009

fn=(596) 0x0000000000001630
0 12

ob=(2)
fl=(51)
fn=(794) 0x000000000495b4d0
0 176
cob=(3)
cfi=(210) ./string/../sysdeps/x86_64/multiarch/strchr-avx2.S
cfn=(796) __strchrnul_avx2
calls=88 51 
0 1672

fn=(742) 0x000000000495b3e0
0 25916
cob=(3)
cfi=(199)
cfn=(744) __mempcpy_avx_unaligned_erms
calls=12958 294 
0 194798

ob=(3)
fl=(203)
fn=(736)
83 34006804
+23 34006804
+1 34006804
+2 34006804
+1 34006804
+1 34006804
+1 34006804
+1 34006804
+2 32303293
+1 32303293
+1 32303293
+1 32303293
+1 32303293
+1 32303293
+1 32303293
+1 32303293
+18 32303293
+1 32303293
+1 32303293
+3 64606586
718 1703511
+1 1703511
+4 1703511
+11 1703511
+1 1703511
+1 1703511
+2 3407022
+10 1703511
+1 1703511
+2 1383747
+1 1383747
+1 1383747
+1 1383747
+1 1383747
+1 1383747
+1 1383747
+15 319764
+1 319764
+1 319764
+1 319764
+1 319764
+1 319764
+1 319764
+1 319764
+1 319764

fl=(89) ./string/../sysdeps/x86_64/multiarch/memset.c
fn=(306) memset
29 1
fi=(90) ./string/../sysdeps/x86_64/multiarch/ifunc-memset.h
+21 5
+3 3
+7 2
+9 2
+2 2
+10 2
+8 2
+2 5
fe=(89)

fl=(97) ./string/../sysdeps/x86_64/multiarch/strrchr.c
fn=(324) rindex
28 1
fi=(84) ./string/../sysdeps/x86_64/multiarch/ifunc-avx2.h
+5 5
-1 2
+2 3
+2 2
+4 3
+3 4
fe=(97)
-15 1

fl=(110) ./string/../sysdeps/x86_64/multiarch/memcmp.c
fn=(358) bcmp
29 1
fi=(111) ./string/../sysdeps/x86_64/multiarch/ifunc-memcmp.h
+5 2
+1 1
-1 2
+1 2
+1 2
+1 3
+2 2
+4 3
+3 3
fe=(110)
-17 1

fl=(122) ./string/../sysdeps/x86_64/multiarch/stpcpy.c
fn=(392) stpcpy
33 1
fi=(101) ./string/../sysdeps/x86_64/multiarch/ifunc-strcpy.h
+3 2
+1 1
-1 2
+1 2
+2 2
+4 3
+3 3
fe=(122)
-13 1

fl=(96) ./string/../sysdeps/x86_64/multiarch/strchr.c
fn=(322) index
61 1
-20 2
+1 1
-1 2
-1 2
+2 2
+2 2
+4 3
+3 3
+10 1

fl=(116) ./string/../sysdeps/x86_64/multiarch/strcpy.c
fn=(374) strcpy
29 1
fi=(101)
+7 2
+1 1
-1 2
+1 2
+2 2
+4 3
+3 3
fe=(116)
-17 1

fl=(155) ./ctype/./ctype/ctype-info.c
fn=(508) __ctype_init
29 1
+2 7
+2 4
+2 4
+1 1

fl=(123) ./string/../sysdeps/x86_64/multiarch/memchr.c
fn=(396) memchr
29 1
fi=(124) ./string/../sysdeps/x86_64/multiarch/ifunc-evex.h
+6 5
-1 2
+2 3
+5 2
-3 2
+9 3
+3 4
fe=(123)
-21 1

fl=(175) ./setjmp/./setjmp/sigjmp.c
fn=(614) __sigjmp_save
28 3
+2 2
-1 1
+5 3

fl=(180) ./malloc/./malloc/morecore.c
fn=(638) __glibc_morecore
25 72
+1 144
-1 72
+4 72
cfi=(181) ./misc/./misc/sbrk.c
cfn=(640) sbrk
calls=72 +8 
* 2474
+1 144
+4 126
-7 9
+7 18

fl=(98) ./string/../sysdeps/x86_64/multiarch/memmove.c
fn=(328) memmove
29 2
fi=(93) ./string/../sysdeps/x86_64/multiarch/ifunc-memmove.h
+24 6
-1 4
+4 6
+14 4
+2 4
+8 4
+8 4
+2 10
fe=(98)

fl=(83) ./string/../sysdeps/x86_64/multiarch/strnlen.c
fn=(294) strnlen
31 2
fi=(84)
+2 10
-1 4
+2 6
+2 4
+4 6
+3 8
fe=(83)
-12 2

fl=(112) ./wcsmbs/../sysdeps/x86_64/multiarch/wmemset.c
fn=(362) wmemset
31 2
fi=(113) ./wcsmbs/../sysdeps/x86_64/multiarch/ifunc-wmemset.h
+2 10
+1 6
+2 4
+8 6
+3 8
fe=(112)
-16 2

fl=(117) ./string/../sysdeps/x86_64/multiarch/strcasecmp_l.c
fn=(378) strcasecmp_l
31 1
fi=(214) ./string/../sysdeps/x86_64/multiarch/ifunc-strcasecmp.h
+1 5
fe=(117)
-1 1

fl=(92) ./string/../sysdeps/x86_64/multiarch/memcpy.c
fn=(314) memcpy@@GLIBC_2.14
29 1
fi=(93)
+24 3
-1 2
+4 3
+14 2
+2 2
+8 2
+8 2
+2 5
fe=(92)

fl=(104) ./string/../sysdeps/x86_64/multiarch/strncmp.c
fn=(344) strncmp
66 1
-25 4
+1 3
+2 2
+5 3
+3 3
+14 1

fl=(172) ./csu/../sysdeps/nptl/libc_start_call_main.h
fn=(608) (below main)
29 4
+15 1
-15 5
+15 1
cfi=(173) ./setjmp/../sysdeps/x86_64/bsd-_setjmp.S
cfn=(610) _setjmp
calls=1 -16 
* 34
* 1
+2 2
+5 2
+1 2
+3 2
+3 6
cob=(6)
cfi=(176)
cfn=(616)
calls=1 979 
* 6508386908

fl=(114) ./string/../sysdeps/x86_64/multiarch/memrchr.c
fn=(366) memrchr
29 1
fi=(84)
+4 5
-1 2
+2 3
+2 2
+4 3
+3 4
fe=(114)
-14 1

fl=(165) ./misc/./misc/init-misc.c
fn=(564) __init_misc
30 1
+1 2
-1 4
+1 3
+2 3
cob=(2)
cfi=(51)
cfn=(566)
calls=1 -33 
* 30
+4 5
+1 3
+2 4

fl=(184)
fn=(650)
25 8675914
+4 667378
+1 1334756
-1 1334756
+1 667378
-1 667378
+1 667378
-1 667378
+1 667378
-1 667378
+1 667378
cfi=(185) ./stdio-common/./stdio-common/vfscanf-internal.c
cfn=(652) __vfscanf_internal
calls=667378 278 
* 1103725220
+4 3336890

fl=(126) ./string/../sysdeps/x86_64/multiarch/mempcpy.c
fn=(402) mempcpy
33 1
fi=(93)
+20 3
-1 2
+4 3
+14 2
+2 2
+8 2
+8 2
+2 5
fe=(126)

fl=(164) ./csu/./csu/init-first.c
fn=(562) _init_first
46 4
+5 2
+4 5
+8 1
-2 1
+10 1
-9 1
+1 1
+9 2
-1 1
cfi=(165)
cfn=(564)
calls=1 -41 
* 55

fl=(200)
fn=(716)
34 5170698
+3 1723566
+1 5170545
+5 4308864
-5 51
cfi=(187) ./libio/./libio/genops.c
cfn=(656) __uflow
calls=51 299 
* 8262

fl=(154) ./elf/./elf/libc_early_init.c
fn=(506) __libc_early_init
33 7
+2 1
cfi=(155)
cfn=(508)
calls=1 -6 
* 17
+3 1
fi=(157) ./elf/../sysdeps/nptl/pthread_early_init.h
-5 2
fe=(154)
+8 1
-3 1
fi=(157)
-5 1
cfi=(156) ./resource/../sysdeps/unix/sysv/linux/getrlimit64.c
cfn=(510) getrlimit
calls=1 +5 
* 10
* 3
+1 6
+11 1
fi=(215) ./elf/../nptl/nptl-stack.h
+13 3
fi=(157)
-13 1
fi=(215)
+13 2
fi=(157)
-4 1
fi=(215)
+4 2
fi=(157)
-6 1
fi=(215)
+6 1
fi=(157)
-12 1
+6 6
+1 1
+4 1
cfi=(158) ./nptl/./nptl/pthread_mutex_conf.c
cfn=(514) __pthread_tunables_init
calls=1 -7 
* 928
fe=(154)
-10 3
+2 2
-2 1
cfi=(161) ./nptl/../sysdeps/unix/sysv/linux/x86/elision-conf.c
cfn=(528) __lll_elision_init
calls=1 +49 
* 147

fl=(211) ./stdio-common/./stdio-common/_itoa.c
fn=(798) _itoa_word
163 88
+3 176
+2 88
+9 1054
+9 88

fl=(115) ./string/../sysdeps/x86_64/multiarch/strchrnul.c
fn=(370) strchrnul
31 1
fi=(84)
+2 5
-1 2
+2 3
+2 2
+4 3
+3 4
fe=(115)
-12 1

fl=(189) ./libio/./libio/filedoalloc.c
fn=(664) _IO_file_doallocate
78 18
+6 8
fi=(202) ./libio/./libio/libioP.h
940 6
+2 4
+1 4
fe=(189)
84 6
cfi=(188) ./libio/./libio/fileops.c
cfn=(666) _IO_file_stat
calls=2 1146 
* 36
* 4
+2 8
+11 8
+4 4
cob=(2)
cfi=(51)
cfn=(672)
calls=2 0 
* 533
* 2
+1 4
+2 8
cfi=(187)
cfn=(678) _IO_setb
calls=2 329 
* 48
+1 2
+1 16

fl=(188)
fn=(724) _IO_file_overflow@@GLIBC_2.2.5
731 160
+1 128
+7 158
+37 31
-2 64
+3 8
+3 12
+1 12
+1 8
+4 4
+1 16
-45 2
+12 2
+9 3
+5 3
+2 2
-3 2
+3 1
+1 1
-6 1
+1 1
+5 4
+16 28
-12 28
+1 28
+11 56
-12 28
cfn=(726) _IO_do_write@@GLIBC_2.2.5
calls=28 423 
* 2975
+3 12
+2 8
-2 12
cfn=(726)
calls=4 423 
* 440
* 8
-34 2
cfi=(187)
cfn=(662) _IO_doallocbuf
calls=1 343 
* 306
+1 1
+9 1
-9 5

fn=(666)
1146 2
+1 4
cfi=(190) ./io/../sysdeps/unix/sysv/linux/fstat64.c
cfn=(668) fstat
calls=2 29 
* 30

fn=(722) _IO_file_xsputn@@GLIBC_2.2.5
1197 64925
+7 12985
-7 38955
+6 51896
+9 25926
-2 51852
+17 38889
+1 12958
+3 38874
+2 12958
+2 12958
+2 25916
-2 12958
+1 12958
+1 12958
-2 12958
cob=(2)
cfi=(51)
cfn=(742)
calls=12958 0 
* 220714
* 12958
+4 25916
+28 116865
-36 5
+12 5
fi=(202)
940 15
+2 10
+1 10
fe=(188)
1243 23
fi=(202)
940 69
+2 46
+1 46
fe=(188)
1243 84
cfn=(724)
calls=28 731 
* 3953
* 56
+6 56
+1 196
+2 56
+11 84
+1 112
cfi=(187)
cfn=(728) _IO_default_xsputn
calls=28 371 
* 2078
+2 84

fn=(782) _IO_file_write@@GLIBC_2.2.5
1173 217
+2 186
+5 31
cfi=(207) ./io/../sysdeps/unix/sysv/linux/write.c
cfn=(784) write
calls=31 25 
* 279
+1 62
+5 31
+1 31
-12 62
+4 93
+1 62
+10 93
+3 186
-4 93

fn=(660) _IO_file_underflow@@GLIBC_2.2.5
461 3202
+4 9606
-4 25616
+7 6404
+6 9606
+3 6404
+12 6402
+9 6404
fi=(202)
940 3202
+2 3202
-2 3202
fe=(188)
505 6404
cfi=(187)
cfn=(680) _IO_switch_to_get_mode
calls=3202 164 
* 80050
+6 3202
+5 3202
-5 3202
fi=(202)
942 6404
fe=(188)
511 3202
fi=(202)
942 3202
fe=(188)
511 9606
fi=(202)
943 6404
fe=(188)
516 12808
cfn=(682) _IO_file_read
calls=3202 1130 
* 44828
+2 6404
+16 3202
-9 3202
+9 6404
+2 6404
+1 25616
-57 3
+5 2
cfi=(187)
cfn=(662)
calls=1 343 
* 465
+4 4

fn=(682)
1130 3202
+1 3202
+2 3202
-1 3202
+1 6404
cfi=(192) ./io/../sysdeps/unix/sysv/linux/read.c
cfn=(684) read
calls=3202 25 
* 25616

fn=(726)
423 32
+2 96
+1 1
-3 31
fi=(202)
940 31
fe=(188)
423 62
fi=(202)
940 31
fe=(188)
423 31
fi=(202)
940 62
fe=(188)
423 155
+20 31
-10 62
+7 124
fi=(202)
942 62
+1 62
fe=(188)
448 124
cfn=(782)
calls=31 1173 
* 1426
* 31
+1 155
+2 31
+4 62
-3 62
-1 62
+4 93
-2 31
-28 124
+1 248
+28 93

fl=(86) ./string/../sysdeps/x86_64/multiarch/strcmp.c
fn=(300) strcmp
65 2
-24 4
+1 2
-1 4
+1 4
+2 4
+5 6
+3 6
+13 2

fl=(108) ./string/../sysdeps/x86_64/multiarch/strcat.c
fn=(352) strcat
29 1
fi=(101)
+7 2
+1 1
-1 2
+1 2
+2 2
+4 3
+3 3
fe=(108)
-17 1

fl=(166)
fn=(568)
46 1
+1 1
+1 1
+2 1
+1 1
+3 1
+1 1
+1 1
+2 1
+1 1
+1 1
+1 1
+1 1
+1 1
+2 1
+1 1
+12 1
+1 1
219 1
+1 1
+1 1
+1 1
+1 1
+2 1
+1 1
+1 1
+1 2

fl=(81) ./string/../sysdeps/x86/cacheinfo.c
fn=(290) __x86_cacheinfo
86 1
fi=(82) ./string/../sysdeps/x86/cacheinfo.h
-25 1
+3 3
+2 1
+1 1
-1 2
+7 3
+2 1
+1 1
-1 2
+5 2
+2 2
+1 2
+1 2
+2 2
fe=(81)
* 2

fl=(210)
fn=(796)
51 88
+2 88
+1 88
+1 88
+1 88
+1 88
+3 88
+1 88
+4 88
+1 88
+1 88
+1 88
+1 88
+1 88
+1 88
+1 88
+6 88
+1 176

fl=(179) ./stdlib/../sysdeps/unix/sysv/linux/getrandom.c
fn=(626) getrandom
28 1
+1 7
+1 1

fl=(109) ./string/../sysdeps/x86_64/multiarch/strncase_l.c
fn=(356) strncasecmp_l
31 1
fi=(214)
+1 5
fe=(109)
-1 1

fl=(161)
fn=(528)
96 2
+5 1
-5 1
+5 1
-5 3
+5 3
cob=(2)
cfi=(51)
cfn=(516)
calls=1 0 
* 22
+2 4
cob=(2)
cfi=(51)
cfn=(516)
calls=1 0 
* 22
+2 4
cob=(2)
cfi=(51)
cfn=(516)
calls=1 0 
* 22
+2 4
cob=(2)
cfi=(51)
cfn=(516)
calls=1 0 
* 22
+2 4
cob=(2)
cfi=(51)
cfn=(516)
calls=1 0 
* 22
+4 3
+1 1
+1 6

fl=(173)
fn=(610)
28 1
+2 1
+2 1
cfi=(174) ./setjmp/../sysdeps/x86_64/setjmp.S
cfn=(612) __sigsetjmp
calls=1 -2 
* 31

fl=(158)
fn=(514)
50 2
+1 2
-1 4
+1 3
cob=(2)
cfi=(51)
cfn=(516)
calls=1 -51 
* 884
+2 4
cob=(2)
cfi=(51)
cfn=(516)
calls=1 -53 
* 23
+2 6

fl=(199)
fn=(712)
307 1544
+1 1544
+6 1544
+1 1544
+42 1544
+1 1544
+2 1544
+1 1544
+2 50
+4 50
+16 50
+1 50
+1 50
+1 50
+1 50
+29 1494
+1 1494
+1 1494
+1 1494
+1 1494

fn=(744)
294 12958
+1 12958
+1 12958
+1 12958
+17 12958
+1 12958
+42 12958
+1 12958
+2 12950
+1 12950
+2 132
+4 132
+1 120
+1 120
+1 120
+1 120
+1 30
+1 30
+2 30
+2 30
-2 90
+2 90
+6 12
+1 12
+1 12
+1 12
+1 12
+7 8
+1 8
+1 8
+1 8
+2 8
+17 12818
+1 12818
+1 12818
+1 12818
+1 12818

fl=(209) ./stdio-common/./stdio-common/vfprintf-internal.c
fn=(792) __vfprintf_internal
1180 264
+30 110
+8 66
+4 110
+11 44
+11 22
fi=(216) ./stdio-common/./stdio-common/printf-parse.h
111 44
fe=(209)
1244 110
fi=(216)
111 22
cob=(2)
cfi=(51)
cfn=(794)
calls=22 0 
* 462
fe=(209)
1259 22
fi=(216)
111 22
fe=(209)
1259 66
239 22
fi=(217) ./stdio-common/../libio/libioP.h
940 22
fe=(209)
1263 22
fi=(217)
942 22
-2 22
fe=(209)
1263 22
fi=(217)
940 44
+2 44
+1 44
fe=(209)
239 88
cfi=(188)
cfn=(722)
calls=22 1197 
* 440
* 44
127 198
1263 44
+4 66
+4 176
1532 22
1214 22
+34 22
-8 22
1532 66
+23 22
-39 22
+39 22
-39 22
+39 44
1313 990
+39 66
-51 66
-1 66
-1 66
-1 66
+5 66
1501 66
fi=(216)
88 66
fe=(209)
1352 66
-46 66
-4 66
+50 66
1501 66
1295 66
-1 66
-1 66
-1 66
-1 66
+16 132
1608 44
+1 44
+3 264
-4 198
1218 44
+41 88
cfi=(186) ./nptl/./nptl/libc-cleanup.c
cfn=(654) __libc_cleanup_push_defer
calls=22 24 
* 220
+1 286
-1 44
1609 44
cfi=(186)
cfn=(692) __libc_cleanup_pop_restore
calls=22 39 
* 176
+2 22
-47 22
-47 484
-1 572
cfi=(211)
cfn=(798)
calls=44 163 
* 1494
* 1364
192 88
+47 44
fi=(217)
942 132
+1 88
fe=(209)
239 176
cfi=(188)
cfn=(722)
calls=44 1197 
* 2950
* 88
127 726
1517 132
-54 44
+53 88
+73 66
fi=(216)
111 66
fe=(209)
1583 66
fi=(216)
111 132
cob=(2)
cfi=(51)
cfn=(794)
calls=66 0 
* 1386
fe=(209)
239 66
fi=(217)
942 66
fe=(209)
1593 66
fi=(216)
111 66
fi=(217)
942 66
fe=(209)
1593 66
fi=(217)
942 66
+1 132
fe=(209)
239 264
cfi=(188)
cfn=(722)
calls=66 1197 
* 4356
* 132
127 858
1593 132
+2 154
-79 880
192 88
1392 88
1516 352
+1 44
cob=(2)
cfi=(51)
cfn=(706)
calls=22 0 
* 352
* 44
-1 440
239 22
fi=(217)
942 66
+1 44
fe=(209)
239 88
cfi=(188)
cfn=(722)
calls=22 1197 
* 1386
* 44
127 132
1516 88

fl=(170)
fn=(586)
242 12
343 3
+1 3
cfi=(171) ./stdlib/./stdlib/cxa_atexit.c
cfn=(588) __cxa_atexit
calls=1 69 
* 71
+25 6
+6 2
-3 2
+10 2
cob=(2)
cfi=(51)
cfn=(602)
calls=1 0 
* 880
+2 2
+8 4
cfi=(172)
cfn=(608)
calls=1 29 
* 6508386968
128 2
+6 3
+1 6
cob=(2)
cfi=(51)
cfn=(592)
calls=1 0 
* 7
* 1
+3 1
+1 2
+3 2
+1 2
-1 1
+2 7
+1 4
cob=(6)
cfi=(169)
cfn=(596)
calls=1 0 
* 12
-1 4

fl=(186)
fn=(654)
24 667400
+3 1334800
+3 2669600
+1 667400
+2 667400
+1 667400

fn=(692)
39 667400
+3 1334800
+2 1334800
+1 1334800
+2 667400

fl=(105) ./string/../sysdeps/x86_64/multiarch/strcasecmp.c
fn=(346) strcasecmp
31 1
fi=(214)
+1 5
fe=(105)
-1 1

fl=(198)
fn=(708)
50 14397
+13 14397
+1 14397
+1 14397
+3 14397
+2 14397
+1 14397
+3 14397
+1 14397
+8 14397
+1 14397
+1 14397
+5 28794

fl=(156)
fn=(510)
38 2
+1 7
+1 1

fl=(193) ./stdlib/../stdlib/strtol.c
fn=(688) __strtol_internal
97 1262991
+1 3788973
cfi=(194) ./stdlib/../stdlib/strtol_l.c
cfn=(690) ____strtol_l_internal
calls=1262991 225 
* 194708361

fl=(207)
fn=(784)
25 31
+1 217
+1 31

fl=(87) ./wcsmbs/../sysdeps/x86_64/multiarch/wcsnlen.c
fn=(302) wcsnlen
29 1
fi=(88) ./wcsmbs/../sysdeps/x86_64/multiarch/ifunc-wcslen.h
+5 4
-1 2
+2 3
+2 2
+4 3
+3 3
fe=(87)
-15 1

fl=(99) ./wcsmbs/../sysdeps/x86_64/multiarch/wcscmp.c
fn=(332) wcscmp
30 1
fi=(95) ./wcsmbs/../sysdeps/x86_64/multiarch/ifunc-avx2.h
+3 5
-1 2
+2 3
+2 2
+4 3
+3 4
fe=(99)
-13 1

fl=(177)
fn=(674)
3287 10506384
+7 3502128
1343 3502128
+19 7004256
3306 7004256
+3 3502128
+10 901959
+28 1503265
1362 1726452
3304 5179356
+7 5253186
3193 2900822
+1 2900822
+2 1450411
+1 1450411
-1 4351233
+1 1450411
+1 1450411
3347 7252055
-26 1202612
cfn=(632) _int_malloc
calls=300653 1343 
* 52945275
+1 1503265
fi=(178) ./malloc/./malloc/arena.c
162 601306
fe=(177)

fn=(764) _int_free
4421 12654152
+10 1581769
-10 4745307
+10 3163538
+6 7908845
+1 3163538
+4 6327076
+8 7908845
-1 3163538
+1 3163538
+29 1581769
-20 1581769
-6 1581769
+6 3163538
+20 6327076
+14 1051708
+11 2103416
+2 1577562
2012 1577562
4527 525854
+1 525854
+4 1577562
+2 1577562
+4 1051708
+2 2103416
+1 525854
+19 2100952
4702 17399459
3181 1055915
+4 1055915
-4 1055915
+2 4223660
+1 1055915
+1 1055915
4482 1055915

fn=(808) sysmalloc_mmap_fallback.constprop.0
2508 63
+4 9
-4 18
+7 18
+1 5
+3 18
+5 9
-1 18
+3 72
cfi=(212) ./misc/../sysdeps/unix/sysv/linux/mmap64.c
cfn=(810) mmap
calls=9 47 
* 81
* 9
+3 18
+4 18
+7 9
+2 9
+2 63
2028 36

fn=(630) tcache_init.part.0
3235 3
+9 8
+1 3
cfn=(632)
calls=1 1343 
* 367
* 1
+1 2
+8 4
+7 2
+2 1
+1 2
-1 1
+1 86
+3 4

fn=(634) sysmalloc
2548 639
+20 284
+11 142
+1 213
+26 71
+1 213
+1 71
+9 564
+6 213
+3 213
2941 142
+1 71
+5 142
+3 142
+5 142
-2 71
+2 71
-1 71
+1 71
-3 71
+3 71
+1 71
-1 213
+1 71
+2 142
+6 781
2687 142
+9 284
+13 213
+8 355
+8 142
+21 36
+6 63
cfn=(808)
calls=9 2508 
* 473
+2 18
-2 9
+2 9
+4 9
+14 27
-10 18
+2 142
+2 213
+6 280
+1 61
2946 61
2773 183
+2 20
+92 18
-65 9
+84 18
+10 10
-1 10
+1 30
+1 10
+11 20
+7 18
+1 27
+8 9
+2 9
+5 18
+2 12
cfn=(764)
calls=3 4421 
* 192
* 3
+8 3
+5 6
fi=(178)
565 71
fe=(177)
2727 71
cfi=(180)
cfn=(638)
calls=71 25 
* 3103
+1 142
-1 71
+1 71
2028 62
2729 62
2028 62
2729 62
2028 124
2730 71
+3 142
+33 124
2610 124
2775 2
+40 3
+22 1
+1 1
-1 1
+1 6
+2 2
+1 3
cfi=(180)
cfn=(638)
calls=1 25 
* 28
+12 2
-12 1
+12 1
2028 4
2897 4
2765 2
-36 18
-16 3

fn=(760)
3352 1581766
+4 3163532
-4 1581766
+14 1581766
-14 3163532
+12 1581766
+4 1581766
-4 1581766
+4 3163532
+17 4745298
fi=(178)
162 4745298
fe=(177)
3391 3163532
cfn=(764)
calls=1581766 4421 
* 112273494
+3 1581766
+1 6327064

fn=(802) unlink_chunk.constprop.0
1626 32289
+2 161445
+3 64578
+1 32289
-1 96867
+3 129156
+3 32289
+1 32289
+1 64578
+24 64578

fn=(620)
3624 4
+10 2
-10 8
+10 16
+8 4
+3 6
+2 6
+32 6
cfn=(632)
calls=2 1343 
* 298
+2 10
fi=(178)
162 6
fe=(177)
3681 4
+3 6
+14 4
+11 2
+5 2
-2 4
-3 2
+12 8
-20 8
+31 2
+2 4
+2 4
fi=(178)
315 1
cfn=(624) ptmalloc_init.part.0
calls=1 -2 
* 1128
* 1
fe=(177)
3657 2
+1 6
+7 2
+97 2
-25 4
+25 8
-25 2
cob=(2)
cfi=(51)
cfn=(644)
calls=2 0 
* 131126
3241 4
cfn=(630)
calls=1 -6 
* 484
* 1

fn=(632)
1343 601312
3771 300656
1362 300656
3771 2405248
1362 601312
3811 5858
+27 5858
+66 243975
+2 243975
-2 243975
+2 487950
+2 574
+1 1148
+6 574
-4 574
+1 574
+1 574
+2 1148
+7 2296
-1 1148
+1 1148
3181 574
3927 574
3183 574
3927 574
3181 574
3927 13443
+1 7852
+4 3907
+1 3907
+1 7814
3181 3907
3936 3907
3185 3907
3937 3907
3181 3907
+2 19535
-6 3907
+9 3907
-9 3907
+8 3907
+1 3907
1362 595454
3811 595454
4397 595454
3838 595454
+63 3000
+62 146
+1 12
+1 2929
3838 5858
1362 2929
3843 5858
+2 5858
+2 113354
-6 56677
+9 56677
+1 56677
-1 113354
+1 283385
+5 113354
+1 113354
+7 56677
-1 113354
+1 283385
+5 56677
+1 56677
3183 56677
3870 56677
+5 1952985
3181 781194
+2 390597
+2 390597
-2 781194
+2 390597
-8 390597
+8 390597
3869 390597
+1 1956366
+2 781194
+2 390597
+1 390597
-1 781194
-21 888681
-10 296227
+2 1319891
4399 486802
3903 243401
4399 3164213
3983 243401
+1 243401
-1 486802
-1 486802
+2 486802
-1 4
+1 4
-1 8
-1 8
+2 8
-2 730212
+12 243404
-6 243404
+73 973616
-67 730213
-6 1
+73 4
-67 240
4158 2751
-91 2751
+91 5502
-91 2751
-74 2751
3181 2751
4067 2751
3181 5502
4025 5502
3183 5502
3997 11004
+1 2751
+2 5502
-3 127964
+1 31991
+2 63982
+1 104226
+2 34742
+1 138968
+2 138968
-10 34742
+12 69484
+1 69484
+2 69484
+11 138968
+31 34147
+1 34147
+4 68294
+29 66148
+2 66148
+1 99222
+1 33074
-1 33074
+57 33074
+2 66148
-2 66148
+2 33074
+7 33074
-9 99222
+9 33074
-7 33074
+1 33074
+1 33074
+6 66148
+2 23680
+7 17760
3994 31760
2005 170031
4413 2705904
2005 574
3944 574
2005 1148
4060 1073
+1 1073
-1 1073
+1 2146
+5 1073
-21 1073
+21 1073
+1 4292
+99 81462
3994 81459
4183 483646
+2 12
+3 4
-3 4
+3 8
+68 483646
+1 241823
+1 241823
-1 241823
+1 241823
+1 483646
+1 725469
+5 537164
+16 4565
+2 9130
-4 60474
+8 25672
+3 51344
+2 1089
+1 1089
+1 1089
-2 4356
-27 1089
3181 1073
+2 1073
+2 1073
-4 1073
+2 4292
4071 1073
3184 1073
+1 1073
4071 1073
3963 8
+60 5500
+1 5464
+5 595
-1 1190
+3 595
-1 595
+1 1190
+1 595
+1 1190
+6 595
+6 595
-6 4165
+2 1785
+1 595
2005 1785
4269 651726
+3 868952
-3 651708
+3 868944
-3 434472
+3 651702
+97 217240
+1 434480
+2 434480
+3 652020
+17 450
+2 158
cfn=(776) malloc_consolidate
calls=79 4715 
* 1963243
+3 79
-1 237
+1 79
-1 79
3904 4488
4299 73749
+3 49166
+2 24583
+3 49166
-3 24583
+3 49166
cfn=(802)
calls=24583 1626 
* 540826
+3 98332
+15 4274
-5 2137
+5 4274
+1 4274
+3 2137
+1 2137
+1 2137
+3 4274
+1 2137
+1 4274
+5 17096
+2 6411
+1 2137
2005 2137
4347 2137
2005 26720
4347 22446
2005 44892
4272 2
+2 8
+1 4
+38 22446
-1 22446
+1 44892
3193 3198
+1 2132
+2 4264
+1 1066
+1 1066
4174 1066
4380 217090
-2 434180
+2 217090
-1 217090
+6 217090
-5 217090
-3 217090
+3 217090
+2 217090
-2 868360
2005 217090
4382 217090
2005 434180
4407 284
cfn=(634)
calls=71 2548 
* 12590
* 71
+1 142
2005 213

fn=(776)
4715 79
+17 79
-17 316
+28 79
-28 237
+15 79
+2 79
+13 158
+1 158
-1 1422
+1 1422
+62 2370
+1 632
-31 78798
+4 71090
+2 35545
+1 71090
+1 71090
+2 71090
-4 3854
+1 7708
+1 7708
+2 7708
+5 39399
+2 39399
-2 78798
+3 39399
+9 118179
-56 78798
+4 118197
+1 157596
+8 39399
-3 78798
+3 39399
-3 39399
+4 39399
-4 39399
+5 39399
-5 39399
+5 78798
+2 78798
+1 3852
+2 3852
-1 3852
+2 15408
+2 23112
cfn=(802)
calls=3852 1626 
* 84744
* 15408
+3 78798
+4 3854
+1 11562
+16 3854
-16 3854
cfn=(802)
calls=3854 1626 
* 84788
* 11562

fl=(192)
fn=(684)
25 3202
+1 19212
+1 3202

fl=(187)
fn=(678)
329 18
+1 8
+5 4
-3 2
+3 8
+3 8

fn=(680)
164 16010
+1 9606
+3 9606
+4 6404
+1 6404
+7 3202
-4 3202
+4 3202
-2 6404
+3 3202
+1 12808

fn=(658) _IO_default_uflow
361 6404
fi=(202)
940 6404
fe=(187)
361 3202
fi=(202)
940 3202
fe=(187)
361 6404
+1 3202
fi=(202)
942 6404
+1 6404
fe=(187)
362 6404
cfi=(188)
cfn=(660)
calls=3202 +99 
* 317470
+1 6404
+2 12808
+1 12808

fn=(728)
371 28
+3 56
-3 224
fi=(202)
940 28
fe=(187)
371 28
fi=(202)
940 28
fe=(187)
371 28
fi=(202)
940 28
fe=(187)
371 56
+18 56
+8 28
+2 56
-20 112
+2 84
+3 56
+20 28
-29 28
+29 196
-11 240
+1 6
-1 6
+1 144
-1 69
+1 40
-1 60
+1 138
-1 227

fn=(656)
299 16010
+1 9606
+5 9606
+3 3202
173 3202
308 6404
+2 6404
+6 6404
+7 3202
fi=(202)
940 9606
+2 6404
+1 6404
fe=(187)
323 3202
+1 3202
-1 3202
+1 6404
-1 3202
cfn=(658)
calls=3202 +38 
* 397520
-23 6404
+21 9606

fn=(778) __overflow
199 12
+2 12
+2 4
fi=(202)
940 12
+2 8
+1 8
fe=(187)
203 4
+1 8
-1 4
cfi=(188)
cfn=(724)
calls=4 731 
* 608

fn=(686) _IO_sputbackc
635 19303670
+3 11582202
+1 7721468
+9 3860734
+3 15442936
-10 7721468
+1 3860734
+5 3860734

fn=(662)
343 2
+1 4
-1 6
+3 8
+1 2
fi=(202)
940 6
+2 4
+1 4
fe=(187)
347 4
cfi=(189)
cfn=(664)
calls=2 78 
* 719
* 4
+3 8

fl=(197)
fn=(704)
27 4632
+1 1544
-1 6176
+1 1544
cob=(2)
cfi=(51)
cfn=(706)
calls=1544 -28 
* 24704
+1 3088
+4 1544
-1 3088
+1 1544
-1 1544
+1 1544
-1 1544
cob=(2)
cfi=(51)
cfn=(710)
calls=1544 -32 
* 23260

fl=(181)
fn=(640)
37 144
+6 72
-6 72
+3 72
-3 144
+3 72
+3 72
+20 1
+15 315
-20 144
+1 2
cfi=(182) ./misc/../sysdeps/unix/sysv/linux/brk.c
cfn=(642) brk
calls=1 -24 
* 9
* 2
+4 1
-1 144
+4 284
+8 71
cfi=(182)
cfn=(642)
calls=71 -39 
* 657
* 142
-14 9
+18 45

fl=(128) ./string/../sysdeps/x86_64/multiarch/rawmemchr.c
fn=(408) rawmemchr
31 1
fi=(124)
+4 5
-1 2
+2 3
+5 2
-3 2
+9 3
+3 4
fe=(128)
-19 1

fl=(212)
fn=(810)
47 18
+3 18
+8 36
+2 9

fl=(118) ./string/../sysdeps/x86_64/multiarch/strlen.c
fn=(380) strlen
29 1
fi=(84)
+4 5
-1 2
+2 3
+2 2
+4 3
+3 4
fe=(118)
-14 1

fl=(100) ./string/../sysdeps/x86_64/multiarch/stpncpy.c
fn=(336) stpncpy
31 1
fi=(101)
+5 2
+1 1
-1 2
+1 2
+2 2
+4 3
+3 3
fe=(100)
-15 1

fl=(167) ./libio/./libio/vtables.c
fn=(570) check_stdfiles_vtables
83 1
+1 4
+1 3
+1 3
+2 1

fl=(174)
fn=(612)
30 1
+2 1
+9 1
+1 2
+1 1
+4 1
+1 1
+1 1
+1 1
+1 1
+2 2
+2 1
+1 1
+1 1
+2 2
+2 1
+5 1
+1 1
+17 1
cfi=(175)
cfn=(614)
calls=1 -56 
* 9

fl=(194)
fn=(690)
225 3788973
+54 1262991
-54 5051964
+19 1262991
-19 3788973
+14 1262991
-14 1262991
+26 2525982
+31 5051964
+9 7577946
+2 2525982
+5 2525982
-1 1262991
+6 2525982
+4 2525982
+10 2525982
+10 5051964
-82 2525982
377 1262991
+56 5051964
309 1262991
449 1262991
+10 3788973
-10 1262991
+10 1262991
+12 2525982
-5 4730532
+5 4730532
+1 14191596
-41 9461064
+2 16396146
+2 14191596
+28 14191596
+3 9461064
+11 2525982
+5 3788973
+1 1262991
+5 2525982
324 2525982
491 3788973
-2 2525982
+17 6314955
+18 10103928

fl=(185)
fn=(652)
278 8675914
+10 3336890
+1 667378
fi=(195) ./stdio-common/../include/scratch_buffer.h
78 667378
fe=(185)
289 667378
fi=(195)
77 1334756
fe=(185)
339 667378
fi=(195)
77 667378
fe=(185)
339 2669512
+6 2002135
+3 2669512
+4 1334756
+13 667378
-6 667378
+8 1334756
-8 667378
+8 667378
+5 667378
-5 667378
+5 4004268
cfi=(186)
cfn=(654)
calls=667378 24 
* 6673780
* 2002134
+9 667378
-4 667378
+4 2002134
570 667378
284 667378
-1 667378
+10 667378
-11 667378
570 1334756
2429 2669512
328 1334756
+4 667378
-5 667378
-1 667378
-1 667378
-12 667378
2180 667378
2429 667378
2180 3336890
418 6386712
+24 6386712
+1 6386712
+3 6314945
-65 12773424
3015 3336890
222 3860734
+1 3860734
-1 1930367
488 1930367
222 1930367
488 3860734
222 1930367
488 3860734
345 1334754
+27 7341158
482 1930367
+22 7721468
+25 1930367
-4 7721468
+7 19303670
+80 3860734
+5 1930367
-1 3860734
+1 3860734
+1 2002134
+3 5791101
+1 15442936
+6 19304373
+3 6434354
-3 3217177
+3 12869582
-3 437
+3 1748
-3 6435228
+4 13512569
+1 9651835
+4 3860734
-4 3860734
cfi=(187)
cfn=(686)
calls=1930367 +2 
* 36676973
+4 15442936
-9 874
cfi=(187)
cfn=(656)
calls=437 299 
* 71266
* 874
3025 8675914
cfi=(186)
cfn=(692)
calls=667378 39 
* 5339024
fi=(195)
85 2002134
fe=(185)
3029 1334756
+17 1334756
+6 8008536
442 1262989
+6 2525978
618 6
1398 12629910
+5 3788973
+9 7577946
1733 2525982
+9 1262991
fi=(195)
113 5051964
fe=(185)
1742 2525982
fi=(195)
113 3788973
fe=(185)
1740 32172165
260 9461064
1797 4730532
260 9461064
+3 14191596
1799 18922128
+2 42570084
-68 9458712
+68 1176
-68 2352
+2 11987046
+2 6314955
+67 2525982
206 1262991
1811 2525982
214 2525982
1812 2525982
+28 7577946
cfi=(187)
cfn=(686)
calls=1262991 635 
* 23996829
260 3788973
+3 3788973
1844 2525982
1669 1262991
206 1262991
1862 2525982
1669 2525982
1861 3788973
+1 1262991
cfi=(193)
cfn=(688)
calls=1262991 97 
* 199760325
* 1262991
+6 3788973
+3 6314955
+6 1262991
-4 2525982
+4 2525982
+23 2525982
1390 1262991
-1 1262991
+2 1262991
1742 6314955
+59 2352
cfi=(187)
cfn=(656)
calls=1176 299 
* 190512
* 3528
1435 5051964
+3 5051964
637 667376
1017 3336880
+2 3336880
+2 5339008
+10 1334752
-10 667376
+10 2002128
+71 667376
-81 4671632
+81 667376
-81 2002128
1144 49871098
1031 12465852
1144 6232926
1031 12468928
1144 1538
1031 3076
1144 5567088
-45 12468928
+3 6234464
-1 12468928
+1 12468928
-1 12468928
+43 6152
cfi=(187)
cfn=(656)
calls=1538 299 
* 249156
* 7690
2943 1334752
+40 2002128
+2 1334752
+8 1334752
-10 667376
+8 1334752
1813 28716
+1 28716
+65 2525982
+17 12629910
2048 3336880
1033 2002128
cfi=(187)
cfn=(686)
calls=667376 635 
* 12680144
+1 667376
1881 2525982
+1 3788973
1019 9343264

fl=(201)
fn=(720)
33 102648
+2 12831
cob=(2)
cfi=(51)
cfn=(706)
calls=12831 -35 
* 205296
+1 12831
-1 12831
+1 153972
+3 12831
-3 12831
+3 12831
-3 12831
+3 25662
-1 25660
+1 1
+1 1
fi=(202)
940 3
+2 2
+1 2
fe=(201)
40 12830
fi=(202)
940 38490
+2 25660
+1 25660
fe=(201)
40 38493
cfi=(188)
cfn=(722)
calls=12831 1197 
* 815233
* 25662
+1 89805
+1 51308
fi=(202)
883 25654
fe=(201)
42 16
fi=(202)
883 8
+1 128310
fe=(201)
46 89817
-5 8
cfi=(187)
cfn=(778)
calls=4 199 
* 680
* 8

fl=(127) ./string/../sysdeps/x86_64/multiarch/strncase.c
fn=(406) strncasecmp
31 1
fi=(214)
+1 5
fe=(127)
-1 1

fl=(102) ./wcsmbs/../sysdeps/x86_64/multiarch/wmemchr.c
fn=(340) wmemchr
31 2
fi=(103) ./wcsmbs/../sysdeps/x86_64/multiarch/ifunc-evex.h
+4 10
-1 4
+2 6
+5 4
-3 4
+9 6
+3 8
fe=(102)
-19 2

fl=(191) ./io/../sysdeps/unix/sysv/linux/fstatat64.c
fn=(670) fstatat
153 4
-55 4
+70 6
+1 2

fl=(190)
fn=(668)
29 4
+1 4
+5 6
cfi=(191)
cfn=(670)
calls=2 153 
* 16

fl=(91) ./wcsmbs/../sysdeps/x86_64/multiarch/wcslen.c
fn=(310) wcslen
29 1
fi=(88)
+5 4
-1 2
+2 3
+2 2
+4 3
+3 3
fe=(91)
-15 1

fl=(106) ./string/../sysdeps/x86_64/multiarch/strcspn.c
fn=(348) strcspn
29 1
fi=(218) ./string/../sysdeps/x86_64/multiarch/ifunc-sse4_2.h
+1 5
fe=(106)
-1 1

fl=(125) ./string/../sysdeps/x86_64/multiarch/strspn.c
fn=(400) strspn
29 1
fi=(218)
+1 5
fe=(125)
-1 1

fl=(119) ./string/../sysdeps/x86_64/multiarch/strncpy.c
fn=(384) strncpy
29 1
fi=(101)
+7 2
+1 1
-1 2
+1 2
+2 2
+4 3
+3 3
fe=(119)
-17 1

fl=(178)
fn=(624)
313 1
fi=(177)
3162 3
fe=(178)
313 5
+5 1
fi=(177)
3162 2
cfi=(179)
cfn=(626)
calls=1 28 
* 9
* 2
fe=(178)
343 2
+4 3
fi=(177)
1966 4
+3 1
-3 1
+3 2
-3 2
+3 126
-3 126
+3 252
-3 252
fe=(178)
352 3
fi=(177)
1977 1
+1 1
+2 1
fe=(178)
352 1
cob=(2)
cfi=(51)
cfn=(516)
calls=1 0 
* 23
+1 4
cob=(2)
cfi=(51)
cfn=(516)
calls=1 0 
* 22
+1 4
cob=(2)
cfi=(51)
cfn=(516)
calls=1 0 
* 23
+1 4
cob=(2)
cfi=(51)
cfn=(516)
calls=1 0 
* 23
+1 4
cob=(2)
cfi=(51)
cfn=(516)
calls=1 0 
* 22
+1 4
cob=(2)
cfi=(51)
cfn=(516)
calls=1 0 
* 23
+1 4
cob=(2)
cfi=(51)
cfn=(516)
calls=1 0 
* 23
+2 4
cob=(2)
cfi=(51)
cfn=(516)
calls=1 0 
* 23
+1 4
cob=(2)
cfi=(51)
cfn=(516)
calls=1 0 
* 23
+1 4
cob=(2)
cfi=(51)
cfn=(516)
calls=1 0 
* 23
+3 4
cob=(2)
cfi=(51)
cfn=(516)
calls=1 0 
* 23
+1 4
cob=(2)
cfi=(51)
cfn=(516)
calls=1 0 
* 23
+1 2
+63 7

fl=(183)
fn=(646)
181 2
+1 6
+5 2
+1 2
+1 2
+1 2
+69 2
+1 2
+88 2
+1 2
+1 2
+1 131090
+1 2
+1 4

fl=(85) ./string/../sysdeps/x86_64/multiarch/strpbrk.c
fn=(298) strpbrk
29 1
fi=(218)
+1 5
fe=(85)
-1 1

fl=(107) ./wcsmbs/../sysdeps/x86_64/multiarch/wcscpy.c
fn=(350) wcscpy
43 1
-6 5
+6 1

fl=(182)
fn=(642)
35 72
+1 288
+1 144
+6 63
+1 63
-5 18
+1 18

fl=(171)
fn=(588)
69 9
-28 2
+2 6
+1 2
cfn=(590) __new_exitfn
calls=1 +38 
* 32
+2 2
+10 1
+2 1
-5 3
+3 1
-1 1
+4 2
+1 1
-1 2
+12 6

fn=(590)
82 1
+6 2
-6 4
+11 4
-10 2
+12 4
-2 1
+10 1
-10 3
+45 1
+5 1
-4 1
+4 4
-18 1
-1 1
+1 1

fl=(120) ./wcsmbs/../sysdeps/x86_64/multiarch/wmemcmp.c
fn=(388) wmemcmp
29 1
fi=(121) ./wcsmbs/../sysdeps/x86_64/multiarch/ifunc-memcmp.h
+5 2
+1 1
-1 2
+1 2
+1 2
+1 3
+2 2
+4 3
+3 3
fe=(120)
-17 1

fl=(208)
fn=(790)
25 242
+7 22
-4 44
+4 44
-4 22
+5 22
-1 22
+1 22
-5 22
+4 22
+1 22
-1 22
+1 22
cfi=(209)
cfn=(792)
calls=22 1180 
* 27610
+4 110

fl=(94) ./wcsmbs/../sysdeps/x86_64/multiarch/wcschr.c
fn=(318) wcschr
31 2
fi=(95)
+2 10
-1 4
+2 6
+2 4
+4 6
+3 8
fe=(94)
-12 2

ob=(1)
fl=(1) ???
fn=(0) 0x0000000000020290
0 2
cfi=(2) ./elf/./elf/rtld.c
cfn=(2) _dl_start
calls=1 527 
0 159108
0 14
cfi=(162) ./elf/./elf/dl-init.c
cfn=(540) _dl_init
calls=1 77 
0 442
0 3
cob=(6)
cfi=(169)
cfn=(584)
calls=1 0 
0 6508388021

fl=(152) ./elf/./elf/dl-lookup-direct.c
fn=(500) _dl_lookup_direct
74 30
+2 3
-2 3
+4 3
-4 3
+2 3
+2 9
+37 3
-37 9
+1 6
+2 12
+3 25
-52 3
+54 6
-54 3
+54 3
-54 9
+1 9
+2 6
+1 6
+12 12
+3 3
+2 3
-2 3
+2 9
cfi=(32) ./string/../sysdeps/x86_64/strcmp.S
cfn=(90) strcmp
calls=3 +55 
* 207
* 6
+4 6
+1 3
-1 3
+1 18
+1 9
cfi=(32)
cfn=(90)
calls=3 +49 
* 75
* 6
+57 27
-23 6

fl=(71) ./io/../sysdeps/unix/sysv/linux/pread64_nocancel.c
fn=(234) __pread64_nocancel
25 8
+1 16
+1 4

fl=(12) ./elf/./elf/dl-sort-maps.c
fn=(22) _dl_sort_maps_init
281 2
+1 4
cfi=(10)
cfn=(24)
calls=1 405 
* 20
+2 3
-1 1
+2 2

fn=(248) dfs_traversal.part.0
140 40
+10 5
-2 5
+2 10
+2 12
+3 12
-3 24
+9 10
+15 15
+1 5
+1 30

fn=(246) _dl_sort_maps
290 10
+8 1
-8 1
+8 2
+4 8
-79 2
-37 1
+37 1
-36 4
+1 1
-1 1
+1 1
-1 2
+1 4
-1 4
+1 4
-1 8
+36 15
+8 3
-3 1
+2 1
+1 1
-8 1
+5 1
+3 4
+2 12
+2 5
-90 25
cfn=(248)
calls=5 -5 
* 168
+93 10
+18 2
+13 1
+33 1
-26 4
cfi=(29) ./string/../sysdeps/x86_64/multiarch/memmove-vec-unaligned-erms.S
cfn=(80) memcpy
calls=1 -64 
* 19
* 1

fl=(22) ./string/../sysdeps/x86_64/multiarch/strlen-vec.S
fn=(60) strlen
41 21
+44 21
+1 21
+1 21
+1 21
+1 21
+1 21
+1 21
+2 21
+2 21
+31 20
+1 20
+1 20
+1 20
+1 20
+1 12
+2 12
+4 8
+1 8
+1 8
+1 8
+1 8
+1 8
+1 8
+1 8
+1 8
+1 8
+1 8
+1 8
+5 64
+4 1
+1 14
+1 8

fl=(23) ./elf/../misc/sbrk.c
fn=(62) sbrk
37 5
+3 1
+18 2
+4 2
+16 5

fl=(27) ./elf/./elf/dl-minimal-malloc.c
fn=(144) __minimal_free
95 4
+2 16

fn=(76) __minimal_malloc
35 145
+1 29
+11 29
-11 58
+11 58
+3 29
-3 29
+3 166
+18 29
+1 29
+2 116
-16 8
+1 4
+2 2
+1 14
cfi=(60) ./misc/../sysdeps/unix/sysv/linux/mmap64.c
cfn=(194) mmap
calls=2 -12 
* 18
* 2
+2 4
+2 4
+2 2
+4 2
-4 4
-23 1
-1 1
+1 1
+1 2
-2 2

fn=(72) __minimal_calloc
78 10
+4 10
-4 40
+7 10
+1 30
fi=(28) ./elf/../include/rtld-malloc.h
-30 10
cfi=(27)
cfn=(76)
calls=10 -21 
* 285
fe=(27)

fl=(43) ./string/../sysdeps/x86_64/memcmp.S
fn=(124) bcmp
22 1
+5 1
+1 1
+1 1
+1 1
+1 1
+1 1
+1 1
+1 1
+3 1
+1 1
+1 1
+1 1
+1 1
+1 1
+1 1
+1 1
+1 1
+2 1
+1 1
+17 1
+1 1
+17 1
+1 1
+1 1
+1 1
+1 1
+4 1
+47 1
+1 1
+1 1
+1 1
+1 1
+1 1
+1 1
+1 1
+1 1
+1 1
+1 1
+1 1
+1 1

fl=(53) ./setjmp/../sysdeps/x86_64/setjmp.S
fn=(168) __sigsetjmp
30 6
+2 6
+9 6
+1 12
+1 6
+4 6
+1 6
+1 6
+1 6
+1 6
+2 12
+2 6
+1 6
+1 6
+2 12
+2 6
+8 6
+3 6
+1 6
+7 6
+1 6

fl=(15) ./elf/../sysdeps/x86/dl-get-cpu-features.c
fn=(32) _dl_x86_init_cpu_features
37 1
+2 3
+2 1
cfi=(16) ./elf/../sysdeps/x86/cpu-features.c
cfn=(34) init_cpu_features.constprop.0
calls=1 399 
* 7219

fn=(502) __x86_cpu_features
71 1
-32 3
+32 2

fl=(45) ./string/./string/strdup.c
fn=(140) strdup
40 20
+1 4
cfi=(22)
cfn=(60)
calls=4 * 
* 122
* 4
fi=(219) ./string/../include/rtld-malloc.h
+15 8
cfi=(27)
cfn=(76)
calls=4 -21 
* 100
fe=(45)
-12 8
+4 4
-1 12
+1 8
-1 4
cfi=(29)
cfn=(80)
calls=4 212 
* 52

fl=(26) ./elf/./elf/dl-object.c
fn=(82) _dl_add_to_namespace_list
31 8
+2 4
-2 8
+2 4
-2 8
+2 4
cfi=(24) ./elf/../sysdeps/nptl/dl-tls_init_tp.c
cfn=(84) rtld_mutex_dummy
calls=4 +9 
* 12
+2 31
+3 36
+2 3
+2 3
+4 3
+4 3
-4 6
+1 3
+4 3
-4 3
+1 3
+3 3
-3 3
+3 3
-1 3
cfi=(24)
cfn=(84)
calls=3 -8 
* 9
-4 1
+4 1
-4 2
+1 1
+4 1
-4 1
+1 1
+3 1
-3 1
+3 1
-1 1
cfi=(24)
cfn=(84)
calls=1 -8 
* 3
-5 2

fn=(70) _dl_new_object
59 56
+3 8
+18 3
+3 3
-3 3
+3 3
cfi=(22)
cfn=(60)
calls=3 -42 
* 69
+4 6
-4 6
+9 6
fi=(28)
-48 9
cfi=(27)
cfn=(72)
calls=3 +34 
* 136
fe=(26)
+48 1
fi=(28)
-48 3
cfi=(27)
cfn=(72)
calls=1 +34 
* 43
* 4
fe=(26)
+51 8
+5 4
-2 4
+6 4
-4 4
+4 4
-5 4
+4 4
+1 4
-1 4
+1 8
cfi=(29)
cfn=(80)
calls=4 212 
* 55
* 8
+2 4
+13 8
+6 1
+2 7
+3 2
-3 21
+3 6
+9 4
-7 4
+4 4
+3 17
+2 1
-2 3
+2 15
-2 45
+16 8
-5 4
+5 4
-6 4
+6 4
-6 4
+6 8
+2 6
+3 6
-3 6
+7 12
+4 6
+8 2
+3 2
+10 3
-10 6
+10 9
+2 3
+21 3
-21 3
cfi=(22)
cfn=(60)
calls=3 41 
* 105
* 9
+17 3
-13 9
+50 9
cfi=(29)
cfn=(128) mempcpy
calls=3 -46 
* 47
* 3
+5 6
+1 6
-1 100
+1 100
+2 6
+3 3
+3 3
+4 36
131 11
-12 6
+34 1
+7 4
+8 12
fi=(28)
56 6
cfi=(27)
cfn=(76)
calls=3 -21 
* 75
* 3
fe=(26)
200 12
64 2
+2 3
+1 2
+10 5
-6 2

fl=(162)
fn=(540)
77 12
+1 1
+1 1
+3 3
+8 2
+25 1
+1 5
+1 2
-86 4
+86 8
-86 16
+2 26
cfn=(542) call_init.part.0
calls=4 -7 
* 265
+83 15
+7 8
-92 4
+2 6
cfn=(542)
calls=1 -7 
* 61
+52 2

fn=(542)
26 40
+13 5
-13 5
+16 5
-3 10
+3 10
+5 8
+8 12
+1 12
cob=(2)
cfi=(51)
cfn=(572)
calls=1 -56 
* 7
cob=(2)
cfi=(51)
cfn=(544)
calls=1 -56 
* 26
+3 4
+1 8
+6 4
+2 4
-2 2
+3 13
+1 4
cob=(3)
cfi=(167)
cfn=(570)
calls=1 +13 
* 12
* 8
cob=(4)
cfi=(168)
cfn=(576)
calls=1 -70 
* 12
cob=(3)
cfi=(164)
cfn=(562)
calls=1 -24 
* 74
-1 9
+3 30
-29 2

fl=(10)
fn=(24)
405 34
+3 238
+9 34
-9 130
+9 10
+17 170
+2 34
-9 24
+1 24

fn=(18) __GI___tunables_init
282 9
-9 7
71 98
+6 31
-3 31
+3 2237
-3 31
-3 62
357 8
81 62
+5 93
fi=(11) ./elf/./elf/dl-tunables.h
+54 31
fe=(10)
-54 31
fi=(11)
+54 31
+1 82
-1 70
+1 20
-1 31
+1 62
fe=(10)
323 124
-18 4340
+6 6820
fi=(11)
140 279
+1 558
-1 19
+1 76
-1 95
fe=(10)

fn=(54) __GI___tunable_set_val
157 15
-55 5
+55 5
-55 5
+55 5
-55 35
+9 5
+1 5
fi=(220) ./elf/./dl-tunable-types.h
-22 10
fe=(10)
+22 20
+1 40
fi=(11)
+8 10
+1 5
fe=(10)
-6 15
fi=(11)
+15 5
fe=(10)
-12 10
+4 10
+7 10
+1 10
+3 30
+1 5
+1 5
+1 5
+24 5
fi=(11)
-30 15
fe=(10)

fl=(60)
fn=(194)
47 32
+3 32
+8 64
+2 16

fl=(77) ./elf/../sysdeps/x86/dl-cet.c
fn=(270) _dl_cet_check
252 8
42 1
+9 1
-10 1
+4 1
-4 1
+3 1
+4 2
+1 2
-1 2
+14 2
254 8

fl=(2)
fn=(156) handle_preload_list
894 10
+5 1
-5 2
+5 2
+6 1
-64 1
+54 3
+7 3
cfi=(50) ./string/../sysdeps/x86_64/strcspn.S
cfn=(158) strcspn
calls=1 25 
* 233
* 1
+1 3
+9 1
191 1
914 2
191 2
916 2
-80 1
+5 5
-10 1
+8 1
-4 1
+1 1
+1 1
+4 1
cob=(2)
cfi=(51)
cfn=(160)
calls=1 0 
* 2784
+1 3
+8 3
+67 1
-18 2
+21 9
-15 4
cfi=(29)
cfn=(80)
calls=1 212 
* 19
+1 2

fn=(170) map_doit
663 2
+2 1
-2 1
+2 1
+1 2
-1 2
+1 3
cfi=(31) ./elf/./elf/dl-load.c
cfn=(172) _dl_map_object
calls=1 2022 
* 2683
* 1
+2 2

fn=(64) dl_main
1320 2
205 1
311 1
1320 2
2818 1
1320 3
2829 1
1320 2
2698 1
1320 2
311 1
1320 3
207 1
310 1
205 1
+99 3
1332 1
cfi=(24)
cfn=(66) __tls_pre_init_tp
calls=1 53 
* 17
2677 3
+6 5
-4 1
+4 1
+2 3
cfi=(25) ./elf/./elf/dl-environ.c
cfn=(68) _dl_next_ld_env_entry
calls=1 28 
* 35
* 4
cfi=(25)
cfn=(68)
calls=2 28 
* 186
* 9
+4 6
-2 2
+2 6
+1 2
-1 6
+1 17
-1 89
+9 12
2845 4
+32 2
1348 1
+1 2
-1 2
+1 2
2774 3
+1 3
-56 2
+7 2
1627 9
cfi=(26)
cfn=(70)
calls=1 59 
* 230
* 1
+2 2
+1 1
+6 2
-6 1
+1 2
+1 3
+4 1
cfi=(26)
cfn=(82)
calls=1 31 
* 36
+1 2
1140 1
1326 1
1169 1
-29 1
+11 1
+18 2
-21 1
+21 1
-19 1
-4 1
+23 1
-21 1
+21 2
+57 1
-83 1
+23 1
+4 1
+19 1
+22 1
+15 5
-56 116
1275 4
+2 1
1169 18
fi=(30) ./elf/../sysdeps/x86/dl-prop.h
105 2
fe=(2)
1282 22
+6 4
cfi=(31)
cfn=(88) _dl_process_pt_gnu_property
calls=1 868 
* 20
-7 26
+1 13
+6 13
-6 26
fi=(30)
212 4
+1 2
95 8
+10 2
212 1
105 1
-2 1
-3 1
+2 1
+3 1
-4 2
+92 4
-1 1
-87 3
+3 3
+1 2
+1 2
+4 3
+4 3
+3 3
+1 2
+4 1
+1 4
+58 3
+2 4
-56 4
+1 2
+3 4
+3 2
+1 8
+5 4
+2 4
+5 4
+14 2
-1 4
+2 2
fe=(2)
1174 1
-5 1
+5 2
-5 2
+30 1
-9 1
+27 1
-27 1
+2 1
-3 1
+10 2
-20 2
-10 1
+10 1
+1 9
-11 2
+57 4
-1 4
+1 8
-1 4
+2 8
+1 1
+2 12
+1 14
+4 8
+1 8
+1 4
+1 10
+1 1
+4 1
-74 1
+74 2
-74 2
+74 3
-74 3
+74 6
-74 6
fi=(30)
165 2
fe=(2)
1271 1
1169 1
1271 1
1169 2
1294 1
+3 2
+2 1
-5 2
+3 2
+2 2
+2 2
1662 3
+2 1
-1 1
+1 2
+1 2
-2 1
+2 1
-2 2
cfi=(32)
cfn=(90)
calls=1 108 
* 34
* 2
+7 1
+3 1
-5 1
+3 1
+2 1
+1 2
+4 2
+2 2
fi=(3) ./elf/./get-dynamic-info.h
39 3
+6 1
-2 1
+2 2
+9 1
+5 1
+3 1
+2 1
-3 1
-3 1
-3 17
+13 5
-23 20
+23 22
-23 88
+4 54
+5 24
+2 5
+16 3
+25 3
+5 2
+7 2
+1 3
+22 3
+5 2
+2 2
+2 2
+2 2
+1 1
+3 3
+2 3
+1 2
+9 2
+6 2
+1 2
+3 2
fe=(2)
1688 3
+7 2
cfi=(8) ./elf/./elf/dl-setup_hash.c
cfn=(14) _dl_setup_hash
calls=1 25 
* 29
+3 2
fi=(33) ./elf/./setup-vdso.h
24 2
fi=(35) ./elf/../sysdeps/unix/sysv/linux/dl-vdso-setup.h
+21 1
fe=(2)
1723 1
cfi=(13) ./elf/../sysdeps/unix/sysv/linux/dl-sysdep.c
cfn=(100) _dl_discover_osversion
calls=1 46 
* 109
* 8
fi=(37) ./elf/./dl-main.h
109 5
cfi=(31)
cfn=(106) _dl_init_paths
calls=1 706 
* 2926
fe=(2)
1731 3
cfi=(46) ./elf/./elf/dl-debug.c
cfn=(146) _dl_debug_initialize
calls=1 56 
* 30
+7 1
-7 1
+2 1
+5 1
+4 1
+3 1
-3 3
+1 2
+3 1
+5 1
-7 1
+7 1
+1 3
+12 2
+1 2
+5 1
-3 2
+2 1
+1 2
+5 3
+1 5
-1 2
233 1
-1 1
+1 3
+1 2
-2 1
+2 2
1793 2
+5 1
-1 1
+1 1
+24 1
cfi=(47) ./elf/../elf/dl-tls.c
cfn=(148) _dl_count_modids
calls=1 197 
* 6
* 1
fi=(48) ./elf/../sysdeps/generic/dl-debug.h
29 3
+1 2
fe=(2)
1828 2
+1 1
cfi=(46)
cfn=(152) _dl_debug_state
calls=1 116 
* 2
+1 1
+4 3
cfi=(49)
cfn=(154) _dl_audit_activity_map
calls=1 28 
* 16
+5 3
+2 1
+2 2
+9 2
+16 4
cfi=(65) ./io/../sysdeps/unix/sysv/linux/access.c
cfn=(208) access
calls=1 25 
* 9
* 2
+76 4
+16 3
85 1
1970 1
85 2
1970 2
85 1
1970 5
cfi=(66) ./elf/./elf/dl-deps.c
cfn=(210) _dl_map_object_deps
calls=1 159 
* 14482
92 1
1976 1
92 2
+9 2
1976 2
+1 5
-1 4
+1 8
-1 16
+4 4
+1 3
+1 1
+2 2
+1 4
-1 13
+1 12
+12 3
+1 2
+2 1
+2 3
+2 1
-4 1
+5 1
-1 2
+14 2
+1 2
+1 3
+11 2
+2 1
-2 1
+2 2
-2 1
+1 2
+1 1
-1 2
+1 1
cfi=(52)
cfn=(250) _dl_receive_error
calls=1 238 
* 6990
+10 2
+1 2
+3 2
862 1
fi=(221) ./elf/../sysdeps/unix/sysv/linux/dl-osinfo.h
64 2
fe=(2)
864 1
+6 1
+3 1
+7 1
-5 1
2052 3
2282 3
1778 2
+6 1
-6 2
+6 1
+2 3
fi=(30)
198 4
+2 1
+1 1
+2 1
-3 3
+3 1
fi=(3)
59 4
+3 4
+2 4
fi=(34) ./elf/../sysdeps/unix/sysv/linux/dl-vdso.h
-24 1
+1 2
fe=(2)
2331 1
1325 1
2342 1
-4 2
+10 1
-6 1
+6 1
+3 2
+8 1
fi=(30)
36 1
fe=(2)
2359 1
fi=(30)
37 3
+3 1
+13 7
-13 4
+9 8
-9 1
+9 25
+4 20
-16 15
+34 3
cfi=(77)
cfn=(270)
calls=1 252 
* 30
fe=(2)
2361 2
+54 3
+3 1
85 4
2422 1
+1 22
+2 10
+5 10
+2 10
+6 5
+2 15
+1 32
cfi=(78) ./elf/./elf/dl-reloc.c
cfn=(272) _dl_relocate_object
calls=4 194 
* 92750
+4 12
+1 2
-23 1
+23 1
cfi=(47)
cfn=(412) _dl_add_to_slotinfo
calls=1 1015 
* 28
-23 6
92 3
+1 1
2454 1
93 1
2454 1
+5 4
+2 1
+7 3
cfi=(47)
cfn=(480) _dl_allocate_tls_init
calls=1 528 
* 146
+3 2
fi=(3)
72 2
+10 3
+1 4
+1 4
+1 4
+2 4
+5 4
+1 4
+1 5
fi=(35)
-64 3
+3 1
+3 1
+3 1
fi=(34)
+16 2
fe=(2)
2434 1
+1 1
-3 2
+49 3
+2 4
+10 1
cfi=(147) ./elf/./elf/dl-find_object.c
cfn=(482) _dl_find_object_init
calls=1 561 
* 713
+5 2
cfi=(7) ./elf/./elf/dl-minimal.c
cfn=(490) __rtld_malloc_init_real
calls=1 76 
* 2548
+3 1
cfi=(151) ./elf/../sysdeps/nptl/dl-mutex.c
cfn=(498) __rtld_mutex_init
calls=1 30 
* 415
85 1
2507 1
+1 3
85 3
2508 2
cfi=(78)
cfn=(272)
calls=1 194 
* 5070
92 3
+9 2
2516 3
cfi=(153) ./elf/./elf/dl-call-libc-early-init.c
cfn=(504) _dl_call_libc_early_init
calls=1 27 
* 1353
+7 1
cfi=(9) ./elf/../elf/dl-sysdep.c
cfn=(530) _dl_sysdep_start_cleanup
calls=1 262 
* 2
+4 3
cfi=(49)
cfn=(532) _dl_audit_activity_nsid
calls=1 40 
* 21
+5 2
cfi=(46)
cfn=(186) _dl_debug_update
calls=1 38 
* 7
+1 1
-1 1
+2 1
cfi=(46)
cfn=(152)
calls=1 116 
* 2
+1 1
+4 1
cfi=(68) ./elf/./elf/dl-cache.c
cfn=(534) _dl_unload_cache
calls=1 537 
* 18
+5 8
1741 4
1995 2
+50 2
cfn=(258) init_tls
calls=1 756 
* 789
* 2
2726 4
+2 2
+1 1
+46 2
+2 1
+1 1
-1 1
+1 1
+1 1
85 1
1847 1
85 2
1847 1
85 1
1847 2
cfn=(156)
calls=1 894 
* 3107
* 1
92 3
+9 3
1948 16
+1 1
-1 1
+4 3
+1 1
+1 2
+1 2
-7 2
fi=(30)
170 3
-39 2
fe=(2)

fn=(252) version_check_doit
696 3
+2 4
cfi=(75) ./elf/./elf/dl-version.c
cfn=(254) _dl_check_all_versions
calls=1 361 
* 6962
* 2
+4 2

fn=(258)
756 3
+2 1
+4 1
-4 1
+4 2
+11 1
fi=(28)
44 1
fe=(2)
768 1
+4 1
fi=(28)
44 1
cfi=(27)
cfn=(72)
calls=1 +34 
* 36
fe=(2)
783 1
-12 1
+6 1
-9 1
+11 1
+4 1
+2 3
-1 2
+3 10
+4 1
+2 1
-2 2
-5 1
-1 2
+10 3
+3 2
cfi=(47)
cfn=(260) _dl_tls_static_surplus_init
calls=1 97 
* 79
+3 1
cfi=(47)
cfn=(262) _dl_determine_tlsoffset
calls=1 221 
* 76
+7 1
cfi=(47)
cfn=(264) _dl_allocate_tls_storage
calls=1 422 
* 442
* 1
+1 2
+6 1
+3 2
-3 1
+3 6
+3 1
cfi=(24)
cfn=(266) __tls_init_tp
calls=1 68 
* 75
+1 1
+3 5
-39 4
-1 9

fn=(2)
527 10
85 1
fi=(6) ./elf/../sysdeps/x86_64/dl-machine.h
-40 1
fe=(2)
557 1
-4 1
85 2
556 1
85 1
fi=(3)
-40 1
fe=(2)
556 1
fi=(3)
45 2
+9 1
+5 1
+3 1
+2 1
+4 1
-7 1
-3 1
-3 14
+13 4
-23 16
+23 14
-23 56
+4 36
+5 20
+2 5
+3 4
fi=(4) ./elf/../sysdeps/generic/ldsodefs.h
+21 1
fi=(3)
-8 3
+10 4
+1 4
+1 4
+1 4
+2 4
+5 4
+1 4
+1 4
+3 3
+5 2
+7 3
+1 3
+8 2
+1 2
+5 3
+3 3
fe=(2)
573 1
fi=(6)
71 1
fe=(2)
573 42
fi=(6)
414 1
fi=(5) ./elf/./elf/do-rel.h
86 1
fe=(2)
573 2
fi=(5)
49 1
+37 1
-37 1
+37 1
+2 1
-2 1
+2 1
-2 1
+27 2
-27 1
fe=(2)
573 2
fi=(5)
49 1
+37 1
-37 1
+37 1
+2 1
-2 1
+2 1
-2 1
+27 3
+1 2
fi=(6)
534 2
fi=(5)
114 282
fi=(6)
534 282
+1 142
fi=(5)
113 142
fi=(6)
535 284
fi=(5)
113 284
+5 4
+8 7
fi=(6)
326 12
fi=(5)
126 21
+2 7
+2 7
-2 7
fi=(6)
287 7
fi=(5)
130 7
-2 7
+1 14
fi=(6)
287 14
+9 70
+3 14
+27 33
fe=(2)
573 6
fi=(5)
50 1
fi=(4)
+30 2
fi=(6)
326 2
+20 12
+1 6
fe=(2)
575 1
+13 1
cfi=(7)
cfn=(12) __rtld_malloc_init_stubs
calls=1 42 
* 10
+4 2
85 1
488 2
85 3
488 1
cfi=(8)
cfn=(14)
calls=1 25 
* 29
+2 2
-1 1
+1 2
+17 1
-15 1
-2 1
+17 1
-15 1
+9 1
-11 1
+17 1
cfi=(9)
cfn=(16) _dl_sysdep_start
calls=1 85 
* 157015
* 1
+2 2
+98 9
fi=(3)
62 4
+2 4
fe=(2)
573 3

fl=(72) ./misc/../sysdeps/unix/syscall-template.S
fn=(236) mprotect
117 30
+5 6

fn=(536) munmap
117 5
+5 1

fl=(79) ./elf/./elf/dl-lookup.c
fn=(284) check_match
70 107
+3 107
-3 1284
+3 422
+13 104
-13 104
+13 104
-13 104
+13 312
+3 364
cfi=(32)
cfn=(90)
calls=39 +19 
* 1832
* 78
+4 104
+1 208
+2 204
+19 204
+1 816
-38 104
+84 624
-18 4
+2 4
+1 2
-1 4
+1 6
-1 4
+16 18
-45 306
cfi=(32)
cfn=(90)
calls=102 -9 
* 2710
* 204
-44 12
+82 6

fn=(282) do_lookup_x
363 912
+1 114
-1 570
+48 114
-30 228
-11 114
+41 114
-30 342
+30 114
fi=(80) ./elf/../sysdeps/generic/dl-protected.h
44 342
fe=(79)
381 114
fi=(80)
44 456
fe=(79)
395 1407
+4 469
+4 469
-3 469
+3 1876
+1 1407
+3 469
+1 938
+7 469
-3 938
-2 469
+5 1876
+3 3283
570 1098
374 940
+3 940
+4 948
+4 938
+4 938
+88 208
fi=(4)
137 208
+1 312
fe=(79)
528 208
fi=(80)
29 208
fe=(79)
535 800
+16 208
+1 104
+1 208
422 476
-1 238
+2 238
+2 1380
+13 450
-10 1270
+3 107
-1 214
+1 107
-1 107
+2 214
-1 1284
cfn=(284)
calls=107 70 
* 10466
+4 321
+3 6
573 10
+1 912
-35 24
-70 22
171 77
452 832

fn=(280) _dl_lookup_symbol_x
840 1140
+10 114
-10 228
+10 114
-10 114
+10 114
204 114
840 114
204 570
581 456
-1 228
+2 114
-1 114
+1 342
-1 342
+1 1432
-1 1432
+1 4296
-1 4296
+2 114
846 114
-4 114
+1 114
+7 114
-8 114
+1 114
+7 420
+3 114
+2 228
-2 114
+6 228
-7 684
+7 50
+1 1596
cfn=(282)
calls=114 363 
* 45094
* 342
+28 114
-23 114
+23 114
-23 228
+24 608
+7 104
-7 104
+40 416
+79 208
-65 312
+3 312
-62 114
+69 1026
-86 60
+18 30
+59 2

fl=(25)
fn=(68)
28 3
+1 3
+3 39
+13 29
-13 58
+2 62
+1 18
+5 2
-3 2
+3 2
+2 2
+7 1

fl=(64) ./io/../sysdeps/unix/sysv/linux/close_nocancel.c
fn=(204) __GI___close_nocancel
25 4
+1 16
+1 4

fl=(19) ./elf/../sysdeps/x86/dl-cacheinfo.h
fn=(52) get_common_cache_info.constprop.0
481 1
+17 1
-17 4
+16 1
-16 1
+15 1
-15 3
+18 1
-1 1
+9 2
+3 3
+11 1
-11 1
-5 1
+21 3
+4 2
681 4
+1 5
+4 2
+9 2
-2 1
+2 2
-1 1
+1 3
535 6
+3 8
+7 2
-7 9
+7 6
+3 26
+14 2
+4 1
+3 1
+1 1
-4 2
+3 3
+6 2
-37 6
+15 2
+4 1
+1 1
-1 2
+18 2
-68 6
+74 4
+8 7
+2 2
+4 3
+2 1
+2 5
-4 1
+16 1
-16 3
+21 2
-21 4
+3 1
+1 4
-4 1
+6 4
+3 2
+5 1
+2 2
+1 1
+1 1
-2 2
+1 1
-19 5
+46 2
+1 1
+1 2
+2 2
-1 3
-23 2
+7 1
+2 2
-16 1
+22 1
-6 2
+1 1
+5 1

fn=(46) handle_intel.constprop.0
255 24
-5 24
+16 12
-16 72
+13 12
+1 36
-3 24
+11 60
+5 24
+2 12
+1 12
-1 12
+5 48
cfn=(48) intel_check_word.constprop.0
calls=12 123 
* 3876
+2 24
+3 60
cfn=(48)
calls=12 123 
* 1156
+2 24
+3 5
cfn=(48)
calls=1 123 
* 20
+2 2
+3 5
cfn=(48)
calls=1 123 
* 255
+2 2
-35 3
+39 3
+5 96

fn=(48)
123 78
-4 78
+10 104
-10 26
+10 52
+2 52
+71 200
-71 102
+2 63
+2 126
+8 126
+51 102
+22 51
fi=(20) ./elf/../bits/stdlib-bsearch.h
28 51
-1 102
+4 102
+1 51
fe=(19)
+78 102
fi=(20)
-79 76
+1 38
fe=(19)
+78 76
+3 345
fi=(20)
-84 820
+2 512
+1 256
fe=(19)
+78 512
+15 15
246 104
fi=(20)
37 63
-8 151
fe=(19)
155 36
+3 36
-6 54
+3 14
+9 14
+23 19
-32 57
+3 57
+4 50
+2 100
+2 50
+2 36
+4 11
+2 22
+6 14
+3 8
+1 12
-8 4
+2 4
-1 4
-1 4
+2 8
-2 4
+3 12
-2 12
+2 8
-10 24
+1 10
+11 12
-26 4
+9 4
+23 2
-32 6
+3 6
+4 8
+2 16
+2 8
-11 3
+7 6
+2 12

fl=(39) ./elf/../sysdeps/x86_64/dl-hwcaps-subdirs.c
fn=(110) _dl_hwcaps_subdirs_active
29 1
fi=(18) ./elf/../sysdeps/x86/get-isa-level.h
+2 1
fe=(39)
+7 1
fi=(18)
-7 2
-1 2
fe=(39)
+22 1
fi=(18)
-20 3
+4 1
fe=(39)
+2 1
fi=(18)
-2 2
+3 4
+1 4
+5 1
fe=(39)
-7 1
fi=(18)
+7 3
fe=(39)
-2 1
fi=(18)
+5 2
+1 3
+2 4
+1 2
+1 2
+6 1
fe=(39)
-11 1
fi=(18)
+11 1
-3 2
fe=(39)

fl=(59) ./io/../sysdeps/unix/sysv/linux/fstatat64.c
fn=(192) fstatat
153 28
-55 28
+70 33
+1 5
-2 18
+1 18

fl=(50)
fn=(158)
25 1
+2 1
+7 1
+1 1
+2 1
+1 1
+1 1
+1 1
+1 33
+3 3
+7 1
+1 1
+1 1
+1 1
+2 1
+1 1
+1 1
+1 1
+2 1
+1 1
+1 1
+9 3
+12 1
+2 1
+1 1
+1 1
-4 12
+2 12
+1 12
+1 12
+2 13
+1 13
+1 13
+2 13
+1 13
+1 13
+2 13
+1 13
+1 13
+2 1
+1 1
+1 1
+2 1
+7 1
+4 1

fl=(36) ./posix/../sysdeps/unix/syscall-template.S
fn=(102) uname
120 5
+2 1

fl=(46)
fn=(152)
116 2
+1 2

fn=(146)
56 1
+3 2
+4 1
-6 1
+4 1
+2 2
+22 2
+5 2
+1 1
+1 1
-1 1
-1 1
+5 2
+4 2
+8 2
-43 2
+32 6

fn=(186)
38 4
+3 4
-1 8
+4 8
+4 4

fl=(66)
fn=(214) openaux
61 15
+7 5
-4 10
+1 5
-1 40
cfi=(31)
cfn=(172)
calls=5 2022 
* 11845
* 5
+5 10

fn=(210)
159 5
+1 3
-1 1
+1 1
-1 2
+1 1
-1 3
+1 1
-1 4
+1 12
-8 1
-7 1
+15 1
-14 1
+6 1
+8 1
-15 1
+7 1
-8 1
+1 1
+7 1
-7 1
+31 3
-28 3
-2 1
+31 1
-33 2
+2 2
+30 2
-30 1
-1 4
+7 4
+24 2
-32 1
+60 1
-60 2
+36 1
fi=(74) ./elf/../include/scratch_buffer.h
77 3
fe=(66)
198 1
fi=(74)
78 1
fe=(66)
200 2
+98 1
198 1
+4 1
+7 1
+4 4
-4 4
+4 16
+11 14
-18 2
+18 4
433 15
+2 3
+3 3
-3 6
+3 3
fi=(28)
56 3
cfi=(27)
cfn=(76)
calls=3 -21 
* 75
* 3
fe=(66)
439 6
+6 3
+1 15
cfi=(29)
cfn=(80)
calls=3 212 
* 33
+1 15
cfi=(29)
cfn=(80)
calls=3 212 
* 33
+4 3
-1 3
+5 20
204 12
458 12
-1 5
+1 10
199 3
+27 15
+5 3
+6 3
-5 3
-1 3
+2 6
+4 12
-31 3
+31 3
+1 9
+6 12
cfi=(31)
cfn=(212) _dl_dst_count
calls=3 -6 
* 150
* 8
cfi=(31)
cfn=(212)
calls=2 -6 
* 108
* 15
+4 10
-2 5
+2 10
cob=(2)
cfi=(51)
cfn=(164)
calls=5 0 
* 12240
+1 10
+9 5
+2 10
+5 15
+6 3
+2 3
-8 6
+3 3
+1 3
+1 3
+1 3
+4 15
+4 15
+1 9
-43 320
+1 154
+44 225
-38 10
fi=(74)
85 3
fe=(66)
464 6
+1 1
+3 4
+11 3
fi=(28)
56 1
cfi=(27)
cfn=(76)
calls=1 -21 
* 25
* 1
fe=(66)
481 2
+5 3
+1 1
-1 2
+4 2
-2 1
+2 1
-2 2
+13 4
+5 4
-16 12
-2 4
+6 4
+7 4
-2 8
-5 1
+7 1
-2 2
+2 2
+5 1
-16 6
+19 2
+52 3
+37 3
+15 1
-11 1
+11 1
-14 2
+20 1
-1 3
+1 3
-1 5
cfi=(12)
cfn=(246)
calls=1 290 
* 330
+5 1
+3 1
-1 1
+2 2
+7 3
+3 3
+3 8
214 32
+3 3
fi=(74)
-86 9
cfi=(73) ./malloc/./malloc/scratch_buffer_set_array_size.c
cfn=(240) __libc_scratch_buffer_set_array_size
calls=3 30 
* 60
fe=(66)
+86 6
+4 9
613 2
cfi=(29)
cfn=(80)
calls=1 212 
* 19
* 1
-53 2
160 2
380 8

fl=(8)
fn=(14)
25 5
+3 5
-3 5
+3 10
+3 15
+1 10
+2 5
-1 5
+3 15
+1 5
+4 5
-3 5
+7 5
-4 5
-3 5
+2 10
+5 5
-5 5
-2 5
+7 5
-5 5
+10 5

fl=(32)
fn=(90)
108 257
+33 257
+1 257
+2 257
+1 257
+21 257
+1 257
+1 223
+1 223
+1 188
+1 188
+1 188
+1 188
+21 188
+1 188
+1 188
+1 188
+1 188
+1 188
+1 188
+5 5
+1 15
+9 5
+1 5
+1 5
+1 5
+1 5
+1 5
+1 5
+1 5
-7 69
+1 69
+1 69
+1 69
+1 69
+1 69
+1 69
+1 69
+1 68
+1 32
+1 32
+1 32
+2 32
+1 32
+1 32
+1 32
+1 32
+1 32
-5 36
+1 36
+1 36
+1 36
+1 36
+1 36
+10 6
+1 6
+1 6
+2 6
+6 6
+1 6
+1 6
+1 6
+1 6
+5 6
+2 5
+1 5
+1 10
+8 5
+1 5
+3 5
+1 5
+1 5
+1 5
+1 5
+1 5
568 1
+1 1
+1 1
+1 1
+1 1
+2 1
+1 1
+1 1
+1 1
+1 1
+1 1
+1 1
+1 1
+4 1
+1 1
+1 1
+6 1
+1 1
+1 2
+4 1
+1 1
+3 1
+1 1
+1 1
+3 1
+1 1
+1 1
+6 1
+1 1
+1 1
+1 1
+1 1
+1 1
943 1
+1 1
+1 1
+1 1
+1 1
+2 1
+1 1
+1 1
+1 1
+1 1
+1 1
+1 1
+1 1
+4 1
+1 1
+1 1
+6 1
+1 1
+1 2
+4 1
+1 1
+3 1
+1 1
+1 1
+3 1
+1 1
+1 1
+6 1
+1 1
+1 1
+1 1
+1 1
+1 1
+72 6
+1 6
+1 6
+1 6
+1 6
+2 6
+1 6
+1 6
+1 6
+1 6
+1 6
+1 6
+1 1
+4 1
+1 1
+1 1
+6 1
+1 1
+1 2
+4 1
+1 1
+3 1
+1 1
+1 1
+3 1
+1 1
+1 1
+6 1
+1 1
+1 1
+1 1
+1 1
+1 1
+7 1
+1 1
+2 1
+1 1
+2 1
+1 1
+1 1
+3 1
+1 1
+1 1
+6 1
+1 1
+1 1
+1 1
+1 1
+1 1
+41 3
+1 3
+1 3
+1 3
+1 3
+2 3
+1 3
+1 3
+1 3
+1 3
+1 3
+1 3
+1 1
+4 1
+1 1
+1 1
+6 1
+1 1
+1 2
+4 1
+1 1
+3 1
+1 1
+1 1
+3 1
+1 1
+1 1
+6 1
+1 1
+1 1
+1 1
+1 1
+1 1
+72 18
+1 18
+1 18
+1 18
+1 18
+2 18
+1 18
+1 18
+1 18
+1 18
+1 18
+1 18
+1 5
+4 5
+1 5
+1 5
+6 5
+1 5
+1 10
+4 5
+1 5
+3 5
+1 5
+1 5
+3 5
+1 5
+1 5
+6 5
+1 5
+1 5
+1 5
+1 5
+1 5
+72 2
+1 2
+1 2
+1 2
+1 2
+2 2
+1 2
+1 2
+1 2
+1 2
+1 2
+1 2
+1 2
+4 2
+1 2
+1 2
+6 2
+1 2
+1 4
+4 2
+1 2
+3 2
+1 2
+1 2
+3 2
+1 2
+1 2
+6 2
+1 2
+1 2
+1 2
+1 2
+1 2
1693 6
+1 6
+1 6
+1 6
+1 6
+2 6
+1 6
+1 6
+1 6
+1 6
+1 6
+1 6
+1 3
+4 3
+1 3
+1 3
+6 3
+1 3
+1 6
+4 3
+1 3
+3 3
+1 3
+1 3
+3 3
+1 3
+1 3
+6 3
+1 3
+1 3
+1 3
+1 3
+1 3
+72 4
+1 4
+1 4
+1 4
+1 4
+2 4
+1 4
+1 4
+1 4
+1 4
+1 4
+1 4
+1 2
+4 2
+1 2
+1 2
+6 2
+1 2
+1 4
+4 2
+1 2
+3 2
+1 2
+1 2
+3 2
+1 2
+1 2
+6 2
+1 2
+1 2
+1 2
+1 2
+1 2
+72 2
+1 2
+1 2
+1 2
+1 2
+2 2
+1 2
+1 2
+1 2
+1 2
+1 2
+1 2
+1 1
+4 1
+1 1
+1 1
+6 1
+1 1
+1 2
+4 1
+1 1
+3 1
+1 1
+1 1
+3 1
+1 1
+1 1
+6 1
+1 1
+1 1
+1 1
+1 1
+1 1
+72 25
+1 25
+1 25
+1 25
+1 25
+2 25
+1 25
+1 25
+1 25
+1 25
+1 25
+1 25
+2 6
+4 6
+1 6
+1 6
+6 6
+1 6
+2 12
+4 6
+1 6
+3 6
+1 6
+1 6
+3 6
+1 6
+1 6
+6 6
+1 6
+1 6
+1 6
+1 6
+1 6
+74 28
+2 28
+1 28
+1 28
+1 28
-3 46
+1 46
+1 46
+1 46
+1 64
+5 32
+6 32
+1 32
+8 32
+1 32
-16 225
+6 225
+1 225
+8 225
+1 225

fl=(44) ./string/../sysdeps/x86_64/multiarch/memset-vec-unaligned-erms.S
fn=(132) memset
125 8
+1 40
+6 8
+1 8
+1 7
+1 7
+2 1
+1 1
+1 1
+65 4
+1 4
+2 4
+76 6
+1 6
+5 6
+3 6
+1 6
+3 2
+1 2
+13 2
+1 2
+2 2
+3 1
+3 2
+3 1
+1 1
+1 1
+1 1
+1 1
+1 1
+1 1
-6 27
+1 27
+1 27
+1 27
+1 27
+1 27
+1 27
+3 2
+1 2
+1 2
+1 2
+5 2
+29 1
+1 1
+1 1
+32 1
+1 1
+1 1

fl=(75)
fn=(254)
361 6
+4 5
-2 2
+4 30
cfn=(256) _dl_check_map_versions
calls=5 155 
* 6877
-2 5
+2 15
-1 5
-1 10
+5 7

fn=(256)
155 40
+15 5
-15 10
+15 10
+2 25
+2 5
+1 5
-1 5
+1 5
+2 10
+3 6
-16 3
-8 3
+28 3
-4 3
+4 6
+16 3
36 6
200 3
36 15
200 2
36 4
200 2
36 10
+1 16
-1 32
+2 63
cfi=(54) ./elf/./elf/dl-misc.c
cfn=(174) _dl_name_match_p
calls=21 +30 
* 2199
* 42
208 15
+5 5
-71 10
+71 15
+8 5
-2 5
-2 10
+4 5
-4 30
+4 8
-2 8
-2 16
+4 8
-4 78
56 52
+8 39
+6 39
+16 13
+1 26
+2 13
+5 117
+14 282
+12 384
+4 128
-30 256
224 52
+3 39
+5 8
-11 8
110 13
+3 52
cfi=(32)
cfn=(90)
calls=13 -5 
* 407
* 57
236 20
+5 4
-44 2
+1 2
+52 6
+3 12
+10 56
-7 224
+3 168
-3 12
+3 9
+8 8
+6 4
fi=(28)
44 4
fe=(75)
273 4
fi=(28)
44 4
cfi=(27)
cfn=(72)
calls=4 +34 
* 144
fe=(75)
272 4
fi=(28)
44 4
fe=(75)
274 8
+13 4
-3 4
+3 16
+2 12
+3 12
+4 15
+7 13
+1 13
-1 39
+1 13
+1 13
-2 13
+2 26
+1 39
+3 39
+5 8
-15 8
+2 8
-2 8
+2 8
-2 8
+2 16
-2 5
+2 5
-2 5
+2 5
-2 5
+2 10
+16 15
+5 2
-28 2
+62 45
-29 12
+3 12
+4 56
+6 56
+1 56
+1 56
-1 168
+1 56
-1 56
+1 56
+1 56
+3 168
+4 56
-14 118
+10 9
164 2
+86 2
-94 2
+94 3

fl=(47)
fn=(148)
197 1
+2 2
+1 1
+15 2

fn=(262)
221 8
+6 3
+3 2
+36 3
+2 1
-2 1
-2 1
-40 1
-1 1
-1 1
+46 2
+23 3
+3 1
-3 4
+2 2
-2 1
-25 1
+20 1
-20 5
+2 2
+3 1
-1 1
+5 2
-5 1
+1 1
-1 1
+3 2
+2 3
+32 3
-1 1
+1 4
+2 2
-2 2
+53 8

fn=(260)
97 2
+4 1
-4 2
+4 1
-4 2
+4 3
cfi=(10)
cfn=(24)
calls=1 405 
* 21
* 1
+1 4
cfi=(10)
cfn=(24)
calls=1 405 
* 21
* 1
+8 1
-8 1
+6 2
+2 3
+3 1
+2 1
-32 3
+34 3
+1 5

fn=(238) _dl_assign_tls_modid
131 2
+3 1
+13 1
-13 1
+52 1
+2 1
+3 1
+1 2

fn=(412)
1015 8
+6 1
+3 1
+1 1
+4 3
+34 2
+3 3
+1 3
+3 6

fn=(480)
528 10
+1 2
+4 1
+6 1
-6 1
+6 1
cfi=(24)
cfn=(84)
calls=1 42 
* 3
+3 3
+12 1
-18 1
-1 1
+43 3
-19 13
+9 3
+1 2
+6 3
+1 1
+2 2
-2 1
+6 1
-4 2
+4 1
-4 2
+3 2
+4 2
+1 4
+2 2
+1 2
+17 1
-8 1
+8 1
+2 3
cfi=(29)
cfn=(128)
calls=1 199 
* 13
* 5
cfi=(44)
cfn=(132)
calls=1 125 
* 25
-49 1
+55 1
-55 4
+6 4
+55 2
cfi=(24)
cfn=(84)
calls=1 42 
* 3
+3 2
+3 9

fn=(264)
422 2
+13 1
-13 2
+2 1
+12 1
fi=(28)
56 1
cfi=(27)
cfn=(76)
calls=1 -21 
* 53
fe=(47)
437 3
+8 2
fi=(28)
44 1
fe=(47)
445 2
+1 1
+4 321
+19 1
-99 1
+4 1
+1 1
fi=(28)
44 1
cfi=(27)
cfn=(72)
calls=1 +34 
* 36
fe=(47)
376 2
+3 1
+6 2
+90 5

fl=(31)
fn=(212)
238 10
+3 5
-3 10
+7 5
-7 10
+3 5
cfi=(42) ./string/../sysdeps/x86_64/multiarch/../strchr.S
cfn=(118) index
calls=5 23 
* 168
+3 10
+20 35

fn=(106)
706 11
+14 1
-14 2
+14 2
cfi=(38) ./elf/./elf/dl-hwcaps.c
cfn=(108) _dl_important_hwcaps
calls=1 175 
* 1847
fi=(28)
56 1
fe=(31)
720 1
fi=(28)
56 1
cfi=(27)
cfn=(76)
calls=1 -21 
* 25
fe=(31)
725 1
+2 2
+7 2
+1 2
-1 3
+5 3
fi=(28)
56 1
cfi=(27)
cfn=(76)
calls=1 -21 
* 25
fe=(31)
739 1
+2 4
+17 1
-10 1
+19 1
-11 1
-9 1
+9 1
+12 2
-10 1
+3 2
+9 1
-7 1
+4 1
+3 2
-3 1
-8 1
+3 1
+8 1
-3 1
+1 16
cfi=(44)
cfn=(132)
calls=4 125 
* 72
+2 18
-14 3
+10 3
+4 3
-12 3
-2 3
+2 3
+4 3
-3 3
+3 3
+1 3
-2 3
+5 6
+1 3
-4 3
+4 3
+15 1
+3 1
-15 1
+7 1
-1 1
+9 2
+2 4
+2 3
+36 5
+2 2
cfi=(22)
cfn=(60)
calls=1 41 
* 17
* 9
-19 1
-2 1
+2 2
+19 9
cfi=(29)
cfn=(80)
calls=1 212 
* 11
* 1
+5 4
-1 2
+2 1
+1 2
-2 4
+1 13
+1 26
-2 52
+5 1
fi=(28)
56 1
cfi=(27)
cfn=(76)
calls=1 -21 
* 25
fe=(31)
836 1
fi=(28)
56 1
fe=(31)
838 2
+6 6
cfn=(134) fillin_rpath.isra.0
calls=1 468 
* 587
+3 3
+6 1
+4 8
-35 2
+5 2

fn=(138) expand_dynamic_string_token
385 14
241 2
385 2
241 2
385 2
241 2
cfi=(42)
cfn=(118)
calls=2 23 
* 72
+3 4
410 2
-11 2
+11 12
-11 2
cfi=(45)
cfn=(140)
calls=2 40 
* 168

fn=(134)
468 7
+4 1
-4 8
+6 3
cfi=(7)
cfn=(136) strsep
calls=1 239 
* 240
* 3
cfi=(7)
cfn=(136)
calls=1 239 
* 8
* 6
+7 2
+2 3
cfn=(138)
calls=1 -98 
* 118
* 1
+4 2
+5 2
cfi=(22)
cfn=(60)
calls=1 41 
* 17
* 1
+1 2
+7 5
+9 15
+1 8
+55 2
fi=(28)
50 2
cfi=(27)
cfn=(144)
calls=1 +45 
* 5
+1 1
fe=(31)
528 2
+4 3
fi=(28)
56 1
cfi=(27)
cfn=(76)
calls=1 -21 
* 25
* 1
fe=(31)
534 2
+5 1
+1 2
-1 1
-1 1
+2 1
cfi=(29)
cfn=(128)
calls=1 199 
* 13
+3 1
-3 1
+1 1
+2 1
+6 1
+1 1
-1 3
+1 11
+1 1
-1 1
+1 2
-1 2
+1 1
-1 1
+1 2
-1 6
+1 1
-1 1
+1 1
-1 3
+1 1
-1 2
+3 1
+1 1
-1 1
+1 2
+1 1
+6 2
+1 2
-57 4
+66 1
+3 8
-46 4

fn=(216) open_path
1870 16
+1 2
-1 12
+1 2
+6 4
+5 32
-7 4
+7 2
-8 2
+8 4
+3 4
+9 12
+7 6
+1 2
-1 2
cfi=(29)
cfn=(128)
calls=2 199 
* 26
-12 2
+12 2
+59 10
-58 8
+3 40
+5 88
cfi=(29)
cfn=(128)
calls=11 199 
* 147
* 44
cfi=(29)
cfn=(128)
calls=11 199 
* 143
+3 22
+6 33
+3 66
cfn=(218) open_verify.constprop.0
calls=11 1568 
* 594
* 11
+2 33
+2 20
+65 16
+7 4
-2 4
+2 4
+3 6
-13 2
+27 18
-65 4
+2 2
-50 107
+29 20
+1 70
+6 20
+2 10
-2 10
+2 20
cfi=(67) ./io/../sysdeps/unix/sysv/linux/stat64.c
cfn=(220) stat
calls=10 28 
* 158
* 10
+3 10
-3 20
+1 1
+2 2
-2 1
+2 26
-61 4

fn=(218)
1568 143
+39 39
+19 52
cfi=(55) ./io/../sysdeps/unix/sysv/linux/open64_nocancel.c
cfn=(178) __open_nocancel
calls=13 28 
* 280
* 13
+2 26
+11 2
+6 4
-5 2
+5 16
cfi=(56) ./io/../sysdeps/unix/sysv/linux/read_nocancel.c
cfn=(180) __read_nocancel
calls=2 25 
* 12
+2 4
+2 4
+2 4
+6 4
+17 22
fi=(28)
50 4
cfi=(27)
cfn=(144)
calls=2 +45 
* 10
fe=(31)
1856 117
1674 6
+74 4
+5 4
+2 8
+6 4
+6 2
+1 2
-1 6
+1 2
-1 2
+1 4
+1 2
+20 6
+31 2
-31 2
1633 2
1820 4
-31 84
+1 44
+1 16
+4 16
+6 4
+1 28
+10 12
cfi=(71)
cfn=(234)
calls=2 25 
* 14
* 16
+8 36
+15 4
+6 2
-3 2
+1 2
+1 2
+1 4
-3 2
+1 2
+1 2
+2 2
-3 6
-1 2
+4 4
-19 36
+3 4
-4 4
+4 8
+5 2
+1 8
-60 13
+1 3
-1 1
+1 3
cfi=(71)
cfn=(234)
calls=1 25 
* 7
* 3
+16 5
+7 6
1612 22
+62 6
1802 4
-30 2

fn=(88)
868 4
+8 4
-8 4
+8 4
-6 4
+12 8
-13 4
+13 4
-13 4
+13 8
+3 12
+1 8
+1 8
+43 4

fn=(176) open_verify.constprop.1
1568 11
+39 3
+19 4
cfi=(55)
cfn=(178)
calls=1 28 
* 19
* 1
+2 2
+11 1
+6 2
-5 1
+5 8
cfi=(56)
cfn=(180)
calls=1 25 
* 6
+2 2
+2 2
+2 2
+6 2
+17 11
fi=(28)
50 2
cfi=(27)
cfn=(144)
calls=1 +45 
* 5
fe=(31)
1856 9
1674 3
+74 2
+5 2
+2 4
+6 2
+6 1
+1 1
-1 3
+1 1
-1 1
+1 2
+1 2
+20 3
+31 1
-31 1
1633 1
1820 2
-31 66
+1 28
+1 8
+4 8
+25 12
+3 18
+3 2
-4 2
+4 4
+6 4
-36 6

fn=(184) _dl_map_object_from_fd
944 30
+10 3
-10 12
+10 3
cfi=(46)
cfn=(186)
calls=3 38 
* 21
* 3
+7 12
+85 12
+10 6
+7 21
cfi=(26)
cfn=(70)
calls=3 59 
* 1078
* 3
+1 6
+11 6
+5 3
-5 3
+1 6
+1 3
+2 3
-2 3
+2 6
+1 9
+1 4
+19 4
-2 2
+2 22
-2 1
+2 40
+10 12
+85 3
-58 3
-34 3
-1 3
+93 3
+6 3
-64 6
+9 3
+55 6
-55 3
-42 3
+97 6
1101 3
-5 6
+15 86
+20 2
+1 1
-22 99
+1 185
1213 6
1110 3
1213 6
1110 9
1218 9
+10 6
+1 3
-1 3
+1 3
-1 9
+1 9
-1 9
+1 9
-1 27
1076 6
1235 6
+10 12
+7 6
fi=(61) ./elf/./dl-map-segments.h
96 3
fe=(31)
1252 9
fi=(61)
28 3
fe=(31)
1252 3
fi=(61)
96 3
fe=(31)
1252 3
fi=(61)
28 6
+1 24
cfi=(60)
cfn=(194)
calls=3 +18 
* 27
+74 6
-1 3
-73 3
+74 3
+3 6
+1 3
+2 3
-3 3
+1 3
+2 3
+7 8
+3 4
cfi=(72)
cfn=(236)
calls=1 -2 
* 6
* 3
+7 3
+2 3
fi=(62) ./elf/./dl-load.h
-37 24
+1 9
+2 24
fi=(61)
+56 48
+8 3
-2 3
+1 3
+2 3
-1 3
+1 3
-1 9
+8 6
+3 6
+8 21
cfi=(44)
cfn=(132)
calls=3 -52 
* 251
+1 6
+5 6
+12 12
-59 60
+2 18
+3 9
-3 18
+2 72
cfi=(60)
cfn=(194)
calls=9 -93 
* 81
* 27
fi=(57) ./elf/../sysdeps/posix/dl-fileid.h
37 9
cfi=(58) ./io/../sysdeps/unix/sysv/linux/fstat64.c
cfn=(190) fstat
calls=3 -8 
* 45
* 6
fe=(31)
999 6
fi=(57)
40 9
fe=(31)
999 3
fi=(57)
40 3
fe=(31)
999 39
+1 18
fi=(57)
49 24
fe=(31)
1515 27
1018 6
+66 13
+1 2
-1 1
+1 1
-1 1
+1 1
cfi=(71)
cfn=(234)
calls=1 25 
* 7
* 2
+26 38
+26 72
+10 12
-1 12
-1 12
+2 12
+2 12
-2 12
-1 72
+2 24
+1 12
+2 12
-3 12
+3 72
+2 24
+4 24
+1 45
+4 9
+1 9
-1 9
+1 63
-18 9
+28 9
-11 3
+1 3
-1 3
+1 21
-18 3
+28 3
-56 6
+7 3
+2 3
-2 3
+1 3
+1 3
-1 6
+1 24
+50 3
+5 1
-1 2
+5 1
-5 2
-56 1
+61 4
+1 1
+3 1
-3 1
+8 4
+15 6
+1 3
+58 12
+1 9
fi=(63) ./elf/./elf/get-dynamic-info.h
39 6
+6 3
-2 3
+2 6
+9 3
+5 3
+3 3
+2 3
-3 3
-3 3
-3 48
+13 14
-23 56
+23 52
-23 208
+4 132
+5 68
+2 15
+3 12
+13 12
+10 11
+1 12
+1 12
+1 12
+2 12
+5 11
+1 11
+1 12
+3 9
+5 4
+7 6
+1 9
+22 9
+5 4
+2 4
+2 4
+2 4
+4 9
+2 3
+1 2
+9 2
+6 2
+4 6
fe=(31)
1275 6
+1 6
+2 6
+10 9
+19 9
+2 15
+52 9
+1 2
+6 24
+1 60
+6 12
cfn=(88)
calls=3 868 
* 60
-7 78
+1 36
+6 36
-6 72
fi=(30)
95 24
213 3
-1 6
105 6
212 3
105 3
-2 3
-3 3
+2 3
+3 3
-4 6
+92 12
-1 3
-87 9
+3 9
+1 6
+1 6
+4 9
+4 9
+3 9
+1 6
+4 3
+1 12
+58 9
+2 12
-56 10
+1 5
+3 10
+3 5
+1 20
+5 10
+2 10
+5 10
+14 5
-1 10
+2 4
-1 6
fe=(31)
1380 6
cfi=(64)
cfn=(204)
calls=3 25 
* 18
* 6
+13 6
+2 12
+2 6
+16 6
cfi=(8)
cfn=(14)
calls=3 25 
* 87
+4 6
+1 6
+17 6
+1 1
+3 1
+5 1
-5 1
+5 1
-5 2
+5 2
-5 2
+5 2
+10 6
+7 18
+10 6
+1 4
+5 2
cfi=(47)
cfn=(238)
calls=1 131 
* 10
+7 9
cfi=(26)
cfn=(82)
calls=3 31 
* 147
+3 12
+23 21
+1 9
cfi=(49)
cfn=(206) _dl_audit_objopen
calls=3 76 
* 15
* 3
fi=(62)
95 10
+2 2
-1 4
+1 2
-1 2
+1 2
-1 2
+1 2
-1 4
+3 8
fe=(31)
1506 15
fi=(30)
198 12
+2 3
+1 3
+2 3
-3 9
fe=(31)
1368 9
fi=(63)
62 12
+2 12
fe=(31)
1084 2
fi=(61)
187 8
cfi=(60)
cfn=(194)
calls=1 47 
* 9
+3 2
fe=(31)
1462 9
+2 2
-1 10
+1 2
-1 2
+1 2
-1 2
cfi=(32)
cfn=(90)
calls=2 108 
* 50
* 4
+2 5
1275 4
fi=(57)
49 3
fi=(30)
170 6
-39 4
fe=(31)

fn=(172)
2022 60
+8 12
+1 24
+3 93
+5 126
+2 54
cfi=(54)
cfn=(174)
calls=18 68 
* 1896
* 36
+4 30
+1 45
+4 6
-1 30
+1 6
+1 6
-1 6
+1 6
cfi=(32)
cfn=(90)
calls=6 108 
* 222
* 12
2329 54
2068 3
+1 3
-1 3
+1 3
-1 3
+1 3
-1 6
-44 3
+53 9
+17 6
-2 3
+2 3
cfi=(42)
cfn=(118)
calls=3 23 
* 72
* 6
2260 2
-1 3
cfn=(138)
calls=1 385 
* 168
+2 1
-3 1
+1 1
+2 2
+4 5
cfn=(176)
calls=1 1568 
* 283
+3 2
-3 1
+3 1
+12 4
+46 1
+1 3
-1 1
+1 9
cfn=(184)
calls=1 944 
* 1819
-1 2
+1 6
-1 2
+1 18
cfn=(184)
calls=2 944 
* 4130
* 9
2098 4
cfi=(22)
cfn=(60)
calls=2 41 
* 34
* 4
+2 4
+7 8
+51 22
cfn=(216)
calls=2 1870 
* 1944
+6 2
-6 2
+6 8
682 2
2165 2
682 4
2252 4
+28 8
+2 8
2111 2
696 6
2111 2
+1 2
696 4
2116 6
682 2
2117 2
682 4
2173 2
+14 4
+2 6
+4 4
cfi=(68)
cfn=(222) _dl_load_cache_lookup
calls=2 416 
* 2337
* 2
+2 4
+4 4
+8 6
+23 12
cfn=(218)
calls=2 1568 
* 669
+4 4
-4 2
+4 2
+1 4
2131 10
+1 20
682 2
2133 2
682 4
2157 6
+1 4
-16 4

fl=(65)
fn=(208)
25 1
+2 7
+4 1

fl=(9)
fn=(530)
262 1
+1 1

fn=(16)
85 4
+25 1
-25 6
+25 1
-1 1
+1 102
+11 1
-8 1
+1 1
-4 1
+3 1
+6 1
+2 13
-34 1
-1 1
+36 113
+3 1
+1 1
-5 85
+57 1
-57 1
+58 1
-1 1
-57 3
+29 1
-29 1
+30 1
-1 1
-29 3
+41 1
-41 1
+42 1
-1 1
-41 3
+35 1
-35 1
+36 1
-1 1
-35 3
+32 1
-32 1
+33 1
-1 1
-32 4
+13 1
-13 1
+14 1
-1 1
-13 3
+10 1
-10 1
+11 1
-1 1
-10 3
+7 1
-7 4
224 1
cfi=(10)
cfn=(18)
calls=1 +58 
* 15338
+3 1
cfi=(12)
cfn=(22)
calls=1 +54 
* 32
fi=(13)
36 2
cfi=(14) ./elf/../sysdeps/unix/sysv/linux/brk.c
cfn=(28) brk
calls=1 -1 
* 8
fi=(6)
215 1
cfi=(15)
cfn=(32)
calls=1 37 
* 7224
fe=(9)
+23 3
+1 1
cfi=(22)
cfn=(60)
calls=1 41 
* 17
* 1
+2 2
cfi=(23)
cfn=(62)
calls=1 37 
* 15
* 3
+12 3
+3 5
cfi=(2)
cfn=(64)
calls=1 1320 
* 133958
+2 9

fl=(29)
fn=(128)
199 36
+1 36
+1 36
+1 36
+17 36
+1 36
+2 7
+1 7
+1 7
+2 6
+1 6
+1 6
+2 6
360 29
+1 29
+2 9
+4 9
+1 4
+1 4
+1 2
+1 2
+1 2
+1 2
+2 2
+2 4
+6 5
+1 5
+1 5
+1 5
+1 5
+29 20
+1 20
+1 20
+1 20
+1 20
+7 1
+1 1
+1 1
+1 1
+1 1
+1 1
+1 1
+11 1
+1 1
+2 1
+1 1
+1 1

fn=(80)
212 21
+1 21
+6 21
+1 21
+2 13
+1 13
+1 13
+2 8
+1 8
+1 8
+2 8
360 8
+1 8
+2 1
+4 1
+1 1
+1 1
+1 1
+1 1
+4 1
+2 1
+39 7
+1 7
+1 7
+1 7
+1 7
+7 5
+1 5
+1 5
+1 5
+1 5
+1 5
+1 5
+11 5
+1 5
+2 5
+1 5
+1 5

fl=(42)
fn=(118)
23 19
+1 19
+1 19
+1 19
+1 19
+1 19
+1 19
+1 19
+1 19
+1 19
+1 19
+1 19
+1 19
+1 19
+1 19
+1 19
+1 19
+1 19
+1 16
+4 16
+1 16
+1 16
+1 16
+2 16
+4 3
+1 3
+1 3
+1 3
+1 3
+1 3
+1 3
+1 3
+1 3
+1 3
+1 3
+1 3
+1 3
+1 3
+1 3
+1 3
+1 3
+1 3
+1 3
+1 3
+1 3
+1 3
+1 3
+1 3
+52 3
+4 3
+1 3
+1 3
+1 3
+2 3

fl=(41) ./elf/./elf/dl-hwcaps_split.c
fn=(122) _dl_hwcaps_split
25 4
+1 3
+21 1
-20 1
+20 3

fn=(120) _dl_hwcaps_contains
66 6
+1 12
+1 6
+9 6

fn=(116) _dl_hwcaps_split_masked
51 55
-25 42
+4 24
+4 48
+1 12
-1 24
+2 24
+5 27
cfi=(42)
cfn=(118)
calls=9 -18 
* 216
+1 18
+3 6
+11 12
+1 12
+1 6
-1 6
+1 6
-2 6
+1 6
+1 3
-1 3
+1 27
cfn=(120)
calls=6 +8 
* 30
* 12
-3 5
+7 44
-19 6
cfi=(22)
cfn=(60)
calls=3 -2 
* 51
* 3

fl=(52)
fn=(162)
225 10
+2 2
cob=(2)
cfi=(51)
cfn=(164)
calls=1 0 
* 2759
+1 2
+1 1
+1 1
-1 1
+1 1
+2 5

fn=(250)
238 6
+1 1
+1 1
+3 1
+1 1
+2 1
cfi=(2)
cfn=(252)
calls=1 696 
* 6973
+2 1
+1 1
+1 4

fn=(166)
175 18
+5 6
-5 18
+5 6
-2 12
+22 6
-1 6
+7 12
-6 6
+3 12
+3 6
cfi=(53)
cfn=(168)
calls=6 30 
* 144
* 24
+2 18
cfi=(66)
cfn=(214)
calls=5 61 
* 11935
cfi=(2)
cfn=(170)
calls=1 663 
* 2698
+2 6
-1 6
+1 6
-1 6
+1 12
+9 24

fl=(55)
fn=(178)
28 15
+3 15
-3 45
+3 90
+8 105
+2 4
-2 33
+2 11

fl=(13)
fn=(100)
46 5
+2 3
+40 2
cfi=(36)
cfn=(102)
calls=1 +32 
* 6
+15 1
-15 2
+20 1
-1 1
+3 12
+4 3
-2 6
+2 11
+3 2
-1 2
+1 6
-3 8
+3 1
-1 1
+1 3
-3 4
+7 3
-1 3
+4 3
-2 3
+2 12
+9 5

fl=(160) ./elf/./elf/dl-runtime.c
fn=(524) _dl_fixup
46 16
+2 10
+1 2
+6 2
fi=(222) ./elf/../sysdeps/x86_64/dl-runtime.h
-27 2
fe=(160)
+21 2
+5 2
+1 2
-6 2
+6 4
+1 2
+2 2
-2 2
+2 2
-2 10
+7 4
+4 4
+4 6
+4 6
+1 8
-7 8
+16 2
-1 2
+1 4
+10 20
cfi=(79)
cfn=(280)
calls=2 840 
* 1451
* 2
+4 10
+10 20
+15 8
+9 6
+26 6
fi=(6)
+70 2
fe=(160)
-66 12

fl=(147)
fn=(482)
561 4
+3 1
+2 2
+13 1
cfn=(486) _dlfo_process_initial
calls=1 474 
* 95
+1 1
-1 1
+1 1
fi=(28)
56 1
cfi=(27)
cfn=(76)
calls=1 -21 
* 25
fe=(147)
580 1
fi=(28)
56 1
fe=(147)
582 2
+3 2
+5 1
+1 1
cfn=(486)
calls=1 474 
* 358
+3 3
+10 4
-37 2
cfi=(148) ./elf/./dl-find_object.h
cfn=(484) _dl_find_object_from_map
calls=1 95 
* 68
* 1
+29 2
cfn=(488) _dlfo_sort_mappings
calls=1 -60 
* 128
+3 6
+2 1

fn=(486)
474 2
+3 2
-3 2
+1 2
+3 4
+26 14
+1 6
+1 10
-1 20
+3 36
+3 32
-7 10
+25 2
+2 8
-18 24
+3 8
-1 8
cfi=(148)
cfn=(484)
calls=4 95 
* 247
+2 16

fn=(488)
536 1
+1 2
+3 4
+4 1
+1 1
-1 1
+1 2
-1 2
+1 2
-1 2
+1 10
+1 36
-1 18
+8 9
+1 6
-1 3
-13 6
+14 9
+1 6
-15 6
+17 1

fl=(56)
fn=(180)
25 3
+1 12
+1 3

fl=(58)
fn=(190)
29 8
+1 8
+5 12
cfi=(59)
cfn=(192)
calls=4 153 
* 32

fl=(68)
fn=(230) _dl_cache_libcmp
370 17
+1 17
+32 17
-33 34
+1 38
+2 84
+2 84
-2 168
+20 164
+2 164
-12 67
+2 67
+14 67
+1 67
-29 134
+32 6
-28 4
+8 2
-2 4
+1 4
-1 2
+2 6
+2 2
-3 2
+3 6
+2 4
+9 45

fn=(534)
537 1
+1 4
-1 1
+3 2
cfi=(72)
cfn=(536)
calls=1 117 
* 6
+1 1
+4 1
+2 2

fn=(222)
416 20
+2 4
+3 6
+69 3
+5 1
208 1
495 3
208 1
495 2
+3 6
fi=(70) ./elf/../sysdeps/x86/dl-procinfo.h
39 4
+3 6
cfi=(32)
cfn=(90)
calls=2 +66 
* 50
* 8
fe=(68)
212 12
cfi=(10)
cfn=(24)
calls=2 405 
* 42
* 2
+16 4
-16 2
+6 4
+10 2
-7 10
+9 6
+1 2
-37 4
+37 2
+4 4
-5 39
+1 13
-37 26
+37 13
+4 26
+4 45
cfn=(230)
calls=15 370 
* 1128
+1 30
359 13
+3 8
228 8
360 9
228 24
+2 10
+20 4
+3 4
+2 8
cfn=(230)
calls=2 370 
* 148
* 4
-7 4
-30 4
+1 2
+95 2
-95 2
-1 16
+96 6
-47 4
+10 4
+1 6
fi=(69) ./elf/../sysdeps/generic/dl-cache.h
125 10
fe=(68)
294 4
+9 4
+3 4
+2 6
+1 4
+5 4
+1 8
+7 4
+21 8
513 4
+12 4
cfi=(22)
cfn=(60)
calls=2 41 
* 68
* 24
+1 2
-1 2
+1 2
-1 2
+1 2
cfi=(29)
cfn=(80)
calls=2 212 
* 22
* 2
+1 2
cfi=(45)
cfn=(140)
calls=2 40 
* 178
+1 16
-3 4
424 4
cfi=(54)
cfn=(224) _dl_sysdep_read_whole_file
calls=1 36 
* 91
* 1
+8 5
+1 8
+3 4
+1 1
-1 3
fi=(69)
194 1
+1 5
fe=(68)
444 1
+1 2

fl=(16)
fn=(40) update_active.constprop.0
43 7
+45 1
-41 1
+28 1
-18 1
+31 1
+4 1
-36 1
-1 1
+37 1
-26 1
-11 1
+1 1
+36 2
+1 1
-17 1
-21 1
+25 1
-4 1
-11 1
+28 1
-1 1
-36 1
+18 1
+19 1
-13 1
-4 1
-11 1
+19 1
+11 1
-3 1
-12 1
+14 1
-29 1
+18 1
+9 1
-18 1
+13 1
-13 1
-9 1
+29 2
+3 1
-14 1
-9 1
+9 1
+4 1
+10 1
-17 1
+7 1
+5 1
+5 1
+1 1
-1 1
+1 2
+2 2
+1 4
+3 1
+1 1
-1 1
+1 1
-1 1
+1 1
-1 1
+1 1
+4 2
+4 2
+2 4
+83 3
+12 2
+1 1
+3 3
+4 1
-4 1
+4 1
+67 3
+4 3
fi=(18)
31 1
-3 1
+3 1
-1 2
fe=(16)
296 1
+1 8
-75 3
+1 2
+3 1
-1 1
+9 1
-5 1
+2 1
-2 1
+5 1
fi=(18)
32 3
+4 3
fe=(16)
+83 2
+2 1
+3 2
+10 1
+10 1
-10 1
+10 1
-10 1
+6 1
+4 1
-4 1
-6 1
+6 1
+2 1
-2 1
+2 3
+7 4
fi=(18)
39 3
+1 4
+5 1
-7 1
+7 3
+2 1
+1 2
+1 3
+2 4
+1 2
+1 2
+6 1
-4 1
+4 1
-3 2
fe=(16)
+75 1
-5 2
+4 1

fn=(34)
399 1
+16 1
-16 6
+3 1
+1 1
+1 1
+11 2
+3 6
593 1
+94 5
+1 1
+3 2
+1 1
+6 1
+3 1
fi=(19)
+5 1
+2 1
fe=(16)
-9 1
fi=(19)
+23 2
840 1
+46 1
-46 17
+45 2
+25 2
+21 2
-21 2
+13 3
+8 1
-8 1
+8 1
cfi=(10)
cfn=(24)
calls=1 405 
* 21
* 1
+2 2
+3 4
cfi=(10)
cfn=(24)
calls=1 405 
* 21
* 1
+2 1
+3 2
-3 2
+3 1
-3 1
+3 1
cfi=(10)
cfn=(24)
calls=1 405 
* 21
* 1
+1 5
+16 2
-12 5
cfi=(10)
cfn=(24)
calls=1 405 
* 21
* 1
+1 3
+23 1
-17 5
+3 3
-3 1
cfi=(10)
cfn=(24)
calls=1 405 
* 21
+3 3
-3 2
+3 9
cfi=(10)
cfn=(54)
calls=1 157 
* 58
+1 9
cfi=(10)
cfn=(54)
calls=1 157 
* 58
+1 10
cfi=(10)
cfn=(54)
calls=1 157 
* 58
+3 8
cfi=(10)
cfn=(54)
calls=1 157 
* 58
+2 8
cfi=(10)
cfn=(54)
calls=1 157 
* 58
+4 1
fe=(16)
706 1
fi=(19)
967 2
fe=(16)
706 2
fi=(19)
967 4
fe=(16)
706 1
cfi=(10)
cfn=(24)
calls=1 405 
* 19
+4 3
+14 1
-1 2
+1 3
+47 1
-1 1
+1 1
+46 4
cfi=(10)
cfn=(24)
calls=1 405 
* 19
+2 4
cfi=(10)
cfn=(24)
calls=1 405 
* 19
fi=(21) ./elf/../sysdeps/unix/sysv/linux/x86/cpu-features.c
27 6
fe=(16)
829 2
+45 8
fi=(19)
+19 11
fe=(16)
775 3
+27 2
-10 2
+1 2
+2 3
+1 2
+2 3
+1 2
fi=(19)
-75 3
cfn=(46)
calls=1 255 
* 437
+1 1
-1 2
+1 1
cfn=(46)
calls=1 255 
* 478
+1 1
-1 1
+1 1
cfn=(46)
calls=1 255 
* 503
+3 1
-3 2
+3 1
cfn=(46)
calls=1 255 
* 459
+2 1
-2 1
+2 1
cfn=(46)
calls=1 255 
* 451
+3 1
-2 1
-1 1
+3 1
cfn=(46)
calls=1 255 
* 428
+2 1
-2 1
+2 1
cfn=(46)
calls=1 255 
* 429
+3 1
-2 1
-1 1
+3 1
cfn=(46)
calls=1 255 
* 469
+2 1
-2 1
+2 1
cfn=(46)
calls=1 255 
* 470
+3 1
-3 1
+3 1
cfn=(46)
calls=1 255 
* 494
+2 1
-2 1
+2 1
cfn=(46)
calls=1 255 
* 495
+2 1
-2 1
+2 1
cfn=(46)
calls=1 255 
* 790
+2 3
-2 1
+2 1
cfn=(52)
calls=1 481 
* 215
863 15
fe=(16)
424 6
cfn=(36) get_common_indices.constprop.0
calls=1 -99 
* 71
303 3
+1 2
+1 6
+5 2
+1 6
+5 2
+1 6
429 1
cfn=(40)
calls=1 43 
* 194
+2 1
+2 1
+83 1
-85 2
564 2
+7 2
+2 1
+4 2
+6 2
422 2
-3 1
+14 3
+1 4
+69 1
+10 11
+42 1
+1 1
434 11
+55 3

fn=(36)
325 1
+4 4
+3 3
+5 2
-5 1
+5 1
-5 1
+4 1
+1 1
+1 4
+1 4
+1 3
+1 2
+7 2
+2 5
+5 1
-5 1
+5 1
-5 1
+5 1
-5 2
+5 1
+7 1
-7 4
+7 1
+1 3
+6 1
-6 4
+6 1
fi=(17) ./elf/../sysdeps/unix/sysv/linux/x86/dl-minsigstacksize.h
24 2
+3 2
+1 2
+37 3
+7 1
+2 1
fe=(16)
384 2

fl=(78)
fn=(272)
194 10
+14 5
-14 45
+16 5
-16 10
+14 5
+2 10
+3 5
-1 5
+1 10
+19 10
+6 25
-34 8
+38 8
+7 16
fi=(6)
71 14
+6 8
+4 6
+14 2
-8 2
+8 4
+20 4
+4 10
-2 4
fe=(78)
288 205
-83 2
fi=(6)
474 8
fe=(78)
205 4
+83 4
fi=(5)
49 2
fe=(78)
288 2
fi=(5)
60 2
-11 4
+11 4
fe=(78)
288 3
-83 3
fi=(6)
474 12
fe=(78)
205 6
+83 6
fi=(5)
49 3
fe=(78)
288 3
fi=(5)
60 3
-11 6
+11 6
fe=(78)
288 10
fi=(5)
49 5
fe=(78)
288 5
fi=(5)
60 5
-11 10
+11 10
-7 2
-1 2
+11 16
fi=(6)
545 48
+4 48
+3 72
+1 24
fi=(5)
63 72
+2 324
+2 171
-4 171
+13 12
+1 16
+1 114
fi=(6)
545 57
+34 114
+2 57
cob=(4)
cfi=(134)
cfn=(476)
calls=1 27 
* 9
cob=(4)
cfi=(146)
cfn=(472)
calls=1 26 
* 9
cob=(4)
cfi=(145)
cfn=(468)
calls=1 27 
* 9
cob=(4)
cfi=(142)
cfn=(464)
calls=1 27 
* 8
cob=(4)
cfi=(144)
cfn=(462)
calls=1 49 
* 6
cob=(4)
cfi=(143)
cfn=(458)
calls=1 26 
* 9
cob=(4)
cfi=(142)
cfn=(454)
calls=1 35 
* 8
cob=(4)
cfi=(141)
cfn=(450)
calls=1 27 
* 9
cob=(4)
cfi=(140)
cfn=(446)
calls=1 27 
* 9
cob=(4)
cfi=(138)
cfn=(442)
calls=1 27 
* 8
cob=(4)
cfi=(137)
cfn=(438)
calls=1 30 
* 9
cob=(4)
cfi=(136)
cfn=(434)
calls=1 26 
* 9
cob=(4)
cfi=(135)
cfn=(430)
calls=1 27 
* 9
cob=(4)
cfi=(134)
cfn=(426)
calls=1 34 
* 9
cob=(4)
cfi=(133)
cfn=(422)
calls=1 27 
* 9
cob=(4)
cfi=(131)
cfn=(418)
calls=1 27 
* 9
cob=(4)
cfi=(129)
cfn=(414)
calls=1 26 
* 9
cob=(3)
cfi=(128)
cfn=(408)
calls=1 31 
* 23
cob=(3)
cfi=(127)
cfn=(406)
calls=1 31 
* 7
cob=(3)
cfi=(126)
cfn=(402)
calls=1 33 
* 22
cob=(3)
cfi=(125)
cfn=(400)
calls=1 29 
* 7
cob=(3)
cfi=(123)
cfn=(396)
calls=1 29 
* 23
cob=(3)
cfi=(122)
cfn=(392)
calls=1 33 
* 17
cob=(3)
cfi=(120)
cfn=(388)
calls=1 29 
* 22
cob=(3)
cfi=(119)
cfn=(384)
calls=1 29 
* 17
cob=(3)
cfi=(118)
cfn=(380)
calls=1 29 
* 21
cob=(3)
cfi=(117)
cfn=(378)
calls=1 31 
* 7
cob=(3)
cfi=(116)
cfn=(374)
calls=1 29 
* 17
cob=(3)
cfi=(115)
cfn=(370)
calls=1 31 
* 21
cob=(3)
cfi=(114)
cfn=(366)
calls=1 29 
* 21
cob=(3)
cfi=(112)
cfn=(362)
calls=2 31 
* 38
cob=(3)
cfi=(110)
cfn=(358)
calls=1 29 
* 22
cob=(3)
cfi=(109)
cfn=(356)
calls=1 31 
* 7
cob=(3)
cfi=(108)
cfn=(352)
calls=1 29 
* 17
cob=(3)
cfi=(107)
cfn=(350)
calls=1 43 
* 7
cob=(3)
cfi=(106)
cfn=(348)
calls=1 29 
* 7
cob=(3)
cfi=(105)
cfn=(346)
calls=1 31 
* 7
cob=(3)
cfi=(104)
cfn=(344)
calls=1 66 
* 17
cob=(3)
cfi=(102)
cfn=(340)
calls=2 31 
* 46
cob=(3)
cfi=(100)
cfn=(336)
calls=1 31 
* 17
cob=(3)
cfi=(99)
cfn=(332)
calls=1 30 
* 21
cob=(3)
cfi=(98)
cfn=(328)
calls=2 29 
* 44
cob=(3)
cfi=(97)
cfn=(324)
calls=1 28 
* 21
cob=(3)
cfi=(96)
cfn=(322)
calls=1 61 
* 19
cob=(3)
cfi=(94)
cfn=(318)
calls=2 31 
* 42
cob=(3)
cfi=(92)
cfn=(314)
calls=1 29 
* 22
cob=(3)
cfi=(91)
cfn=(310)
calls=1 29 
* 19
cob=(3)
cfi=(89)
cfn=(306)
calls=1 29 
* 24
cob=(3)
cfi=(87)
cfn=(302)
calls=1 29 
* 19
cob=(3)
cfi=(86)
cfn=(300)
calls=1 65 
* 17
cob=(3)
cfi=(85)
cfn=(298)
calls=1 29 
* 7
cob=(3)
cfi=(83)
cfn=(294)
calls=2 31 
* 42
-36 57
+37 57
fi=(5)
77 173
fe=(78)
288 40
+3 30
+24 5
+3 10
+17 15
+2 40
-98 10
+3 2
+7 4
-9 2
fi=(5)
86 16
+2 16
+12 8
-14 32
+14 16
+10 12
+3 16
+1 4
fi=(6)
529 4
fi=(5)
114 4
fi=(6)
529 8
fi=(5)
114 1200
fi=(6)
529 1200
fi=(5)
114 1200
fi=(6)
529 2400
+5 2408
+1 1204
fi=(5)
113 1204
fi=(6)
535 1204
-5 1204
fi=(5)
113 2408
+7 32
+4 24
+2 12
-73 4
fi=(6)
484 4
fi=(5)
52 4
fi=(6)
484 8
fi=(5)
128 8
+1 4
+1 4
-2 4
+2 4
+3 4
-5 4
+2 4
-2 4
+1 8
+2 4
-2 4
+2 12
+2 8
-5 238
+1 119
+1 119
-2 119
+2 119
+3 119
-5 119
+2 119
-2 119
+1 238
+2 119
-2 119
+2 357
+2 238
+9 121
fi=(6)
262 242
+21 242
+4 242
+7 484
fi=(4)
138 315
fi=(6)
294 4050
cfi=(79)
cfn=(280)
calls=102 840 
* 61962
* 918
+2 315
+30 724
450 306
fi=(5)
145 342
-19 369
+32 20
+1 6
fi=(6)
294 2
+22 2
-22 4
fi=(5)
160 6
+3 2
+4 2
-4 2
+4 4
-2 2
-2 2
+2 2
+1 2
-1 4
fi=(6)
294 8
508 2
-1 4
+1 4
+1 2
cfi=(15)
cfn=(502)
calls=1 71 
* 6
cob=(3)
cfi=(81)
cfn=(290)
calls=1 86 
* 28
+1 2
fi=(5)
159 2
fi=(6)
510 2
fi=(5)
159 8
-14 3
+1 51
fi=(6)
490 3
+5 2
-1 3
+1 2
-1 1
cfi=(29)
cfn=(80)
calls=1 212 
* 11
+2 4
+1 1
-75 54
+4 72
+5 18
+9 18
-9 36
+9 18
fi=(5)
145 68
fi=(6)
296 163
+3 115
-3 115
+3 230
+2 5
+3 2
+1 3
+11 2
+7 1
cob=(3)
cfi=(86)
cfn=(300)
calls=1 65 
* 17
* 3
+3 2
fi=(5)
135 10
+3 2
fi=(6)
296 99
+3 99
-3 214
+3 4
fi=(5)
50 10
fe=(78)
308 14
fi=(6)
-14 29
fe=(78)
+49 25
+3 5
-3 5
+3 5
+4 10
+1 20
cfi=(72)
cfn=(236)
calls=5 117 
* 30
* 10
-63 6
fi=(5)
53 2
175 7
+2 2
+1 2
-1 1
+3 1
-3 4
+3 2
-3 10
+1 10
-1 5
+3 5
-3 20
+3 10
+8 6
fi=(6)
+74 12
+21 12
+4 12
+7 24
fi=(4)
138 18
fi=(6)
294 204
cfi=(79)
cfn=(280)
calls=6 840 
* 3515
* 54
+2 18
+30 36
450 12
fi=(5)
191 18
-16 18
+30 4
fi=(6)
+91 2
+3 2
-3 2
+3 4
-3 2
+3 2
-3 4
fe=(78)

fl=(14)
fn=(28)
35 1
+1 3
+1 2
+6 1
+1 1

fl=(153)
fn=(504)
27 1
+2 2
-2 1
+6 3
-6 1
+6 3
-6 1
+6 1
cfi=(152)
cfn=(500)
calls=1 +41 
* 177
+4 2
+2 4
+2 1
-1 1
+1 2
-1 1
cob=(3)
cfi=(154)
cfn=(506)
calls=1 -7 
* 1152

fl=(159)
fn=(522)
67 2
+5 2
+3 2
+2 2
+10 2
+6 2
+1 2
+1 2
+1 2
+1 2
+1 2
+1 2
+4 2
+1 2
+3 2
+1 2
+2 2
+1 2
+1 2
+1 2
+1 2
+1 2
+2 2
+7 2
+1 2
+1 2
cfi=(160)
cfn=(524)
calls=2 -80 
* 1643
+1 2
+5 2
+1 2
+1 2
+2 2
+1 2
+1 2
+1 2
+1 2
+1 2
+1 2
+2 2
+2 2
+4 2
+2 2

fl=(67)
fn=(220)
28 20
+1 40
cfi=(59)
cfn=(192)
calls=10 153 
* 98

fl=(148)
fn=(484)
95 10
+1 10
+1 5
+6 25
+1 145
+1 100
+2 15
+5 5

fl=(151)
fn=(498)
30 2
+10 3
-10 1
+10 2
-10 1
+7 1
+3 2
cfi=(152)
cfn=(500)
calls=1 +34 
* 175
+4 2
+1 8
+2 3
-2 1
+2 3
cfi=(152)
cfn=(500)
calls=1 +27 
* 198
+4 2
+1 6
+1 2
-1 1
+1 2

fl=(38)
fn=(108)
175 5
+1 1
-1 6
+1 1
-1 1
+1 1
-1 1
+1 1
-1 1
+1 2
cfi=(10)
cfn=(24)
calls=1 405 
* 21
* 1
+2 2
+1 3
+26 2
-26 1
+25 1
cfi=(39)
cfn=(110)
calls=1 29 
* 47
fi=(40) ./elf/./dl-hwcaps.h
54 1
fe=(38)
205 1
-1 1
fi=(40)
56 1
+32 1
+1 1
+1 1
fe=(38)
-35 2
cfi=(41)
cfn=(116)
calls=1 -4 
* 13
* 2
fi=(40)
-1 1
+2 2
-2 1
+34 2
+1 2
+1 1
fe=(38)
-32 2
-1 2
+1 2
+1 2
-1 2
-3 4
cfi=(41)
cfn=(116)
calls=2 -4 
* 114
* 2
cfi=(41)
cfn=(116)
calls=1 -4 
* 122
* 6
+48 5
fi=(28)
-47 1
cfi=(27)
cfn=(76)
calls=1 -21 
* 25
fe=(38)
+47 1
+2 2
+3 2
fi=(40)
-52 1
fe=(38)
+55 1
-3 1
fi=(40)
-54 2
+3 1
fe=(38)
+58 2
cfi=(41)
cfn=(122)
calls=1 -90 
* 12
* 2
fi=(40)
-61 1
+2 2
-2 1
+34 2
+1 2
+1 1
fe=(38)
+40 4
+1 2
-1 6
+2 2
+1 2
-2 6
-3 4
cfi=(41)
cfn=(116)
calls=2 -77 
* 114
* 2
cfi=(41)
cfn=(116)
calls=1 -77 
* 122
* 6
+8 2
+9 1
-15 1
+15 2
-15 1
+15 8
+9 2
+4 7
cfi=(43)
cfn=(124)
calls=1 22 
* 41
+1 2
+1 1
+4 1
+1 2
+1 1
-20 2
+19 1
+1 1
-20 2
-1 4
+70 1
+1 1
+4 1
-5 2
+1 4
+4 2
-4 1
+4 4
+1 1
-1 1
+1 2
+1 2
-2 5
+1 1
-1 1
+1 2
+1 2
-2 5
+5 1
+3 2
-3 2
+3 15
+7 1
-7 2
+2 3
+1 4
+2 1
fi=(223) ./elf/../sysdeps/x86/dl-hwcap.h
57 1
fe=(38)
233 2
fi=(223)
57 1
fe=(38)
233 2
fi=(223)
57 1
fe=(38)
233 1
+1 1
cfi=(22)
cfn=(60)
calls=1 41 
* 17
+1 1
+1 1
-6 1
+4 1
+1 1
-5 1
+5 1
+1 1
-1 2
-5 4
+10 3
-2 3
+2 1
+1 1
+1 1
-1 1
+4 4
+1 1
-1 1
+4 2
+4 1
-1 1
+1 4
-1 2
+4 3
+1 3
+19 10
+6 2
fi=(28)
56 1
cfi=(27)
cfn=(76)
calls=1 -21 
* 25
* 1
fe=(38)
283 2
+8 1
fi=(40)
54 1
+2 1
+34 1
-2 2
fe=(38)
-5 1
291 1
fi=(40)
54 1
+35 1
fe=(38)
291 1
fi=(40)
90 1
fe=(38)
-10 2
cfi=(41)
cfn=(116)
calls=1 -29 
* 13
* 2
fi=(40)
-26 2
+2 1
fe=(38)
+27 1
fi=(40)
-29 1
+34 2
+1 2
+1 1
fe=(38)
-8 2
+1 4
+7 2
-7 10
cfi=(29)
cfn=(128)
calls=2 199 
* 26
+4 2
+2 2
+2 2
-2 4
-9 4
cfi=(41)
cfn=(116)
calls=2 -29 
* 114
* 2
cfi=(41)
cfn=(116)
calls=1 -29 
* 122
* 6
304 1
+2 1
-2 1
-48 2
+72 1
-72 1
376 2
+13 2
-58 1
+45 1
+13 1
-58 1
-75 1
+82 1
+10 2
-92 1
+88 1
+4 3
-4 1
+3 7
-3 2
-3 1
+3 1
cfi=(29)
cfn=(128)
calls=1 199 
* 18
* 2
-3 1
+3 1
cfi=(29)
cfn=(128)
calls=1 199 
* 18
* 2
+3 2
-3 4
+3 5
+1 12
+1 2
-2 1
+2 1
cfi=(29)
cfn=(128)
calls=1 199 
* 15
* 2
-2 2
+5 8
cfi=(29)
cfn=(128)
calls=2 199 
* 30
* 4
+2 5
+5 6
+1 1
-1 3
+1 7
-1 25
+5 11
+4 1
-1 1
+1 2
-4 12
+4 2
-1 2
+1 13
-1 9
+1 18
+1 24
-1 12
-1 12
+2 24
-1 24
-1 24
+4 9
+3 1
+2 2
-1 1
-1 1
+2 1
-2 1
+2 2
-1 1
+1 2
+2 6
+1 2
+3 2
-6 2
+6 3
+7 8
+1 1
-1 2
+3 2
-3 3
+1 3
-1 6
+3 6
+3 4
-80 2
+86 9
-20 1
+1 2
-6 3
259 2
+1 2
+1 4
-1 3
+12 4
-44 2
+34 4
-2 3

fl=(49)
fn=(606)
117 1
+1 4

fn=(154)
28 6
+2 1
-1 1
+1 2
+6 6

fn=(206)
76 3
+1 12

fn=(532)
40 2
+4 1
-4 1
+4 1
-4 1
+4 1
-4 2
+4 1
+1 1
+1 4
+4 6

fl=(24)
fn=(84)
42 10
+2 20

fn=(66)
53 3
+3 8
+5 1
-5 1
+5 1
+1 1
-6 1
+8 1

fn=(266)
68 2
fi=(224) ./elf/../include/list.h
-24 1
fe=(24)
+24 1
fi=(224)
-25 1
fe=(24)
+26 1
+3 1
fi=(224)
-29 1
+1 1
+1 1
+2 1
fe=(24)
+28 4
+1 2
+1 1
+5 2
+5 1
+6 1
-3 1
+3 1
-6 3
+6 1
+13 3
fi=(76) ./elf/../sysdeps/unix/sysv/linux/rseq-internal.h
-72 1
fe=(24)
+72 1
cfi=(10)
cfn=(24)
calls=1 405 
* 20
fi=(76)
-74 3
+2 6
+3 2
+3 1
fe=(24)
+83 3
+7 2
+2 1
+1 1
+1 3

fl=(73)
fn=(240)
30 30
+4 3
+1 6
+11 3
-1 6
+18 12

fl=(7)
fn=(494) lookup_malloc_symbol
61 8
+3 4
-3 16
+3 4
-3 4
+3 8
-1 4
+1 12
cfi=(79)
cfn=(280)
calls=4 840 
* 2280
+4 28
+1 28
+2 4
fi=(150) ./elf/./dl-sym-post.h
-30 8
+12 12
fe=(7)
+19 20

fn=(136)
239 2
+3 4
+2 2
+1 4
+4 33
+7 84
-2 56
+13 1
+4 4
-22 14
+15 14
-15 30

fn=(490)
76 2
+10 1
fi=(149) ./elf/../sysdeps/generic/dl-hash.h
-41 1
fe=(7)
+31 1
fi=(149)
-32 1
fe=(7)
+32 5
+11 1
-1 1
fi=(149)
-43 1
+5 3
+14 4
-17 3
+3 15
+14 20
-17 15
fe=(7)
+46 2
fi=(149)
-24 1
fe=(7)
+22 1
+2 2
fi=(149)
-19 1
fe=(7)
+19 1
cfn=(494)
calls=1 -30 
* 619
+1 3
-1 1
+1 1
cfn=(494)
calls=1 -31 
* 619
+1 3
-1 1
+1 1
cfn=(494)
calls=1 -32 
* 605
+1 3
-1 1
+1 1
cfn=(494)
calls=1 -33 
* 597
+5 1
+1 1
+1 1
+1 1
+1 7

fn=(12)
42 1
+1 2
+1 2
+1 2
+1 2
+1 1

fl=(54)
fn=(174)
68 234
+1 78
cfi=(32)
cfn=(90)
calls=39 +39 
* 1305
* 78
+3 39
+2 78
+6 39
-6 78
+1 141
cfi=(32)
cfn=(90)
calls=47 +33 
* 1736
* 94
+8 8
-13 8
+13 55
-1 31
+1 93

fn=(224)
36 2
+3 1
-3 6
+3 1
-3 1
+3 1
cfi=(55)
cfn=(178)
calls=1 -11 
* 19
+1 2
+23 7
-21 4
cfi=(58)
cfn=(190)
calls=1 -13 
* 15
* 2
+2 2
+3 2
+13 2
cfi=(64)
cfn=(204)
calls=1 -35 
* 6
* 1
-11 6
cfi=(60)
cfn=(194)
calls=1 -2 
* 9
* 2

totals: 6508547590
