# callgrind format
version: 1
creator: callgrind-3.18.1
pid: 315911
cmd:  ./first
part: 1


desc: I1 cache: 
desc: D1 cache: 
desc: LL cache: 

desc: Timerange: Basic block 0 - 1742760904
desc: Trigger: Program termination

positions: line
events: Ir
summary: 9796395127


ob=(4) /usr/lib/x86_64-linux-gnu/libm.so.6
fl=(134) ./math/../sysdeps/x86_64/fpu/multiarch/s_sin.c
fn=(426) cos
34 1
fi=(132) ./math/../sysdeps/x86_64/fpu/multiarch/ifunc-avx-fma4.h
-2 5
+1 2
fe=(134)
+1 1

fn=(476) sin
27 1
fi=(132)
+5 5
+1 2
fe=(134)
-6 1

fl=(133) ./math/../sysdeps/x86_64/fpu/multiarch/e_expf.c
fn=(422) expf@@GLIBC_2.27
27 1
fi=(130) ./math/../sysdeps/x86_64/fpu/multiarch/ifunc-fma.h
+2 4
+1 3
fe=(133)
-3 1

fl=(144) ./math/../sysdeps/x86_64/fpu/multiarch/s_fma.c
fn=(462) fma
49 6

fl=(131) ./math/../sysdeps/x86_64/fpu/multiarch/e_exp.c
fn=(418) __exp_finite@GLIBC_2.15
27 1
fi=(132)
+5 5
+1 2
fe=(131)
-6 1

fl=(146) ./math/../sysdeps/x86_64/fpu/multiarch/e_atan2.c
fn=(472) __atan2_finite@GLIBC_2.15
26 1
fi=(132)
+6 5
+1 2
fe=(146)
-7 1

fl=(140) ./math/../sysdeps/x86_64/fpu/multiarch/e_log2f.c
fn=(446) log2f@@GLIBC_2.27
27 1
fi=(130)
+2 4
+1 3
fe=(140)
-3 1

fl=(143) ./math/../sysdeps/x86_64/fpu/multiarch/s_sinf.c
fn=(458) sinf
26 1
fi=(130)
+3 4
+1 3
fe=(143)
-4 1

fl=(129) ./math/../sysdeps/x86_64/fpu/multiarch/s_cosf.c
fn=(414) cosf
26 1
fi=(130)
+3 4
+1 3
fe=(129)
-4 1

fl=(138) ./math/../sysdeps/x86_64/fpu/multiarch/e_pow.c
fn=(442) __pow_finite@GLIBC_2.15
27 1
fi=(139) ./math/../sysdeps/x86_64/fpu/multiarch/ifunc-fma4.h
+4 4
+1 2
fe=(138)
-5 1

fl=(136) ./math/../sysdeps/x86_64/fpu/multiarch/s_sincosf.c
fn=(434) sincosf
26 1
fi=(130)
+3 4
+1 3
fe=(136)
-4 1

fl=(142) ./math/../sysdeps/x86_64/fpu/multiarch/e_asin.c
fn=(464) __asin_finite@GLIBC_2.15
27 1
fi=(139)
+4 4
+1 2
fe=(142)
-5 1

fn=(454) __acos_finite@GLIBC_2.15
35 1
fi=(139)
-4 4
+1 2
+3 1
fe=(142)

fl=(135) ./math/../sysdeps/x86_64/fpu/multiarch/e_logf.c
fn=(430) logf@@GLIBC_2.27
27 1
fi=(130)
+2 4
+1 3
fe=(135)
-3 1

fl=(145) ./math/../sysdeps/x86_64/fpu/multiarch/e_exp2f.c
fn=(468) exp2f@@GLIBC_2.27
27 1
fi=(130)
+2 4
+1 3
fe=(145)
-3 1

fl=(206) ./math/../sysdeps/ieee754/dbl-64/e_log2.c
fn=(756) log2@@GLIBC_2.29
44 1317388
fi=(213) ./math/../sysdeps/ieee754/dbl-64/math_config.h
+23 1317388
fe=(206)
-28 1317388
+17 3952164
-17 1317388
+17 2634776
+28 3952164
+17 1317388
+37 1317388
-30 1317388
-4 1317388
-3 1317388
+37 1317388
-15 1317388
-19 1317388
-2 1317388
+1 1317388
+1 1317388
-2 1317388
+6 1317388
+15 1317388
-19 1317388
+16 5269552
-15 1317388
+15 1317388
-15 1317388
+15 1317388
-15 1317388
+15 2634776
fi=(213)
-41 1317388
fe=(206)
+41 1317388
+8 1317388
+10 1317388
-4 1317388
fi=(213)
-55 1317388
fe=(206)
+55 1317388
+4 1317388
fi=(213)
-59 1317388
fe=(206)
+59 1317388
fi=(213)
-59 1317388
fe=(206)
+59 1317388
-15 1317388
+15 1317388
-3 2634776
-6 2634776
+9 2634776
-8 1317388
+8 2634776
-8 1317388
+8 2634776
-16 2634776
+2 1317388
+15 1317388
-15 2634776
+6 1317388
+9 2634776
+1 1317388

fl=(168) ???
fn=(576) 0x000000000000e460
0 12

fl=(137) ./math/../sysdeps/x86_64/fpu/multiarch/e_powf.c
fn=(438) powf@@GLIBC_2.27
30 1
fi=(130)
-1 4
+1 4
fe=(137)

fl=(141) ./math/../sysdeps/x86_64/fpu/multiarch/e_log.c
fn=(450) __log_finite@GLIBC_2.15
27 1
fi=(132)
+5 5
+1 2
fe=(141)
-6 1

ob=(5) /usr/libexec/valgrind/vgpreload_core-amd64-linux.so
fl=(163) ???
fn=(556) 0x00000000000012f0
0 5

fn=(548) 0x0000000000001170
0 12

ob=(6) /home/colinux/Bakery/first
fl=(176) /home/colinux/Bakery/first.c
fn=(732) newOrder
670 99729
+2 14247
-2 185211
+2 14247
cob=(2) ???
cfi=(51) ???
cfn=(698) 0x0000000000109180
calls=14247 0 
* 655945
+6 14247
-4 14247
+4 14247
-6 14247
+6 14247
-5 14247
+5 14247
-3 14247
+3 28494
cob=(2)
cfi=(51)
cfn=(648) 0x00000000001091c0
calls=14247 0 
* 15319363
* 28494
86 28494
-2 14247
+2 42741
+1 14247
-1 42741
+1 14247
-1 42741
+1 118692
-1 356076
+1 118692
-1 356076
+3 14247
686 28494
+2 28827
+4 757
-4 1514
+1 43920
cob=(2)
cfi=(51)
cfn=(734) 0x0000000000109170
calls=14640 0 
* 347388
* 29280
+13 13883
-4 13883
+4 13883
-4 27766
+4 293
+1 293
fi=(204) /usr/include/x86_64-linux-gnu/bits/stdio2.h
112 586
cob=(2)
cfi=(51)
cfn=(718) 0x0000000000109140
calls=293 0 
* 45415
* 22674
cob=(2)
cfi=(51)
cfn=(718)
calls=11337 0 
* 1763145
fe=(176)
721 34890
519 23260
+1 11629
+1 34887
680 85482
+70 170964
-43 13590
+3 122310
-2 13590
+2 27180
cfn=(738) tryBaking
calls=13590 529 
* 148736603
* 95130
+3 97455
+36 113976
-27 22674
fi=(204)
112 4506
cob=(2)
cfi=(51)
cfn=(718)
calls=2253 0 
* 350664
fe=(176)
729 4506
+5 6759
fi=(204)
112 364
fe=(176)
717 364
fi=(204)
112 364
cob=(2)
cfi=(51)
cfn=(718)
calls=364 0 
* 56420
fe=(176)
716 728
cob=(2)
cfi=(51)
cfn=(758) 0x0000000000109110
calls=364 0 
* 33145
+1 364
86 4

fn=(738)
529 36791172
+13 3065931
-13 6131862
+13 6131862
+9 9197793
+1 6131862
+1 47776476
86 191105904
-2 47776476
+3 47776476
-1 143329428
+1 47776476
-1 143329428
+1 400752669
-1 1202258007
+1 400752669
-1 1202258007
+3 47776476
554 191105904
+2 95552952
-1 95552952
+34 162070911
cob=(2)
cfi=(51)
cfn=(734)
calls=54023637 0 
* 1256302693
* 162070911
+9 6260498
-42 25041992
+1 162110922
+6 216094548
286 767536
cfn=(766) deleteMinBunch.part.0
calls=224830 -4 
* 145093975
569 224830
-4 224830
+3 224830
+1 449660
-4 449660
+1 449660
+1 197679
286 131786
567 317876
286 317876
+1 1
cob=(2)
cfi=(51)
cfn=(758)
calls=1 0 
* 112
569 1
288 1
568 1
+1 2
+5 635755
+16 286578834
-46 27512973
668 24455976
544 71464
668 71464
-62 44719478
-54 89438956
+63 17866
+2 17866
+1 551507
86 2206028
-2 1103014
+3 551507
-1 1654521
+1 551507
-1 1654521
+1 4625181
-1 13875543
+1 4625181
-1 13875543
+3 551507
619 551507
+2 551507
-2 1103014
+2 551507
+4 1103014
+34 72212
-34 144424
+1 1871157
cob=(2)
cfi=(51)
cfn=(734)
calls=623719 0 
* 14497061
* 1247438
+3 1103014
+1 1926042
cfn=(766)
calls=411514 282 
* 247925592
+3 411598
+1 411598
-5 823196
+1 961783
+2 961783
-2 2885349
+2 411598
-1 411598
286 411598
632 411598
286 411598
+1 84
cob=(2)
cfi=(51)
cfn=(758)
calls=84 0 
* 9408
+1 168
650 550185
+1 550185
-1 550185
+1 550185
+11 550185
-45 1100370
+45 1322
-45 2644
+4 1627722
+44 17866
+2 17866

fn=(616) main
963 2
+4 2
-4 3
+12 1
-12 6
+4 1
cob=(2)
cfi=(51)
cfn=(618) 0x0000000000109160
calls=1 0 
* 34634
+1 2
-1 1
+1 1
cob=(2)
cfi=(51)
cfn=(618)
calls=1 0 
* 33015
+7 2
-2 1
-5 1
+7 1
-2 4
+2 1
cob=(2)
cfi=(51)
cfn=(648)
calls=1 0 
* 1213
* 6
cob=(2)
cfi=(51)
cfn=(648)
calls=1 0 
* 803
* 2
-10 3
+21 2186
+2 3276
cfn=(696) newRecipe
calls=1092 312 
* 78967576
* 1092
+35 1092
-43 4368
cob=(2)
cfi=(51)
cfn=(648)
calls=1092 0 
* 612704
+43 15725
-43 62900
cob=(2)
cfi=(51)
cfn=(648)
calls=15725 0 
* 9043342
* 4
cob=(2)
cfi=(51)
cfn=(648)
calls=1 0 
* 779
* 33636
+2 117721
+4 100908
+4 94356
+2 36
cfn=(804) removeRecipe
calls=12 453 
* 11518
* 24
+2 47142
+4 28494
-15 160
cfn=(786) loadOrders
calls=16 -83 
* 42060
* 48
+11 5868
+2 16137
cfn=(746) newBatch
calls=1467 752 
* 9536529710
* 13194
+2 56988
+2 156717
cfn=(732)
calls=14247 670 
* 170066756
* 128223

fn=(768) getLastNode
197 3181720
+1 1909032
+3 2545376
cob=(2)
cfi=(51)
cfn=(754) 0x0000000000109120
calls=636344 0 
* 48362144
* 1272688
+1 1909032
cob=(2)
cfi=(51)
cfn=(698)
calls=636344 0 
* 29880370
* 636344
+5 2545376
+1 636344
+2 1272688
-2 1909032
-1 1909032
+1 3170580
+2 6341160
-2 9511740
-1 9511740
+6 1909032
+1 2545376
+1 3170580
+1 9511740
-2 3170580
+2 3170580
-2 6341160
+2 1909032
-2 636344
+2 636344
-2 1272688
+8 636344
cob=(2)
cfi=(51)
cfn=(758)
calls=636344 0 
* 58079378
+3 3181720

fn=(804)
453 60
+2 12
-2 72
+2 36
cob=(2)
cfi=(51)
cfn=(648)
calls=12 0 
* 7554
* 24
86 48
-2 24
+3 12
-1 36
+1 12
-1 36
+1 102
-1 306
+1 102
-1 306
+3 12
460 24
+4 24
-4 24
+6 36
cob=(2)
cfi=(51)
cfn=(734)
calls=12 0 
* 276
* 24
+15 36
+9 4
+2 1
+6 1
-6 1
-2 2
+2 41
+6 41
-6 41
-2 83
-19 1
+31 2
+10 2
cob=(2)
cfi=(51)
cfn=(758)
calls=1 0 
* 91
fi=(204)
112 2
cob=(2)
cfi=(51)
cfn=(718)
calls=1 0 
* 157
fe=(176)
515 132
-10 2
fi=(204)
112 22
cob=(2)
cfi=(51)
cfn=(718)
calls=11 0 
* 1683
fe=(176)
485 11

fn=(746)
752 30807
+5 16137
cob=(2)
cfi=(51)
cfn=(648)
calls=1467 0 
* 2603310
* 4083972
cob=(2)
cfi=(51)
cfn=(648)
calls=680662 0 
* 1195612873
* 1364258
86 1364258
-2 682129
+2 2046387
+1 682129
-1 2046387
+1 682129
-1 2046387
+1 5719987
-1 17159961
+1 5719987
-1 17159961
+3 682129
761 2046387
+3 1365095
+10 90835
-10 272393
+1 272169
cob=(2)
cfi=(51)
cfn=(734)
calls=90723 0 
* 2130215
* 2043876
cob=(2)
cfi=(51)
cfn=(734)
calls=681292 0 
* 16081776
* 1544030
+1 2043540
+3 2043540
cfn=(752) insertBunch
calls=681180 227 
* 347981645
* 681180
+1 1362360
fi=(205) /usr/include/x86_64-linux-gnu/bits/stdio.h
49 1362360
cob=(2)
cfi=(51)
cfn=(714) 0x00000000001091d0
calls=681180 -49 
* 14304780
* 1898
cob=(2)
cfi=(51)
cfn=(714)
calls=949 -49 
* 19929
fe=(176)
805 2055189
+18 1467
+1 2934
-1 6007365
+1 12521487
+1 506757
+1 506757
-2 1013514
+1 33547
+1 33547
-2 67094
-2 18026496
+8 8802
-13 1467
-2 1467
+17 1467
86 5868
832 3050874
86 12203496
-2 6104682
+3 3052341
-1 9157023
+1 3052341
-1 9157023
+1 25565482
-1 76696446
+1 25565482
-1 76696446
+3 3052341
833 9157023
+1 6104682
+4 114045
-4 228090
+1 9499158
cob=(2)
cfi=(51)
cfn=(734)
calls=3166386 0 
* 73409332
* 6332772
+6 54942138
cfn=(738)
calls=3052341 529 
* 7168432323
* 18314040
+2 3052340
-2 3052340
+3 12209360
+3 13360
+6 6677
+1 6677
-1 6677
+1 6677
+6 13360
+1 1
+2 2
-33 15255020
fi=(204)
112 2932
cob=(2)
cfi=(51)
cfn=(718)
calls=1466 0 
* 228686
fe=(176)
897 20524
+1 17592
-32 88289364
+4 29416725
-5 88250175
+8 295
+5 885
+3 295
780 1898
cob=(2)
cfi=(51)
cfn=(698)
calls=949 0 
* 175724
fi=(196) /usr/include/x86_64-linux-gnu/bits/string_fortified.h
79 3796
cob=(2)
cfi=(51)
cfn=(702) 0x0000000000109190
calls=949 -79 
* 48465
fe=(176)
782 949
+4 949
-3 949
-1 1898
+1 949
+3 949
cob=(2)
cfi=(51)
cfn=(698)
calls=949 0 
* 168705
+3 949
+3 949
-5 949
+2 1898
+3 949
cob=(2)
cfi=(51)
cfn=(698)
calls=949 0 
* 179679
+1 949
+1 949
+2 949
+2 949
-5 949
+5 949
-4 949
+2 949
+2 949
+3 224
+49 18
+23 12768
+2 12776
+3 12760
+3 6380
-82 1674

fn=(696)
312 9828
+3 2184
-3 1092
+3 1092
-3 3276
+3 1092
cob=(2)
cfi=(51)
cfn=(648)
calls=1092 0 
* 681526
* 2184
86 2184
-2 1092
+2 3276
+1 1092
-1 3276
+1 1092
-1 3276
+1 9026
-1 27078
+1 9026
-1 27078
+3 1092
321 3276
+3 2866
+13 63
cob=(2)
cfi=(51)
cfn=(734)
calls=21 0 
* 497
* 1293
cob=(2)
cfi=(51)
cfn=(734)
calls=431 0 
* 10417
* 904
+14 84
-16 168
+20 126
cob=(2)
cfi=(51)
cfn=(698)
calls=63 0 
* 168829
fi=(196)
79 126
fe=(176)
355 63
fi=(196)
79 63
fe=(176)
355 63
fi=(196)
79 63
cob=(2)
cfi=(51)
cfn=(702)
calls=63 -79 
* 3217
fe=(176)
357 63
+1 63
+4 315
+6 315
cob=(2)
cfi=(51)
cfn=(648)
calls=63 0 
* 70626
-6 3305
+6 3305
cob=(2)
cfi=(51)
cfn=(648)
calls=661 0 
* 736035
* 219595
cob=(2)
cfi=(51)
cfn=(648)
calls=43919 0 
* 48131635
* 89286
+2 89286
cob=(2)
cfi=(51)
cfn=(698)
calls=44643 0 
* 13482756
86 44643
370 44643
+1 89286
86 133929
-2 89286
+3 44643
-1 133929
+1 44643
-1 133929
+1 374425
-1 1123275
+1 374425
-1 1123275
+3 44643
375 133929
+5 95165
+19 17496
cob=(2)
cfi=(51)
cfn=(734)
calls=5832 0 
* 137152
* 133788
cob=(2)
cfi=(51)
cfn=(734)
calls=44596 0 
* 1055106
* 100856
+7 5836
-11 11672
+17 8
cob=(2)
cfi=(51)
cfn=(698)
calls=4 0 
* 740
fi=(196)
79 16
cob=(2)
cfi=(51)
cfn=(702)
calls=4 -79 
* 204
fe=(176)
418 4
-4 4
+2 4
+1 8
+1 4
cob=(2)
cfi=(51)
cfn=(698)
calls=4 0 
* 756
* 8
+5 12
+6 4
fi=(205)
49 4
fe=(176)
432 4
fi=(205)
49 4
cob=(2)
cfi=(51)
cfn=(714)
calls=4 -49 
* 84
fe=(176)
429 44639
fi=(205)
49 44639
fe=(176)
432 44639
fi=(205)
49 44639
cob=(2)
cfi=(51)
cfn=(714)
calls=44639 -49 
* 937419
fe=(176)
437 223939
-53 141
cob=(2)
cfi=(51)
cfn=(698)
calls=47 0 
* 8695
fi=(196)
79 94
fe=(176)
384 47
fi=(196)
79 94
cob=(2)
cfi=(51)
cfn=(702)
calls=47 -79 
* 2399
fe=(176)
389 47
-3 47
+1 47
+1 47
+1 47
cob=(2)
cfi=(51)
cfn=(698)
calls=47 0 
* 8883

ob=(2)
fl=(51)
fn=(572) 0x000000000485a000
0 7

fn=(710) 0x000000000495b620
0 3448
cob=(3) /usr/lib/x86_64-linux-gnu/libc.so.6
cfi=(199) ./string/../sysdeps/x86_64/multiarch/memmove-vec-unaligned-erms.S
cfn=(712) __memcpy_avx_unaligned_erms
calls=1724 307 
0 22530

fn=(794) 0x000000000495b4d0
0 232
cob=(3)
cfi=(210) ./string/../sysdeps/x86_64/multiarch/strchr-avx2.S
cfn=(796) __strchrnul_avx2
calls=116 51 
0 2204

fn=(544) 0x000000000483f000
0 6
cob=(5)
cfi=(163)
cfn=(548)
calls=1 0 
0 12
0 1
cob=(5)
cfi=(163)
cfn=(556)
calls=1 0 
0 5
0 2

fn=(592) 0x0000000000109000
0 7

fn=(698)
0 4122262
cob=(3)
cfi=(177) ./malloc/./malloc/malloc.c
cfn=(674) malloc
calls=2061131 3287 
0 147329373

fn=(702)
0 3448
cob=(3)
cfi=(197) ./debug/./debug/strcpy_chk.c
cfn=(704) __strcpy_chk
calls=1724 27 
0 84594

fn=(706) 0x000000000495b490
0 37140
cob=(3)
cfi=(198) ./string/../sysdeps/x86_64/multiarch/strlen-avx2.S
cfn=(708) __strlen_avx2
calls=18570 50 
0 259980

fn=(714)
0 2035988
cob=(3)
cfi=(200) ./libio/./libio/getc.c
cfn=(716) getc
calls=1017994 34 
0 19352062

fn=(160) 0x0000000004002080
0 2
cob=(1) /usr/lib/x86_64-linux-gnu/ld-linux-x86-64.so.2
cfi=(52) ./elf/./elf/dl-error-skeleton.c
cfn=(162) _dl_catch_error
calls=1 225 
0 2782

fn=(602) 0x000000000495b6d0
0 2
cob=(1)
cfi=(49) ./elf/./elf/dl-audit.c
cfn=(606) _dl_audit_preinit
calls=1 117 
0 5
cob=(1)
cfi=(159) ./elf/../sysdeps/x86_64/dl-trampoline.h
cfn=(522) _dl_runtime_resolve_xsave
calls=1 67 
0 868
0 5

fn=(618)
0 4
cob=(3)
cfi=(177)
cfn=(620) calloc
calls=2 3624 
0 67645

fn=(648)
0 1517886
cob=(3)
cfi=(184) ./stdio-common/./stdio-common/isoc99_scanf.c
cfn=(650) __isoc99_scanf
calls=758943 25 
0 1271303877

ob=(6)
fl=(176)
fn=(696)
390 47
-1 47
+1 141
+12 44592
+8 44592
+33 724
fi=(204)
112 724
fe=(176)
443 724
+4 724
fi=(204)
112 724
cob=(2)
cfi=(51)
cfn=(718)
calls=724 0 
* 112647
fe=(176)
451 13104
fi=(204)
112 368
fe=(176)
343 368
fi=(204)
112 368
cob=(2)
cfi=(51)
cfn=(718)
calls=368 0 
* 57497
fi=(205)
-63 582444
cob=(2)
cfi=(51)
cfn=(714)
calls=291222 -49 
* 6125838
fe=(176)
343 874402
-16 1322
cob=(2)
cfi=(51)
cfn=(698)
calls=661 0 
* 403903
fi=(196)
79 1983
fe=(176)
327 1322
fi=(196)
79 661
cob=(2)
cfi=(51)
cfn=(702)
calls=661 -79 
* 33757
fe=(176)
330 661
-1 661
+1 1322

fn=(770) heapifyDown
182 1272688
+3 636344
+3 636344
-3 4633573
+3 3360885
-3 17243178
+3 2216290
+3 6721770
-24 3360885
+1 6721770
+3 3360885
-2 3360885
+1 3360885
+1 3360885
+1 6721770
+21 3360885
-5 16401750
+7 636344

fn=(766)
282 1272688
+8 636344
cfn=(768)
calls=636344 -93 
* 222675296
* 636344
+3 1909032
+1 1272688
+3 1909032
+1 1272688
+3 318605
+3 318605
cob=(2)
cfi=(51)
cfn=(758)
calls=318605 0 
* 35490599
+1 318605
+5 318605
-5 318605
cfn=(770)
calls=318605 182 
* 43759610
-6 317739
+5 317739
cob=(2)
cfi=(51)
cfn=(758)
calls=317739 0 
* 35395120
+1 317739
+5 317739
-5 317739
cfn=(770)
calls=317739 182 
* 43608406

fn=(786)
900 160
+8 32
+7 16
+1 48
+3 16
+3 32
-3 13
+3 39
-1 26
+10 10
-9 36
+1 38
+2 10
+1 3
+7 26
+4 4
+1 4
-25 8
+24 4
+1 4
-25 37
+2 29
+1 58
+29 48
+15 32
+1 16
-1 64
+1 16
-1 16
+1 16
-1 16
+1 64
-39 32
+13 32
+3 16
-25 32
+22 10
+3 5
-25 42
fi=(204)
112 112
cob=(2)
cfi=(51)
cfn=(788) 0x00000000001091a0
calls=16 0 
* 20696
* 91
cob=(2)
cfi=(51)
cfn=(788)
calls=13 0 
* 16689
fe=(176)
948 58
+1 58
+1 29
cob=(2)
cfi=(51)
cfn=(758)
calls=29 0 
* 3143
-5 74

fn=(752)
227 2043540
+3 681180
-3 4087080
+3 681180
cob=(2)
cfi=(51)
cfn=(698)
calls=681180 0 
* 45884415
+2 681180
-2 681180
+9 681180
-8 681180
+2 681180
+1 681180
+1 681180
+2 2043540
+2 1362360
+5 2043132
cob=(2)
cfi=(51)
cfn=(754)
calls=681044 0 
* 51759344
* 1362088
+1 2043132
cob=(2)
cfi=(51)
cfn=(698)
calls=681044 0 
* 60432235
* 681044
+5 2724176
+1 681044
+1 1362088
-1 2043132
-1 2043132
+1 3304201
+1 6608402
-1 9912603
-1 13998867
+8 6308097

ob=(2)
fl=(51)
fn=(758)
0 3908422
cob=(3)
cfi=(177)
cfn=(760) free
calls=1954211 3352 
0 188163588

fn=(754)
0 2634776
cob=(4)
cfi=(206)
cfn=(756)
calls=1317388 44 
0 97486712

fn=(516) 0x000000000495b650
0 38
cob=(1)
cfi=(10) ./elf/./elf/dl-tunables.c
cfn=(24) __tunable_get_val
calls=19 405 
0 391
cob=(1)
cfi=(159)
cfn=(522)
calls=1 67 
0 857
0 5

fn=(566) 0x000000000495b5f0
0 2
cob=(3)
cfi=(166) ./string/../sysdeps/x86_64/multiarch/strrchr-avx2.S
cfn=(568) __strrchr_avx2
calls=1 46 
0 28

fn=(672) 0x000000000495b380
0 4
cob=(3)
cfi=(177)
cfn=(674)
calls=2 3287 
0 370

fn=(718)
0 33634
cob=(3)
cfi=(201) ./libio/./libio/ioputs.c
cfn=(720) puts
calls=16817 33 
0 2582680

fn=(742) 0x000000000495b3e0
0 33970
cob=(3)
cfi=(199)
cfn=(744) __mempcpy_avx_unaligned_erms
calls=16985 294 
0 255345

fn=(644) 0x000000000495b670
0 4
cob=(3)
cfi=(183) ./string/../sysdeps/x86_64/multiarch/memset-vec-unaligned-erms.S
cfn=(646) __memset_avx2_unaligned_erms
calls=2 181 
0 65586

ob=(6)
fl=(176)
fn=(752)
256 9912603
+1 14578892
+5 5647638
+7 681044
-1 681044
+1 1362088
+3 339844
-96 339844
-8 1055121
+3 1055121
-1 1055121
-1 1055121
+2 1055121
+1 2110242
+4 9001675
277 681044
cob=(2)
cfi=(51)
cfn=(758)
calls=681044 0 
* 63061014
+3 4767308
-10 682400

ob=(2)
fl=(51)
fn=(734)
0 117302578
cob=(3)
cfi=(203) ./string/../sysdeps/x86_64/multiarch/strcmp-avx2.S
cfn=(736) __strcmp_avx2
calls=58651289 83 
0 1246669335

ob=(6)
fl=(176)
fn=(752)
280 136
-40 136
+40 816

fl=(169) ???
fn=(584) (below main)
0 12
cob=(3)
cfi=(170) ./csu/../csu/libc-start.c
cfn=(586) __libc_start_main@@GLIBC_2.34
calls=1 242 
0 9796235546

fn=(596) 0x0000000000001630
0 9

ob=(2)
fl=(51)
fn=(788)
0 58
cob=(3)
cfi=(208) ./debug/./debug/printf_chk.c
cfn=(790) __printf_chk
calls=29 25 
0 37327

ob=(6)
fl=(169)
fn=(596)
0 3

ob=(2)
fl=(51)
fn=(164) 0x0000000004002050
0 12
cob=(1)
cfi=(52)
cfn=(166) _dl_catch_exception
calls=6 175 
0 14987

ob=(3)
fl=(197)
fn=(704)
27 5172
+1 1724
-1 6896
+1 1724
cob=(2)
cfi=(51)
cfn=(706)
calls=1724 -28 
* 27584
+1 3448
+4 1724
-1 3448
+1 1724
-1 1724
+1 1724
-1 1724
cob=(2)
cfi=(51)
cfn=(710)
calls=1724 -32 
* 25978

fl=(127) ./string/../sysdeps/x86_64/multiarch/strncase.c
fn=(406) strncasecmp
31 1
fi=(214) ./string/../sysdeps/x86_64/multiarch/ifunc-strcasecmp.h
+1 5
fe=(127)
-1 1

fl=(209) ./stdio-common/./stdio-common/vfprintf-internal.c
fn=(792) __vfprintf_internal
1180 348
+30 145
+8 87
+4 145
+11 58
+11 29
fi=(215) ./stdio-common/./stdio-common/printf-parse.h
111 58
fe=(209)
1244 145
fi=(215)
111 29
cob=(2)
cfi=(51)
cfn=(794)
calls=29 0 
* 609
fe=(209)
1259 29
fi=(215)
111 29
fe=(209)
1259 87
239 29
fi=(216) ./stdio-common/../libio/libioP.h
940 29
fe=(209)
1263 29
fi=(216)
942 29
-2 29
fe=(209)
1263 29
fi=(216)
940 58
+2 58
+1 58
fe=(209)
239 116
cfi=(188) ./libio/./libio/fileops.c
cfn=(722) _IO_file_xsputn@@GLIBC_2.2.5
calls=29 1197 
* 580
* 58
127 261
1263 58
+4 87
+4 232
1532 29
1214 29
+34 29
-8 29
1532 87
+23 29
-39 29
+39 29
-39 29
+39 58
1313 1305
+39 87
-51 87
-1 87
-1 87
-1 87
+5 87
1501 87
fi=(215)
88 87
fe=(209)
1352 87
-46 87
-4 87
+50 87
1501 87
1295 87
-1 87
-1 87
-1 87
-1 87
+16 174
1608 58
+1 58
+3 348
-4 261
1218 58
+41 116
cfi=(186) ./nptl/./nptl/libc-cleanup.c
cfn=(654) __libc_cleanup_push_defer
calls=29 24 
* 290
+1 377
-1 58
1609 58
cfi=(186)
cfn=(692) __libc_cleanup_pop_restore
calls=29 39 
* 232
+2 29
-47 29
-47 638
-1 754
cfi=(211) ./stdio-common/./stdio-common/_itoa.c
cfn=(798) _itoa_word
calls=58 163 
* 2026
* 1798
192 116
+47 58
fi=(216)
942 174
+1 116
fe=(209)
239 232
cfi=(188)
cfn=(722)
calls=58 1197 
* 3894
* 116
127 957
1517 174
-54 58
+53 116
+73 87
fi=(215)
111 87
fe=(209)
1583 87
fi=(215)
111 174
cob=(2)
cfi=(51)
cfn=(794)
calls=87 0 
* 1827
fe=(209)
239 87
fi=(216)
942 87
fe=(209)
1593 87
fi=(215)
111 87
fi=(216)
942 87
fe=(209)
1593 87
fi=(216)
942 87
+1 174
fe=(209)
239 348
cfi=(188)
cfn=(722)
calls=87 1197 
* 5742
* 174
127 1131
1593 174
+2 203
-79 1160
192 116
1392 116
1516 464
+1 58
cob=(2)
cfi=(51)
cfn=(706)
calls=29 0 
* 464
* 58
-1 580
239 29
fi=(216)
942 87
+1 58
fe=(209)
239 116
cfi=(188)
cfn=(722)
calls=29 1197 
* 1827
* 58
127 174
1516 116

fl=(102) ./wcsmbs/../sysdeps/x86_64/multiarch/wmemchr.c
fn=(340) wmemchr
31 2
fi=(103) ./wcsmbs/../sysdeps/x86_64/multiarch/ifunc-evex.h
+4 10
-1 4
+2 6
+5 4
-3 4
+9 6
+3 8
fe=(102)
-19 2

fl=(189) ./libio/./libio/filedoalloc.c
fn=(664) _IO_file_doallocate
78 18
+6 8
fi=(202) ./libio/./libio/libioP.h
940 6
+2 4
+1 4
fe=(189)
84 6
cfi=(188)
cfn=(666) _IO_file_stat
calls=2 1146 
* 36
* 4
+2 8
+11 8
+4 4
cob=(2)
cfi=(51)
cfn=(672)
calls=2 0 
* 374
* 2
+1 4
+2 8
cfi=(187) ./libio/./libio/genops.c
cfn=(678) _IO_setb
calls=2 329 
* 48
+1 2
+1 16

fl=(188)
fn=(666)
1146 2
+1 4
cfi=(190) ./io/../sysdeps/unix/sysv/linux/fstat64.c
cfn=(668) fstat
calls=2 29 
* 30

fn=(726) _IO_do_write@@GLIBC_2.2.5
423 41
+2 123
+1 1
-3 40
fi=(202)
940 40
fe=(188)
423 80
fi=(202)
940 40
fe=(188)
423 40
fi=(202)
940 80
fe=(188)
423 200
+20 40
-10 80
+7 160
fi=(202)
942 80
+1 80
fe=(188)
448 160
cfn=(782) _IO_file_write@@GLIBC_2.2.5
calls=40 1173 
* 1840
* 40
+1 200
+2 40
+4 80
-3 80
-1 80
+4 120
-2 40
-28 160
+1 320
+28 120

fn=(782)
1173 280
+2 240
+5 40
cfi=(207) ./io/../sysdeps/unix/sysv/linux/write.c
cfn=(784) write
calls=40 25 
* 360
+1 80
+5 40
+1 40
-12 80
+4 120
+1 80
+10 120
+3 240
-4 120

fn=(660) _IO_file_underflow@@GLIBC_2.2.5
461 3640
+4 10920
-4 29120
+7 7280
+6 10920
+3 7280
+12 7278
+9 7280
fi=(202)
940 3640
+2 3640
-2 3640
fe=(188)
505 7280
cfi=(187)
cfn=(680) _IO_switch_to_get_mode
calls=3640 164 
* 91000
+6 3640
+5 3640
-5 3640
fi=(202)
942 7280
fe=(188)
511 3640
fi=(202)
942 3640
fe=(188)
511 10920
fi=(202)
943 7280
fe=(188)
516 14560
cfn=(682) _IO_file_read
calls=3640 1130 
* 50960
+2 7280
+16 3640
-9 3640
+9 7280
+2 7280
+1 29120
-57 3
+5 2
cfi=(187)
cfn=(662) _IO_doallocbuf
calls=1 343 
* 306
+4 4

fn=(724) _IO_file_overflow@@GLIBC_2.2.5
731 205
+1 164
+7 203
+37 40
-2 82
+3 10
+3 15
+1 15
+1 10
+4 5
+1 20
-45 2
+12 2
+9 3
+5 3
+2 2
-3 2
+3 1
+1 1
-6 1
+1 1
+5 4
+16 36
-12 36
+1 36
+11 72
-12 36
cfn=(726)
calls=36 423 
* 3855
+3 15
+2 10
-2 15
cfn=(726)
calls=5 423 
* 550
* 10
-34 2
cfi=(187)
cfn=(662)
calls=1 343 
* 306
+1 1
+9 1
-9 5

fn=(722)
1197 85100
+7 17020
-7 51060
+6 68022
+9 33982
-2 67964
+17 50973
+1 16985
+3 50955
+2 16985
+2 16985
+2 33970
-2 16985
+1 16985
+1 16985
-2 16985
cob=(2)
cfi=(51)
cfn=(742)
calls=16985 0 
* 289315
* 16985
+4 33970
+28 153180
-36 6
+12 6
fi=(202)
940 18
+2 12
+1 12
fe=(188)
1243 30
fi=(202)
940 90
+2 60
+1 60
fe=(188)
1243 108
cfn=(724)
calls=36 731 
* 5017
* 72
+6 72
+1 252
+2 72
+11 108
+1 144
cfi=(187)
cfn=(728) _IO_default_xsputn
calls=36 371 
* 2701
+2 108

fn=(682)
1130 3640
+1 3640
+2 3640
-1 3640
+1 7280
cfi=(192) ./io/../sysdeps/unix/sysv/linux/read.c
cfn=(684) read
calls=3640 25 
* 29120

fl=(91) ./wcsmbs/../sysdeps/x86_64/multiarch/wcslen.c
fn=(310) wcslen
29 1
fi=(88) ./wcsmbs/../sysdeps/x86_64/multiarch/ifunc-wcslen.h
+5 4
-1 2
+2 3
+2 2
+4 3
+3 3
fe=(91)
-15 1

fl=(106) ./string/../sysdeps/x86_64/multiarch/strcspn.c
fn=(348) strcspn
29 1
fi=(217) ./string/../sysdeps/x86_64/multiarch/ifunc-sse4_2.h
+1 5
fe=(106)
-1 1

fl=(125) ./string/../sysdeps/x86_64/multiarch/strspn.c
fn=(400) strspn
29 1
fi=(217)
+1 5
fe=(125)
-1 1

fl=(119) ./string/../sysdeps/x86_64/multiarch/strncpy.c
fn=(384) strncpy
29 1
fi=(101) ./string/../sysdeps/x86_64/multiarch/ifunc-strcpy.h
+7 2
+1 1
-1 2
+1 2
+2 2
+4 3
+3 3
fe=(119)
-17 1

fl=(194) ./stdlib/../stdlib/strtol_l.c
fn=(690) ____strtol_l_internal
225 4269450
+54 1423150
-54 5692600
+19 1423150
-19 4269450
+14 1423150
-14 1423150
+26 2846300
+31 5692600
+9 8538900
+2 2846300
+5 2846300
-1 1423150
+6 2846300
+4 2846300
+10 2846300
+10 5692600
-82 2846300
377 1423150
+56 5692600
309 1423150
449 1423150
+10 4269450
-10 1423150
+10 1423150
+12 2846300
-5 5347604
+5 5347604
+1 16042812
-41 10695208
+2 18544116
+2 16042812
+28 16042812
+3 10695208
+11 2846300
+5 4269450
+1 1423150
+5 2846300
324 2846300
491 4269450
-2 2846300
+17 7115750
+18 11385200

fl=(178) ./malloc/./malloc/arena.c
fn=(624) ptmalloc_init.part.0
313 1
fi=(177)
3162 3
fe=(178)
313 5
+5 1
fi=(177)
3162 2
cfi=(179) ./stdlib/../sysdeps/unix/sysv/linux/getrandom.c
cfn=(626) getrandom
calls=1 28 
* 9
* 2
fe=(178)
343 2
+4 3
fi=(177)
1966 4
+3 1
-3 1
+3 2
-3 2
+3 126
-3 126
+3 252
-3 252
fe=(178)
352 3
fi=(177)
1977 1
+1 1
+2 1
fe=(178)
352 1
cob=(2)
cfi=(51)
cfn=(516)
calls=1 0 
* 23
+1 4
cob=(2)
cfi=(51)
cfn=(516)
calls=1 0 
* 22
+1 4
cob=(2)
cfi=(51)
cfn=(516)
calls=1 0 
* 23
+1 4
cob=(2)
cfi=(51)
cfn=(516)
calls=1 0 
* 23
+1 4
cob=(2)
cfi=(51)
cfn=(516)
calls=1 0 
* 22
+1 4
cob=(2)
cfi=(51)
cfn=(516)
calls=1 0 
* 23
+1 4
cob=(2)
cfi=(51)
cfn=(516)
calls=1 0 
* 23
+2 4
cob=(2)
cfi=(51)
cfn=(516)
calls=1 0 
* 23
+1 4
cob=(2)
cfi=(51)
cfn=(516)
calls=1 0 
* 23
+1 4
cob=(2)
cfi=(51)
cfn=(516)
calls=1 0 
* 23
+3 4
cob=(2)
cfi=(51)
cfn=(516)
calls=1 0 
* 23
+1 4
cob=(2)
cfi=(51)
cfn=(516)
calls=1 0 
* 23
+1 2
+63 7

fl=(207)
fn=(784)
25 40
+1 280
+1 40

fl=(85) ./string/../sysdeps/x86_64/multiarch/strpbrk.c
fn=(298) strpbrk
29 1
fi=(217)
+1 5
fe=(85)
-1 1

fl=(107) ./wcsmbs/../sysdeps/x86_64/multiarch/wcscpy.c
fn=(350) wcscpy
43 1
-6 5
+6 1

fl=(201)
fn=(720)
33 134536
+2 16817
cob=(2)
cfi=(51)
cfn=(706)
calls=16817 -35 
* 269072
+1 16817
-1 16817
+1 201804
+3 16817
-3 16817
+3 16817
-3 16817
+3 33634
-1 33632
+1 1
+1 1
fi=(202)
940 3
+2 2
+1 2
fe=(201)
40 16816
fi=(202)
940 50448
+2 33632
+1 33632
fe=(201)
40 50451
cfi=(188)
cfn=(722)
calls=16817 1197 
* 1068296
* 33634
+1 117704
+1 67248
fi=(202)
883 33624
fe=(201)
42 20
fi=(202)
883 10
+1 168170
fe=(201)
46 117719
-5 10
cfi=(187)
cfn=(778) __overflow
calls=5 199 
* 850
* 10

fl=(182) ./misc/../sysdeps/unix/sysv/linux/brk.c
fn=(642) brk
35 72
+1 288
+1 144
+6 63
+1 63
-5 18
+1 18

fl=(171) ./stdlib/./stdlib/cxa_atexit.c
fn=(588) __cxa_atexit
69 9
-28 2
+2 6
+1 2
cfn=(590) __new_exitfn
calls=1 +38 
* 32
+2 2
+10 1
+2 1
-5 3
+3 1
-1 1
+4 2
+1 1
-1 2
+12 6

fn=(590)
82 1
+6 2
-6 4
+11 4
-10 2
+12 4
-2 1
+10 1
-10 3
+45 1
+5 1
-4 1
+4 4
-18 1
-1 1
+1 1

fl=(120) ./wcsmbs/../sysdeps/x86_64/multiarch/wmemcmp.c
fn=(388) wmemcmp
29 1
fi=(121) ./wcsmbs/../sysdeps/x86_64/multiarch/ifunc-memcmp.h
+5 2
+1 1
-1 2
+1 2
+1 2
+1 3
+2 2
+4 3
+3 3
fe=(120)
-17 1

fl=(94) ./wcsmbs/../sysdeps/x86_64/multiarch/wcschr.c
fn=(318) wcschr
31 2
fi=(95) ./wcsmbs/../sysdeps/x86_64/multiarch/ifunc-avx2.h
+2 10
-1 4
+2 6
+2 4
+4 6
+3 8
fe=(94)
-12 2

fl=(186)
fn=(692)
39 758972
+3 1517944
+2 1517944
+1 1517944
+2 758972

fn=(654)
24 758972
+3 1517944
+3 3035888
+1 758972
+2 758972
+1 758972

fl=(89) ./string/../sysdeps/x86_64/multiarch/memset.c
fn=(306) memset
29 1
fi=(90) ./string/../sysdeps/x86_64/multiarch/ifunc-memset.h
+21 5
+3 3
+7 2
+9 2
+2 2
+10 2
+8 2
+2 5
fe=(89)

fl=(97) ./string/../sysdeps/x86_64/multiarch/strrchr.c
fn=(324) rindex
28 1
fi=(84) ./string/../sysdeps/x86_64/multiarch/ifunc-avx2.h
+5 5
-1 2
+2 3
+2 2
+4 3
+3 4
fe=(97)
-15 1

fl=(110) ./string/../sysdeps/x86_64/multiarch/memcmp.c
fn=(358) bcmp
29 1
fi=(111) ./string/../sysdeps/x86_64/multiarch/ifunc-memcmp.h
+5 2
+1 1
-1 2
+1 2
+1 2
+1 3
+2 2
+4 3
+3 3
fe=(110)
-17 1

fl=(122) ./string/../sysdeps/x86_64/multiarch/stpcpy.c
fn=(392) stpcpy
33 1
fi=(101)
+3 2
+1 1
-1 2
+1 2
+2 2
+4 3
+3 3
fe=(122)
-13 1

fl=(96) ./string/../sysdeps/x86_64/multiarch/strchr.c
fn=(322) index
61 1
-20 2
+1 1
-1 2
-1 2
+2 2
+2 2
+4 3
+3 3
+10 1

fl=(116) ./string/../sysdeps/x86_64/multiarch/strcpy.c
fn=(374) strcpy
29 1
fi=(101)
+7 2
+1 1
-1 2
+1 2
+2 2
+4 3
+3 3
fe=(116)
-17 1

fl=(155) ./ctype/./ctype/ctype-info.c
fn=(508) __ctype_init
29 1
+2 7
+2 4
+2 4
+1 1

fl=(123) ./string/../sysdeps/x86_64/multiarch/memchr.c
fn=(396) memchr
29 1
fi=(124) ./string/../sysdeps/x86_64/multiarch/ifunc-evex.h
+6 5
-1 2
+2 3
+5 2
-3 2
+9 3
+3 4
fe=(123)
-21 1

fl=(175) ./setjmp/./setjmp/sigjmp.c
fn=(614) __sigjmp_save
28 3
+2 2
-1 1
+5 3

fl=(203)
fn=(736)
83 58651289
+23 58651289
+1 58651289
+2 58651289
+1 58651289
+1 58651289
+1 58651289
+1 58651289
+2 55355652
+1 55355652
+1 55355652
+1 55355652
+1 55355652
+1 55355652
+1 55355652
+1 55355652
+18 55355652
+1 55355652
+1 55355652
+3 110711304
718 3295637
+1 3295637
+4 3295637
+11 3295637
+1 3295637
+1 3295637
+2 6591274
+10 3295637
+1 3295637
+2 2390778
+1 2390778
+1 2390778
+1 2390778
+1 2390778
+1 2390778
+1 2390778
+15 904859
+1 904859
+1 904859
+1 904859
+1 904859
+1 904859
+1 904859
+1 904859
+1 904859

fl=(180) ./malloc/./malloc/morecore.c
fn=(638) __glibc_morecore
25 72
+1 144
-1 72
+4 72
cfi=(181) ./misc/./misc/sbrk.c
cfn=(640) sbrk
calls=72 +8 
* 2474
+1 144
+4 126
-7 9
+7 18

fl=(98) ./string/../sysdeps/x86_64/multiarch/memmove.c
fn=(328) memmove
29 2
fi=(93) ./string/../sysdeps/x86_64/multiarch/ifunc-memmove.h
+24 6
-1 4
+4 6
+14 4
+2 4
+8 4
+8 4
+2 10
fe=(98)

fl=(187)
fn=(686) _IO_sputbackc
635 21820910
+3 13092546
+1 8728364
+9 4364182
+3 17456728
-10 8728364
+1 4364182
+5 4364182

fn=(658) _IO_default_uflow
361 7280
fi=(202)
940 7280
fe=(187)
361 3640
fi=(202)
940 3640
fe=(187)
361 7280
+1 3640
fi=(202)
942 7280
+1 7280
fe=(187)
362 7280
cfi=(188)
cfn=(660)
calls=3640 +99 
* 360673
+1 7280
+2 14560
+1 14560

fn=(778)
199 15
+2 15
+2 5
fi=(202)
940 15
+2 10
+1 10
fe=(187)
203 5
+1 10
-1 5
cfi=(188)
cfn=(724)
calls=5 731 
* 760

fn=(656) __uflow
299 18200
+1 10920
+5 10920
+3 3640
173 3640
308 7280
+2 7280
+6 7280
+7 3640
fi=(202)
940 10920
+2 7280
+1 7280
fe=(187)
323 3640
+1 3640
-1 3640
+1 7280
-1 3640
cfn=(658)
calls=3640 +38 
* 451673
-23 7280
+21 10920

fn=(678)
329 18
+1 8
+5 4
-3 2
+3 8
+3 8

fn=(680)
164 18200
+1 10920
+3 10920
+4 7280
+1 7280
+7 3640
-4 3640
+4 3640
-2 7280
+3 3640
+1 14560

fn=(728)
371 36
+3 72
-3 288
fi=(202)
940 36
fe=(187)
371 36
fi=(202)
940 36
fe=(187)
371 36
fi=(202)
940 36
fe=(187)
371 72
+18 72
+8 36
+2 72
-20 144
+2 108
+3 72
+20 36
-29 36
+29 252
-11 306
+1 8
-1 8
+1 180
-1 86
+1 54
-1 81
+1 190
-1 312

fn=(662)
343 2
+1 4
-1 6
+3 8
+1 2
fi=(202)
940 6
+2 4
+1 4
fe=(187)
347 4
cfi=(189)
cfn=(664)
calls=2 78 
* 560
* 4
+3 8

fl=(83) ./string/../sysdeps/x86_64/multiarch/strnlen.c
fn=(294) strnlen
31 2
fi=(84)
+2 10
-1 4
+2 6
+2 4
+4 6
+3 8
fe=(83)
-12 2

fl=(112) ./wcsmbs/../sysdeps/x86_64/multiarch/wmemset.c
fn=(362) wmemset
31 2
fi=(113) ./wcsmbs/../sysdeps/x86_64/multiarch/ifunc-wmemset.h
+2 10
+1 6
+2 4
+8 6
+3 8
fe=(112)
-16 2

fl=(117) ./string/../sysdeps/x86_64/multiarch/strcasecmp_l.c
fn=(378) strcasecmp_l
31 1
fi=(214)
+1 5
fe=(117)
-1 1

fl=(212) ./misc/../sysdeps/unix/sysv/linux/mmap64.c
fn=(810) mmap
47 18
+3 18
+8 36
+2 9

fl=(92) ./string/../sysdeps/x86_64/multiarch/memcpy.c
fn=(314) memcpy@@GLIBC_2.14
29 1
fi=(93)
+24 3
-1 2
+4 3
+14 2
+2 2
+8 2
+8 2
+2 5
fe=(92)

fl=(104) ./string/../sysdeps/x86_64/multiarch/strncmp.c
fn=(344) strncmp
66 1
-25 4
+1 3
+2 2
+5 3
+3 3
+14 1

fl=(172) ./csu/../sysdeps/nptl/libc_start_call_main.h
fn=(608) (below main)
29 4
+15 1
-15 5
+15 1
cfi=(173) ./setjmp/../sysdeps/x86_64/bsd-_setjmp.S
cfn=(610) _setjmp
calls=1 -16 
* 34
* 1
+2 2
+5 2
+1 2
+3 2
+3 6
cob=(6)
cfi=(176)
cfn=(616)
calls=1 963 
* 9796234445

fl=(114) ./string/../sysdeps/x86_64/multiarch/memrchr.c
fn=(366) memrchr
29 1
fi=(84)
+4 5
-1 2
+2 3
+2 2
+4 3
+3 4
fe=(114)
-14 1

fl=(165) ./misc/./misc/init-misc.c
fn=(564) __init_misc
30 1
+1 2
-1 4
+1 3
+2 3
cob=(2)
cfi=(51)
cfn=(566)
calls=1 -33 
* 30
+4 5
+1 3
+2 4

fl=(126) ./string/../sysdeps/x86_64/multiarch/mempcpy.c
fn=(402) mempcpy
33 1
fi=(93)
+20 3
-1 2
+4 3
+14 2
+2 2
+8 2
+8 2
+2 5
fe=(126)

fl=(164) ./csu/./csu/init-first.c
fn=(562) _init_first
46 4
+5 2
+4 5
+8 1
-2 1
+10 1
-9 1
+1 1
+9 2
-1 1
cfi=(165)
cfn=(564)
calls=1 -41 
* 55

fl=(154) ./elf/./elf/libc_early_init.c
fn=(506) __libc_early_init
33 7
+2 1
cfi=(155)
cfn=(508)
calls=1 -6 
* 17
+3 1
fi=(157) ./elf/../sysdeps/nptl/pthread_early_init.h
-5 2
fe=(154)
+8 1
-3 1
fi=(157)
-5 1
cfi=(156) ./resource/../sysdeps/unix/sysv/linux/getrlimit64.c
cfn=(510) getrlimit
calls=1 +5 
* 10
* 3
+1 6
+11 1
fi=(218) ./elf/../nptl/nptl-stack.h
+13 3
fi=(157)
-13 1
fi=(218)
+13 2
fi=(157)
-4 1
fi=(218)
+4 2
fi=(157)
-6 1
fi=(218)
+6 1
fi=(157)
-12 1
+6 6
+1 1
+4 1
cfi=(158) ./nptl/./nptl/pthread_mutex_conf.c
cfn=(514) __pthread_tunables_init
calls=1 -7 
* 928
fe=(154)
-10 3
+2 2
-2 1
cfi=(161) ./nptl/../sysdeps/unix/sysv/linux/x86/elision-conf.c
cfn=(528) __lll_elision_init
calls=1 +49 
* 147

fl=(185) ./stdio-common/./stdio-common/vfscanf-internal.c
fn=(652) __vfscanf_internal
278 9866259
+10 3794715
+1 758943
fi=(195) ./stdio-common/../include/scratch_buffer.h
78 758943
fe=(185)
289 758943
fi=(195)
77 1517886
fe=(185)
339 758943
fi=(195)
77 758943
fe=(185)
339 3035772
+6 2276830
+3 3035772
+4 1517886
+13 758943
-6 758943
+8 1517886
-8 758943
+8 758943
+5 758943
-5 758943
+5 4553658
cfi=(186)
cfn=(654)
calls=758943 24 
* 7589430
* 2276829
+9 758943
-4 758943
+4 2276829
570 758943
284 758943
-1 758943
+10 758943
-11 758943
570 1517886
2429 3035772
328 1517886
+4 758943
-5 758943
-1 758943
-1 758943
-12 758943
2180 758943
2429 758943
2180 3794715
418 7210478
+24 7210478
+1 7210478
+3 7115740
-65 14420956
3015 3794715
222 4364182
+1 4364182
-1 2182091
488 2182091
222 2182091
488 4364182
222 2182091
488 4364182
345 1517884
+27 8348373
482 2182091
+22 8728364
+25 2182091
-4 8728364
+7 21820910
+80 4364182
+5 2182091
-1 4364182
+1 4364182
+1 2276829
+3 6546273
+1 17456728
+6 21820809
+3 7273122
-3 3636561
+3 14547206
-3 481
+3 1924
-3 7274084
+4 15274637
+1 10910455
+4 4364182
-4 4364182
cfi=(187)
cfn=(686)
calls=2182091 +2 
* 41459729
+4 17456728
-9 962
cfi=(187)
cfn=(656)
calls=481 299 
* 78235
* 962
3025 9866259
cfi=(186)
cfn=(692)
calls=758943 39 
* 6071544
fi=(195)
85 2276829
fe=(185)
3029 1517886
+17 1517886
+6 9107316
442 1423148
+6 2846296
618 6
1398 14231500
+5 4269450
+9 8538900
1733 2846300
+9 1423150
fi=(195)
113 5692600
fe=(185)
1742 2846300
fi=(195)
113 4269450
fe=(185)
1740 36355074
260 10695208
1797 5347604
260 10695208
+3 16042812
1799 21390416
+2 48123072
-68 10692526
+68 1341
-68 2682
+2 13541508
+2 7115750
+67 2846300
206 1423150
1811 2846300
214 2846300
1812 2846300
+28 8538900
cfi=(187)
cfn=(686)
calls=1423150 635 
* 27039850
260 4269450
+3 4269450
1844 2846300
1669 1423150
206 1423150
1862 2846300
1669 2846300
1861 4269450
+1 1423150
cfi=(193) ./stdlib/../stdlib/strtol.c
cfn=(688) __strtol_internal
calls=1423150 97 
* 225418526
* 1423150
+6 4269450
+3 7115750
+6 1423150
-4 2846300
+4 2846300
+23 2846300
1390 1423150
-1 1423150
+2 1423150
1742 7115750
+59 2682
cfi=(187)
cfn=(656)
calls=1341 299 
* 217242
* 4023
1435 5692600
+3 5692600
637 758941
1017 3794705
+2 3794705
+2 6071528
+10 1517882
-10 758941
+10 2276823
+71 758941
-81 5312587
+81 758941
-81 2276823
1144 56675482
1031 14166678
1144 7083339
1031 14170186
1144 1754
1031 3508
1144 6326152
-45 14170186
+3 7085093
-1 14170186
+1 14170186
-1 14170186
+43 7016
cfi=(187)
cfn=(656)
calls=1754 299 
* 284148
* 8770
2943 1517882
+40 2276823
+2 1517882
+8 1517882
-10 758941
+8 1517882
1813 38058
+1 38058
+65 2846300
+17 14231500
2048 3794705
1033 2276823
cfi=(187)
cfn=(686)
calls=758941 635 
* 14419879
+1 758941
1881 2846300
+1 4269450
1019 10625174

fl=(208)
fn=(790)
25 319
+7 29
-4 58
+4 58
-4 29
+5 29
-1 29
+1 29
-5 29
+4 29
+1 29
-1 29
+1 29
cfi=(209)
cfn=(792)
calls=29 1180 
* 36457
+4 145

fl=(191) ./io/../sysdeps/unix/sysv/linux/fstatat64.c
fn=(670) fstatat
153 4
-55 4
+70 6
+1 2

fl=(115) ./string/../sysdeps/x86_64/multiarch/strchrnul.c
fn=(370) strchrnul
31 1
fi=(84)
+2 5
-1 2
+2 3
+2 2
+4 3
+3 4
fe=(115)
-12 1

fl=(190)
fn=(668)
29 4
+1 4
+5 6
cfi=(191)
cfn=(670)
calls=2 153 
* 16

fl=(86) ./string/../sysdeps/x86_64/multiarch/strcmp.c
fn=(300) strcmp
65 2
-24 4
+1 2
-1 4
+1 4
+2 4
+5 6
+3 6
+13 2

fl=(108) ./string/../sysdeps/x86_64/multiarch/strcat.c
fn=(352) strcat
29 1
fi=(101)
+7 2
+1 1
-1 2
+1 2
+2 2
+4 3
+3 3
fe=(108)
-17 1

fl=(166)
fn=(568)
46 1
+1 1
+1 1
+2 1
+1 1
+3 1
+1 1
+1 1
+2 1
+1 1
+1 1
+1 1
+1 1
+1 1
+2 1
+1 1
+12 1
+1 1
219 1
+1 1
+1 1
+1 1
+1 1
+2 1
+1 1
+1 1
+1 2

fl=(81) ./string/../sysdeps/x86/cacheinfo.c
fn=(290) __x86_cacheinfo
86 1
fi=(82) ./string/../sysdeps/x86/cacheinfo.h
-25 1
+3 3
+2 1
+1 1
-1 2
+7 3
+2 1
+1 1
-1 2
+5 2
+2 2
+1 2
+1 2
+2 2
fe=(81)
* 2

fl=(179)
fn=(626)
28 1
+1 7
+1 1

fl=(183)
fn=(646)
181 2
+1 6
+5 2
+1 2
+1 2
+1 2
+69 2
+1 2
+88 2
+1 2
+1 2
+1 65554
+1 2
+1 4

fl=(200)
fn=(716)
34 6107964
+3 2035988
+1 6107772
+5 5089906
-5 64
cfi=(187)
cfn=(656)
calls=64 299 
* 10368

fl=(109) ./string/../sysdeps/x86_64/multiarch/strncase_l.c
fn=(356) strncasecmp_l
31 1
fi=(214)
+1 5
fe=(109)
-1 1

fl=(161)
fn=(528)
96 2
+5 1
-5 1
+5 1
-5 3
+5 3
cob=(2)
cfi=(51)
cfn=(516)
calls=1 0 
* 22
+2 4
cob=(2)
cfi=(51)
cfn=(516)
calls=1 0 
* 22
+2 4
cob=(2)
cfi=(51)
cfn=(516)
calls=1 0 
* 22
+2 4
cob=(2)
cfi=(51)
cfn=(516)
calls=1 0 
* 22
+2 4
cob=(2)
cfi=(51)
cfn=(516)
calls=1 0 
* 22
+4 3
+1 1
+1 6

fl=(173)
fn=(610)
28 1
+2 1
+2 1
cfi=(174) ./setjmp/../sysdeps/x86_64/setjmp.S
cfn=(612) __sigsetjmp
calls=1 -2 
* 31

fl=(158)
fn=(514)
50 2
+1 2
-1 4
+1 3
cob=(2)
cfi=(51)
cfn=(516)
calls=1 -51 
* 884
+2 4
cob=(2)
cfi=(51)
cfn=(516)
calls=1 -53 
* 23
+2 6

fl=(170)
fn=(586)
242 12
343 3
+1 3
cfi=(171)
cfn=(588)
calls=1 69 
* 71
+25 6
+6 2
-3 2
+10 2
cob=(2)
cfi=(51)
cfn=(602)
calls=1 0 
* 880
+2 2
+8 4
cfi=(172)
cfn=(608)
calls=1 29 
* 9796234505
128 2
+6 3
+1 6
cob=(2)
cfi=(51)
cfn=(592)
calls=1 0 
* 7
* 1
+3 1
+1 2
+3 2
+1 2
-1 1
+2 7
+1 4
cob=(6)
cfi=(169)
cfn=(596)
calls=1 0 
* 12
-1 4

fl=(105) ./string/../sysdeps/x86_64/multiarch/strcasecmp.c
fn=(346) strcasecmp
31 1
fi=(214)
+1 5
fe=(105)
-1 1

fl=(199)
fn=(712)
307 1724
+1 1724
+6 1724
+1 1724
+42 1724
+1 1724
+2 1724
+1 1724
+2 59
+4 59
+16 59
+1 59
+1 59
+1 59
+1 59
+29 1665
+1 1665
+1 1665
+1 1665
+1 1665

fn=(744)
294 16985
+1 16985
+1 16985
+1 16985
+17 16985
+1 16985
+42 16985
+1 16985
+2 16974
+1 16974
+2 174
+4 174
+1 158
+1 158
+1 158
+1 158
+1 43
+1 43
+2 43
+2 43
-2 115
+2 115
+6 16
+1 16
+1 16
+1 16
+1 16
+7 11
+1 11
+1 11
+1 11
+2 11
+17 16800
+1 16800
+1 16800
+1 16800
+1 16800

fl=(211)
fn=(798)
163 116
+3 232
+2 116
+9 1446
+9 116

fl=(156)
fn=(510)
38 2
+1 7
+1 1

fl=(87) ./wcsmbs/../sysdeps/x86_64/multiarch/wcsnlen.c
fn=(302) wcsnlen
29 1
fi=(88)
+5 4
-1 2
+2 3
+2 2
+4 3
+3 3
fe=(87)
-15 1

fl=(99) ./wcsmbs/../sysdeps/x86_64/multiarch/wcscmp.c
fn=(332) wcscmp
30 1
fi=(95)
+3 5
-1 2
+2 3
+2 2
+4 3
+3 4
fe=(99)
-13 1

fl=(177)
fn=(802) unlink_chunk.constprop.0
1626 46040
+2 230200
+3 92080
+1 46040
-1 138120
+3 184160
+3 46040
+1 46040
+1 92080
+24 92080

fn=(630) tcache_init.part.0
3235 3
+9 8
+1 3
cfn=(632) _int_malloc
calls=1 1343 
* 367
* 1
+1 2
+8 4
+7 2
+2 1
+1 2
-1 1
+1 86
+3 4

fn=(634) sysmalloc
2548 639
+20 284
+11 142
+1 213
+26 71
+1 213
+1 71
+9 564
+6 213
+3 213
2941 142
+1 71
+5 142
+3 142
+5 142
-2 71
+2 71
-1 71
+1 71
-3 71
+3 71
+1 71
-1 213
+1 71
+2 142
+6 781
2687 142
+9 284
+13 213
+8 355
+8 142
+21 36
+6 63
cfn=(808) sysmalloc_mmap_fallback.constprop.0
calls=9 2508 
* 473
+2 18
-2 9
+2 9
+4 9
+14 27
-10 18
+2 142
+2 213
+6 280
+1 61
2946 61
2773 183
+2 20
+92 18
-65 9
+84 18
+10 10
-1 10
+1 30
+1 10
+11 20
+7 18
+1 27
+8 9
+2 9
+5 18
+2 8
cfn=(764) _int_free
calls=2 4421 
* 128
* 2
+8 2
+5 4
fi=(178)
565 71
fe=(177)
2727 71
cfi=(180)
cfn=(638)
calls=71 25 
* 3103
+1 142
-1 71
+1 71
2028 62
2729 62
2028 62
2729 62
2028 124
2730 71
+3 142
+33 124
2610 124
2775 2
+40 3
+22 1
+1 1
-1 1
+1 6
+2 2
+1 3
cfi=(180)
cfn=(638)
calls=1 25 
* 28
+12 2
-12 1
+12 1
2028 4
2897 4
2765 2
-36 18
-16 3

fn=(764)
4421 15633704
+10 1954213
-10 5862639
+10 3908426
+6 9771065
+1 3908426
+4 7816852
+8 9771065
-1 3908426
+1 3908426
+29 1954213
-20 1954213
-6 1954213
+6 3908426
+20 7816852
+14 1356234
+11 2712468
+2 2034351
2012 2034351
4527 678117
+1 678117
+4 2034351
+2 2034351
+4 1356234
+2 2712468
+1 678117
+19 2710820
4702 21496343
3181 1276096
+4 1276096
-4 1276096
+2 5104384
+1 1276096
+1 1276096
4482 1276096

fn=(808)
2508 63
+4 9
-4 18
+7 18
+1 5
+3 18
+5 9
-1 18
+3 72
cfi=(212)
cfn=(810)
calls=9 47 
* 81
* 9
+3 18
+4 18
+7 9
+2 9
+2 63
2028 36

fn=(620)
3624 4
+10 2
-10 8
+10 16
+8 4
+3 6
+2 6
+32 6
cfn=(632)
calls=2 1343 
* 292
+2 10
fi=(178)
162 6
fe=(177)
3681 4
+3 6
+14 4
+11 2
+5 2
-2 4
-3 2
+12 8
-20 8
+31 2
+2 4
+2 4
fi=(178)
315 1
cfn=(624)
calls=1 -2 
* 1128
* 1
fe=(177)
3657 2
+1 6
+7 2
+97 2
-25 4
+25 8
-25 2
cob=(2)
cfi=(51)
cfn=(644)
calls=2 0 
* 65590
3241 4
cfn=(630)
calls=1 -6 
* 484
* 1

fn=(632)
1343 637264
3771 318632
1362 318632
3771 2549056
1362 637264
3811 5772
+27 5772
+66 251693
+2 251693
-2 251693
+2 503386
+2 203
+1 406
+6 203
-4 203
+1 203
+1 203
+2 406
+7 812
-1 406
+1 406
3181 203
3927 203
3183 203
3927 203
3181 203
3927 4578
+1 2674
+4 1323
+1 1323
+1 2646
3181 1323
3936 1323
3185 1323
3937 1323
3181 1323
+2 6615
-6 1323
+9 1323
-9 1323
+8 1323
+1 1323
1362 631492
3811 631492
4397 631492
3838 631492
+63 3104
+62 148
+1 12
+1 2886
3838 5772
1362 2886
3843 5772
+2 5772
+2 133870
-6 66935
+9 66935
+1 66935
-1 133870
+1 334675
+5 133870
+1 133870
+7 66935
-1 133870
+1 334675
+5 66935
+1 66935
3183 66935
3870 66935
+5 2325500
3181 930200
+2 465100
+2 465100
-2 930200
+2 465100
-8 465100
+8 465100
3869 465100
+1 2327696
+2 930200
+2 465100
+1 465100
-1 930200
-21 942582
-10 314194
+2 1378823
4399 502980
3903 251490
4399 3269370
3983 251490
+1 251490
-1 502980
-1 502980
+2 502980
-1 4
+1 4
-1 8
-1 8
+2 8
-2 754479
+12 251493
-6 251493
+73 1005972
-67 754480
-6 1
+73 4
-67 216
4158 8444
-91 8444
+91 16888
-91 8444
-74 8444
3181 8444
4067 8444
3181 16888
4025 16888
3183 16888
3997 33776
+1 8444
+2 16888
-3 124488
+1 31122
+2 62244
+1 118698
+2 39566
+1 158264
+2 158264
-10 39566
+12 79132
+1 79132
+2 79132
+11 158264
+31 38951
+1 38951
+4 77902
+29 70308
+2 70308
+1 105462
+1 35154
-1 35154
+57 35154
+2 70308
-2 70308
+2 35154
+7 35154
-9 105462
+9 35154
-7 35154
+1 35154
+1 35154
+6 70308
+2 3504
+7 2628
3994 11974
2005 200805
4413 2867688
2005 203
3944 203
2005 406
4060 3797
+1 3797
-1 3797
+1 7594
+5 3797
-21 3797
+21 3797
+1 15188
+99 102834
3994 102828
4183 494306
+2 12
+3 4
-3 4
+3 8
+68 494306
+1 247153
+1 247153
-1 247153
+1 247153
+1 494306
+1 741459
+5 566268
+16 12932
+2 25864
-4 89786
+8 31961
+3 63922
+2 4020
+1 4020
+1 4020
-2 16080
-27 4020
3181 3797
+2 3797
+2 3797
-4 3797
+2 15188
4071 3797
3184 3797
+1 3797
4071 3797
-48 16884
+1 16870
+5 615
-1 1230
+3 615
-1 615
+1 1230
+1 615
+1 1230
+6 615
+6 615
-6 4305
+2 1845
+1 615
2005 1845
4269 657636
+3 876832
-3 657624
+3 876832
-3 438416
+3 657621
+97 219212
+1 438424
+2 438424
+3 657920
+17 426
+2 142
cfn=(776) malloc_consolidate
calls=71 4715 
* 2719189
+3 71
-1 213
+1 71
-1 71
3904 4644
4299 83823
+3 55882
+2 27941
+3 55882
-3 27941
+3 55882
cfn=(802)
calls=27941 1626 
* 614702
+3 111764
+15 15642
-5 7821
+5 15642
+1 15642
+3 7821
+1 7821
+1 7821
+3 15642
+1 7821
+1 15642
+5 62568
+2 23463
+1 7821
2005 7821
4347 7821
2005 35762
4347 20120
2005 40240
4313 20120
-1 20120
+1 40240
3193 11391
+1 7594
+2 15188
+1 3797
+1 3797
4174 3797
4380 219070
-2 438140
+2 219070
-1 219070
+6 219070
-5 219070
-3 219070
+3 219070
+2 219070
-2 876280
2005 219070
4382 219070
2005 438140
4407 284
cfn=(634)
calls=71 2548 
* 12518
* 71
+1 142
2005 213

fn=(760)
3352 1954211
+4 3908422
-4 1954211
+14 1954211
-14 3908422
+12 1954211
+4 1954211
-4 1954211
+4 3908422
+17 5862633
fi=(178)
162 5862633
fe=(177)
3391 3908422
cfn=(764)
calls=1954211 4421 
* 139308313
+3 1954211
+1 7816844

fn=(674)
3287 12366798
+7 4122266
1343 4122266
+19 8244532
3306 8244532
+3 4122266
+10 955887
+28 1593145
1362 2029761
3304 6089283
+7 6183393
3193 3485008
+1 3485008
+2 1742504
+1 1742504
-1 5227512
+1 1742504
+1 1742504
3347 8712520
-26 1274516
cfn=(632)
calls=318629 1343 
* 57870631
+1 1593145
fi=(178)
162 637258
fe=(177)

fn=(776)
4715 71
+17 71
-17 284
+28 71
-28 213
+15 71
+2 71
+13 142
+1 142
-1 1278
+1 1278
+62 2130
+1 568
-31 97550
+4 79474
+2 39737
+1 79474
+1 79474
+2 79474
-4 9038
+1 18076
+1 18076
+2 18076
+5 48775
+2 48775
-2 97550
+3 48775
+9 146318
-56 97550
+4 146325
+1 195100
+8 48775
-3 97550
+3 48775
-3 48775
+4 48775
-4 48775
+5 48775
-5 48775
+5 97550
+2 97550
+1 9061
+2 9061
-1 9061
+2 36244
+2 54366
cfn=(802)
calls=9061 1626 
* 199342
* 36244
+3 97550
+4 9038
+1 27114
+16 9038
-16 9038
cfn=(802)
calls=9038 1626 
* 198836
* 27114

fl=(210)
fn=(796)
51 116
+2 116
+1 116
+1 116
+1 116
+1 116
+3 116
+1 116
+4 116
+1 116
+1 116
+1 116
+1 116
+1 116
+1 116
+1 116
+6 116
+1 232

fl=(181)
fn=(640)
37 144
+6 72
-6 72
+3 72
-3 144
+3 72
+3 72
+20 1
+15 315
-20 144
+1 2
cfi=(182)
cfn=(642)
calls=1 -24 
* 9
* 2
+4 1
-1 144
+4 284
+8 71
cfi=(182)
cfn=(642)
calls=71 -39 
* 657
* 142
-14 9
+18 45

fl=(198)
fn=(708)
50 18570
+13 18570
+1 18570
+1 18570
+3 18570
+2 18570
+1 18570
+3 18570
+1 18570
+8 18570
+1 18570
+1 18570
+5 37140

fl=(128) ./string/../sysdeps/x86_64/multiarch/rawmemchr.c
fn=(408) rawmemchr
31 1
fi=(124)
+4 5
-1 2
+2 3
+5 2
-3 2
+9 3
+3 4
fe=(128)
-19 1

fl=(193)
fn=(688)
97 1423150
+1 4269450
cfi=(194)
cfn=(690)
calls=1423150 225 
* 219725926

fl=(184)
fn=(650)
25 9866259
+4 758943
+1 1517886
-1 1517886
+1 758943
-1 758943
+1 758943
-1 758943
+1 758943
-1 758943
+1 758943
cfi=(185)
cfn=(652)
calls=758943 278 
* 1248535587
+4 3794715

fl=(118) ./string/../sysdeps/x86_64/multiarch/strlen.c
fn=(380) strlen
29 1
fi=(84)
+4 5
-1 2
+2 3
+2 2
+4 3
+3 4
fe=(118)
-14 1

fl=(100) ./string/../sysdeps/x86_64/multiarch/stpncpy.c
fn=(336) stpncpy
31 1
fi=(101)
+5 2
+1 1
-1 2
+1 2
+2 2
+4 3
+3 3
fe=(100)
-15 1

fl=(167) ./libio/./libio/vtables.c
fn=(570) check_stdfiles_vtables
83 1
+1 4
+1 3
+1 3
+2 1

fl=(174)
fn=(612)
30 1
+2 1
+9 1
+1 2
+1 1
+4 1
+1 1
+1 1
+1 1
+1 1
+2 2
+2 1
+1 1
+1 1
+2 2
+2 1
+5 1
+1 1
+17 1
cfi=(175)
cfn=(614)
calls=1 -56 
* 9

fl=(192)
fn=(684)
25 3640
+1 21840
+1 3640

ob=(1)
fl=(38) ./elf/./elf/dl-hwcaps.c
fn=(108) _dl_important_hwcaps
175 5
+1 1
-1 6
+1 1
-1 1
+1 1
-1 1
+1 1
-1 1
+1 2
cfi=(10)
cfn=(24)
calls=1 405 
* 21
* 1
+2 2
+1 3
+26 2
-26 1
+25 1
cfi=(39) ./elf/../sysdeps/x86_64/dl-hwcaps-subdirs.c
cfn=(110) _dl_hwcaps_subdirs_active
calls=1 29 
* 47
fi=(40) ./elf/./dl-hwcaps.h
54 1
fe=(38)
205 1
-1 1
fi=(40)
56 1
+32 1
+1 1
+1 1
fe=(38)
-35 2
cfi=(41) ./elf/./elf/dl-hwcaps_split.c
cfn=(116) _dl_hwcaps_split_masked
calls=1 -4 
* 13
* 2
fi=(40)
-1 1
+2 2
-2 1
+34 2
+1 2
+1 1
fe=(38)
-32 2
-1 2
+1 2
+1 2
-1 2
-3 4
cfi=(41)
cfn=(116)
calls=2 -4 
* 114
* 2
cfi=(41)
cfn=(116)
calls=1 -4 
* 122
* 6
+48 5
fi=(28) ./elf/../include/rtld-malloc.h
-47 1
cfi=(27) ./elf/./elf/dl-minimal-malloc.c
cfn=(76) __minimal_malloc
calls=1 -21 
* 25
fe=(38)
+47 1
+2 2
+3 2
fi=(40)
-52 1
fe=(38)
+55 1
-3 1
fi=(40)
-54 2
+3 1
fe=(38)
+58 2
cfi=(41)
cfn=(122) _dl_hwcaps_split
calls=1 -90 
* 12
* 2
fi=(40)
-61 1
+2 2
-2 1
+34 2
+1 2
+1 1
fe=(38)
+40 4
+1 2
-1 6
+2 2
+1 2
-2 6
-3 4
cfi=(41)
cfn=(116)
calls=2 -77 
* 114
* 2
cfi=(41)
cfn=(116)
calls=1 -77 
* 122
* 6
+8 2
+9 1
-15 1
+15 2
-15 1
+15 8
+9 2
+4 7
cfi=(43) ./string/../sysdeps/x86_64/memcmp.S
cfn=(124) bcmp
calls=1 22 
* 41
+1 2
+1 1
+4 1
+1 2
+1 1
-20 2
+19 1
+1 1
-20 2
-1 4
+70 1
+1 1
+4 1
-5 2
+1 4
+4 2
-4 1
+4 4
+1 1
-1 1
+1 2
+1 2
-2 5
+1 1
-1 1
+1 2
+1 2
-2 5
+5 1
+3 2
-3 2
+3 15
+7 1
-7 2
+2 3
+1 4
+2 1
fi=(219) ./elf/../sysdeps/x86/dl-hwcap.h
57 1
fe=(38)
233 2
fi=(219)
57 1
fe=(38)
233 2
fi=(219)
57 1
fe=(38)
233 1
+1 1
cfi=(22) ./string/../sysdeps/x86_64/multiarch/strlen-vec.S
cfn=(60) strlen
calls=1 41 
* 17
+1 1
+1 1
-6 1
+4 1
+1 1
-5 1
+5 1
+1 1
-1 2
-5 4
+10 3
-2 3
+2 1
+1 1
+1 1
-1 1
+4 4
+1 1
-1 1
+4 2
+4 1
-1 1
+1 4
-1 2
+4 3
+1 3
+19 10
+6 2
fi=(28)
56 1
cfi=(27)
cfn=(76)
calls=1 -21 
* 25
* 1
fe=(38)
283 2
+8 1
fi=(40)
54 1
+2 1
+34 1
-2 2
fe=(38)
-5 1
291 1
fi=(40)
54 1
+35 1
fe=(38)
291 1
fi=(40)
90 1
fe=(38)
-10 2
cfi=(41)
cfn=(116)
calls=1 -29 
* 13
* 2
fi=(40)
-26 2
+2 1
fe=(38)
+27 1
fi=(40)
-29 1
+34 2
+1 2
+1 1
fe=(38)
-8 2
+1 4
+7 2
-7 10
cfi=(29) ./string/../sysdeps/x86_64/multiarch/memmove-vec-unaligned-erms.S
cfn=(128) mempcpy
calls=2 199 
* 26
+4 2
+2 2
+2 2
-2 4
-9 4
cfi=(41)
cfn=(116)
calls=2 -29 
* 114
* 2
cfi=(41)
cfn=(116)
calls=1 -29 
* 122
* 6
304 1
+2 1
-2 1
-48 2
+72 1
-72 1
376 2
+13 2
-58 1
+45 1
+13 1
-58 1
-75 1
+82 1
+10 2
-92 1
+88 1
+4 3
-4 1
+3 7
-3 2
-3 1
+3 1
cfi=(29)
cfn=(128)
calls=1 199 
* 18
* 2
-3 1
+3 1
cfi=(29)
cfn=(128)
calls=1 199 
* 18
* 2
+3 2
-3 4
+3 5
+1 12
+1 2
-2 1
+2 1
cfi=(29)
cfn=(128)
calls=1 199 
* 15
* 2
-2 2
+5 8
cfi=(29)
cfn=(128)
calls=2 199 
* 30
* 4
+2 5
+5 6
+1 1
-1 3
+1 7
-1 25
+5 11
+4 1
-1 1
+1 2
-4 12
+4 2
-1 2
+1 13
-1 9
+1 18
+1 24
-1 12
-1 12
+2 24
-1 24
-1 24
+4 9
+3 1
+2 2
-1 1
-1 1
+2 1
-2 1
+2 2
-1 1
+1 2
+2 6
+1 2
+3 2
-6 2
+6 3
+7 8
+1 1
-1 2
+3 2
-3 3
+1 3
-1 6
+3 6
+3 4
-80 2
+86 9
-20 1
+1 2
-6 3
259 2
+1 2
+1 4
-1 3
+12 4
-44 2
+34 4
-2 3

fl=(49)
fn=(606)
117 1
+1 4

fn=(154) _dl_audit_activity_map
28 6
+2 1
-1 1
+1 2
+6 6

fn=(206) _dl_audit_objopen
76 3
+1 12

fn=(532) _dl_audit_activity_nsid
40 2
+4 1
-4 1
+4 1
-4 1
+4 1
-4 2
+4 1
+1 1
+1 4
+4 6

fl=(24) ./elf/../sysdeps/nptl/dl-tls_init_tp.c
fn=(84) rtld_mutex_dummy
42 10
+2 20

fn=(66) __tls_pre_init_tp
53 3
+3 8
+5 1
-5 1
+5 1
+1 1
-6 1
+8 1

fn=(266) __tls_init_tp
68 2
fi=(220) ./elf/../include/list.h
-24 1
fe=(24)
+24 1
fi=(220)
-25 1
fe=(24)
+26 1
+3 1
fi=(220)
-29 1
+1 1
+1 1
+2 1
fe=(24)
+28 4
+1 2
+1 1
+5 2
+5 1
+6 1
-3 1
+3 1
-6 3
+6 1
+13 3
fi=(76) ./elf/../sysdeps/unix/sysv/linux/rseq-internal.h
-72 1
fe=(24)
+72 1
cfi=(10)
cfn=(24)
calls=1 405 
* 20
fi=(76)
-74 3
+2 6
+3 2
+3 1
fe=(24)
+83 3
+7 2
+2 1
+1 1
+1 3

fl=(73) ./malloc/./malloc/scratch_buffer_set_array_size.c
fn=(240) __libc_scratch_buffer_set_array_size
30 30
+4 3
+1 6
+11 3
-1 6
+18 12

fl=(7) ./elf/./elf/dl-minimal.c
fn=(494) lookup_malloc_symbol
61 8
+3 4
-3 16
+3 4
-3 4
+3 8
-1 4
+1 12
cfi=(79) ./elf/./elf/dl-lookup.c
cfn=(280) _dl_lookup_symbol_x
calls=4 840 
* 2280
+4 28
+1 28
+2 4
fi=(150) ./elf/./dl-sym-post.h
-30 8
+12 12
fe=(7)
+19 20

fn=(136) strsep
239 2
+3 4
+2 2
+1 4
+4 33
+7 84
-2 56
+13 1
+4 4
-22 14
+15 14
-15 30

fn=(490) __rtld_malloc_init_real
76 2
+10 1
fi=(149) ./elf/../sysdeps/generic/dl-hash.h
-41 1
fe=(7)
+31 1
fi=(149)
-32 1
fe=(7)
+32 5
+11 1
-1 1
fi=(149)
-43 1
+5 3
+14 4
-17 3
+3 15
+14 20
-17 15
fe=(7)
+46 2
fi=(149)
-24 1
fe=(7)
+22 1
+2 2
fi=(149)
-19 1
fe=(7)
+19 1
cfn=(494)
calls=1 -30 
* 619
+1 3
-1 1
+1 1
cfn=(494)
calls=1 -31 
* 619
+1 3
-1 1
+1 1
cfn=(494)
calls=1 -32 
* 605
+1 3
-1 1
+1 1
cfn=(494)
calls=1 -33 
* 597
+5 1
+1 1
+1 1
+1 1
+1 7

fn=(12) __rtld_malloc_init_stubs
42 1
+1 2
+1 2
+1 2
+1 2
+1 1

fl=(54) ./elf/./elf/dl-misc.c
fn=(174) _dl_name_match_p
68 234
+1 78
cfi=(32) ./string/../sysdeps/x86_64/strcmp.S
cfn=(90) strcmp
calls=39 +39 
* 1305
* 78
+3 39
+2 78
+6 39
-6 78
+1 141
cfi=(32)
cfn=(90)
calls=47 +33 
* 1736
* 94
+8 8
-13 8
+13 55
-1 31
+1 93

fn=(224) _dl_sysdep_read_whole_file
36 2
+3 1
-3 6
+3 1
-3 1
+3 1
cfi=(55) ./io/../sysdeps/unix/sysv/linux/open64_nocancel.c
cfn=(178) __open_nocancel
calls=1 -11 
* 19
+1 2
+23 7
-21 4
cfi=(58) ./io/../sysdeps/unix/sysv/linux/fstat64.c
cfn=(190) fstat
calls=1 -13 
* 15
* 2
+2 2
+3 2
+13 2
cfi=(64) ./io/../sysdeps/unix/sysv/linux/close_nocancel.c
cfn=(204) __GI___close_nocancel
calls=1 -35 
* 6
* 1
-11 6
cfi=(60) ./misc/../sysdeps/unix/sysv/linux/mmap64.c
cfn=(194) mmap
calls=1 -2 
* 9
* 2

fl=(1) ???
fn=(0) 0x0000000000020290
0 2
cfi=(2) ./elf/./elf/rtld.c
cfn=(2) _dl_start
calls=1 527 
0 159108
0 14
cfi=(162) ./elf/./elf/dl-init.c
cfn=(540) _dl_init
calls=1 77 
0 442
0 3
cob=(6)
cfi=(169)
cfn=(584)
calls=1 0 
0 9796235558

fl=(152) ./elf/./elf/dl-lookup-direct.c
fn=(500) _dl_lookup_direct
74 30
+2 3
-2 3
+4 3
-4 3
+2 3
+2 9
+37 3
-37 9
+1 6
+2 12
+3 25
-52 3
+54 6
-54 3
+54 3
-54 9
+1 9
+2 6
+1 6
+12 12
+3 3
+2 3
-2 3
+2 9
cfi=(32)
cfn=(90)
calls=3 +55 
* 207
* 6
+4 6
+1 3
-1 3
+1 18
+1 9
cfi=(32)
cfn=(90)
calls=3 +49 
* 75
* 6
+57 27
-23 6

fl=(71) ./io/../sysdeps/unix/sysv/linux/pread64_nocancel.c
fn=(234) __pread64_nocancel
25 8
+1 16
+1 4

fl=(12) ./elf/./elf/dl-sort-maps.c
fn=(22) _dl_sort_maps_init
281 2
+1 4
cfi=(10)
cfn=(24)
calls=1 405 
* 20
+2 3
-1 1
+2 2

fn=(248) dfs_traversal.part.0
140 40
+10 5
-2 5
+2 10
+2 12
+3 12
-3 24
+9 10
+15 15
+1 5
+1 30

fn=(246) _dl_sort_maps
290 10
+8 1
-8 1
+8 2
+4 8
-79 2
-37 1
+37 1
-36 4
+1 1
-1 1
+1 1
-1 2
+1 4
-1 4
+1 4
-1 8
+36 15
+8 3
-3 1
+2 1
+1 1
-8 1
+5 1
+3 4
+2 12
+2 5
-90 25
cfn=(248)
calls=5 -5 
* 168
+93 10
+18 2
+13 1
+33 1
-26 4
cfi=(29)
cfn=(80) memcpy
calls=1 -64 
* 19
* 1

fl=(22)
fn=(60)
41 21
+44 21
+1 21
+1 21
+1 21
+1 21
+1 21
+1 21
+2 21
+2 21
+31 20
+1 20
+1 20
+1 20
+1 20
+1 12
+2 12
+4 8
+1 8
+1 8
+1 8
+1 8
+1 8
+1 8
+1 8
+1 8
+1 8
+1 8
+1 8
+5 64
+4 1
+1 14
+1 8

fl=(23) ./elf/../misc/sbrk.c
fn=(62) sbrk
37 5
+3 1
+18 2
+4 2
+16 5

fl=(27)
fn=(144) __minimal_free
95 4
+2 16

fn=(76)
35 145
+1 29
+11 29
-11 58
+11 58
+3 29
-3 29
+3 166
+18 29
+1 29
+2 116
-16 8
+1 4
+2 2
+1 14
cfi=(60)
cfn=(194)
calls=2 -12 
* 18
* 2
+2 4
+2 4
+2 2
+4 2
-4 4
-23 1
-1 1
+1 1
+1 2
-2 2

fn=(72) __minimal_calloc
78 10
+4 10
-4 40
+7 10
+1 30
fi=(28)
-30 10
cfi=(27)
cfn=(76)
calls=10 -21 
* 285
fe=(27)

fl=(43)
fn=(124)
22 1
+5 1
+1 1
+1 1
+1 1
+1 1
+1 1
+1 1
+1 1
+3 1
+1 1
+1 1
+1 1
+1 1
+1 1
+1 1
+1 1
+1 1
+2 1
+1 1
+17 1
+1 1
+17 1
+1 1
+1 1
+1 1
+1 1
+4 1
+47 1
+1 1
+1 1
+1 1
+1 1
+1 1
+1 1
+1 1
+1 1
+1 1
+1 1
+1 1
+1 1

fl=(53) ./setjmp/../sysdeps/x86_64/setjmp.S
fn=(168) __sigsetjmp
30 6
+2 6
+9 6
+1 12
+1 6
+4 6
+1 6
+1 6
+1 6
+1 6
+2 12
+2 6
+1 6
+1 6
+2 12
+2 6
+8 6
+3 6
+1 6
+7 6
+1 6

fl=(15) ./elf/../sysdeps/x86/dl-get-cpu-features.c
fn=(32) _dl_x86_init_cpu_features
37 1
+2 3
+2 1
cfi=(16) ./elf/../sysdeps/x86/cpu-features.c
cfn=(34) init_cpu_features.constprop.0
calls=1 399 
* 7219

fn=(502) __x86_cpu_features
71 1
-32 3
+32 2

fl=(45) ./string/./string/strdup.c
fn=(140) strdup
40 20
+1 4
cfi=(22)
cfn=(60)
calls=4 * 
* 122
* 4
fi=(221) ./string/../include/rtld-malloc.h
+15 8
cfi=(27)
cfn=(76)
calls=4 -21 
* 100
fe=(45)
-12 8
+4 4
-1 12
+1 8
-1 4
cfi=(29)
cfn=(80)
calls=4 212 
* 52

fl=(26) ./elf/./elf/dl-object.c
fn=(82) _dl_add_to_namespace_list
31 8
+2 4
-2 8
+2 4
-2 8
+2 4
cfi=(24)
cfn=(84)
calls=4 +9 
* 12
+2 31
+3 36
+2 3
+2 3
+4 3
+4 3
-4 6
+1 3
+4 3
-4 3
+1 3
+3 3
-3 3
+3 3
-1 3
cfi=(24)
cfn=(84)
calls=3 -8 
* 9
-4 1
+4 1
-4 2
+1 1
+4 1
-4 1
+1 1
+3 1
-3 1
+3 1
-1 1
cfi=(24)
cfn=(84)
calls=1 -8 
* 3
-5 2

fn=(70) _dl_new_object
59 56
+3 8
+18 3
+3 3
-3 3
+3 3
cfi=(22)
cfn=(60)
calls=3 -42 
* 69
+4 6
-4 6
+9 6
fi=(28)
-48 9
cfi=(27)
cfn=(72)
calls=3 +34 
* 136
fe=(26)
+48 1
fi=(28)
-48 3
cfi=(27)
cfn=(72)
calls=1 +34 
* 43
* 4
fe=(26)
+51 8
+5 4
-2 4
+6 4
-4 4
+4 4
-5 4
+4 4
+1 4
-1 4
+1 8
cfi=(29)
cfn=(80)
calls=4 212 
* 55
* 8
+2 4
+13 8
+6 1
+2 7
+3 2
-3 21
+3 6
+9 4
-7 4
+4 4
+3 17
+2 1
-2 3
+2 15
-2 45
+16 8
-5 4
+5 4
-6 4
+6 4
-6 4
+6 8
+2 6
+3 6
-3 6
+7 12
+4 6
+8 2
+3 2
+10 3
-10 6
+10 9
+2 3
+21 3
-21 3
cfi=(22)
cfn=(60)
calls=3 41 
* 105
* 9
+17 3
-13 9
+50 9
cfi=(29)
cfn=(128)
calls=3 -46 
* 47
* 3
+5 6
+1 6
-1 100
+1 100
+2 6
+3 3
+3 3
+4 36
131 11
-12 6
+34 1
+7 4
+8 12
fi=(28)
56 6
cfi=(27)
cfn=(76)
calls=3 -21 
* 75
* 3
fe=(26)
200 12
64 2
+2 3
+1 2
+10 5
-6 2

fl=(162)
fn=(540)
77 12
+1 1
+1 1
+3 3
+8 2
+25 1
+1 5
+1 2
-86 4
+86 8
-86 16
+2 26
cfn=(542) call_init.part.0
calls=4 -7 
* 265
+83 15
+7 8
-92 4
+2 6
cfn=(542)
calls=1 -7 
* 61
+52 2

fn=(542)
26 40
+13 5
-13 5
+16 5
-3 10
+3 10
+5 8
+8 12
+1 12
cob=(2)
cfi=(51)
cfn=(572)
calls=1 -56 
* 7
cob=(2)
cfi=(51)
cfn=(544)
calls=1 -56 
* 26
+3 4
+1 8
+6 4
+2 4
-2 2
+3 13
+1 4
cob=(3)
cfi=(167)
cfn=(570)
calls=1 +13 
* 12
* 8
cob=(4)
cfi=(168)
cfn=(576)
calls=1 -70 
* 12
cob=(3)
cfi=(164)
cfn=(562)
calls=1 -24 
* 74
-1 9
+3 30
-29 2

fl=(10)
fn=(24)
405 34
+3 238
+9 34
-9 130
+9 10
+17 170
+2 34
-9 24
+1 24

fn=(18) __GI___tunables_init
282 9
-9 7
71 98
+6 31
-3 31
+3 2237
-3 31
-3 62
357 8
81 62
+5 93
fi=(11) ./elf/./elf/dl-tunables.h
+54 31
fe=(10)
-54 31
fi=(11)
+54 31
+1 82
-1 70
+1 20
-1 31
+1 62
fe=(10)
323 124
-18 4340
+6 6820
fi=(11)
140 279
+1 558
-1 19
+1 76
-1 95
fe=(10)

fn=(54) __GI___tunable_set_val
157 15
-55 5
+55 5
-55 5
+55 5
-55 35
+9 5
+1 5
fi=(222) ./elf/./dl-tunable-types.h
-22 10
fe=(10)
+22 20
+1 40
fi=(11)
+8 10
+1 5
fe=(10)
-6 15
fi=(11)
+15 5
fe=(10)
-12 10
+4 10
+7 10
+1 10
+3 30
+1 5
+1 5
+1 5
+24 5
fi=(11)
-30 15
fe=(10)

fl=(60)
fn=(194)
47 32
+3 32
+8 64
+2 16

fl=(77) ./elf/../sysdeps/x86/dl-cet.c
fn=(270) _dl_cet_check
252 8
42 1
+9 1
-10 1
+4 1
-4 1
+3 1
+4 2
+1 2
-1 2
+14 2
254 8

fl=(2)
fn=(156) handle_preload_list
894 10
+5 1
-5 2
+5 2
+6 1
-64 1
+54 3
+7 3
cfi=(50) ./string/../sysdeps/x86_64/strcspn.S
cfn=(158) strcspn
calls=1 25 
* 233
* 1
+1 3
+9 1
191 1
914 2
191 2
916 2
-80 1
+5 5
-10 1
+8 1
-4 1
+1 1
+1 1
+4 1
cob=(2)
cfi=(51)
cfn=(160)
calls=1 0 
* 2784
+1 3
+8 3
+67 1
-18 2
+21 9
-15 4
cfi=(29)
cfn=(80)
calls=1 212 
* 19
+1 2

fn=(170) map_doit
663 2
+2 1
-2 1
+2 1
+1 2
-1 2
+1 3
cfi=(31) ./elf/./elf/dl-load.c
cfn=(172) _dl_map_object
calls=1 2022 
* 2683
* 1
+2 2

fn=(64) dl_main
1320 2
205 1
311 1
1320 2
2818 1
1320 3
2829 1
1320 2
2698 1
1320 2
311 1
1320 3
207 1
310 1
205 1
+99 3
1332 1
cfi=(24)
cfn=(66)
calls=1 53 
* 17
2677 3
+6 5
-4 1
+4 1
+2 3
cfi=(25) ./elf/./elf/dl-environ.c
cfn=(68) _dl_next_ld_env_entry
calls=1 28 
* 35
* 4
cfi=(25)
cfn=(68)
calls=2 28 
* 186
* 9
+4 6
-2 2
+2 6
+1 2
-1 6
+1 17
-1 89
+9 12
2845 4
+32 2
1348 1
+1 2
-1 2
+1 2
2774 3
+1 3
-56 2
+7 2
1627 9
cfi=(26)
cfn=(70)
calls=1 59 
* 230
* 1
+2 2
+1 1
+6 2
-6 1
+1 2
+1 3
+4 1
cfi=(26)
cfn=(82)
calls=1 31 
* 36
+1 2
1140 1
1326 1
1169 1
-29 1
+11 1
+18 2
-21 1
+21 1
-19 1
-4 1
+23 1
-21 1
+21 2
+57 1
-83 1
+23 1
+4 1
+19 1
+22 1
+15 5
-56 116
1275 4
+2 1
1169 18
fi=(30) ./elf/../sysdeps/x86/dl-prop.h
105 2
fe=(2)
1282 22
+6 4
cfi=(31)
cfn=(88) _dl_process_pt_gnu_property
calls=1 868 
* 20
-7 26
+1 13
+6 13
-6 26
fi=(30)
212 4
+1 2
95 8
+10 2
212 1
105 1
-2 1
-3 1
+2 1
+3 1
-4 2
+92 4
-1 1
-87 3
+3 3
+1 2
+1 2
+4 3
+4 3
+3 3
+1 2
+4 1
+1 4
+58 3
+2 4
-56 4
+1 2
+3 4
+3 2
+1 8
+5 4
+2 4
+5 4
+14 2
-1 4
+2 2
fe=(2)
1174 1
-5 1
+5 2
-5 2
+30 1
-9 1
+27 1
-27 1
+2 1
-3 1
+10 2
-20 2
-10 1
+10 1
+1 9
-11 2
+57 4
-1 4
+1 8
-1 4
+2 8
+1 1
+2 12
+1 14
+4 8
+1 8
+1 4
+1 10
+1 1
+4 1
-74 1
+74 2
-74 2
+74 3
-74 3
+74 6
-74 6
fi=(30)
165 2
fe=(2)
1271 1
1169 1
1271 1
1169 2
1294 1
+3 2
+2 1
-5 2
+3 2
+2 2
+2 2
1662 3
+2 1
-1 1
+1 2
+1 2
-2 1
+2 1
-2 2
cfi=(32)
cfn=(90)
calls=1 108 
* 34
* 2
+7 1
+3 1
-5 1
+3 1
+2 1
+1 2
+4 2
+2 2
fi=(3) ./elf/./get-dynamic-info.h
39 3
+6 1
-2 1
+2 2
+9 1
+5 1
+3 1
+2 1
-3 1
-3 1
-3 17
+13 5
-23 20
+23 22
-23 88
+4 54
+5 24
+2 5
+16 3
+25 3
+5 2
+7 2
+1 3
+22 3
+5 2
+2 2
+2 2
+2 2
+1 1
+3 3
+2 3
+1 2
+9 2
+6 2
+1 2
+3 2
fe=(2)
1688 3
+7 2
cfi=(8) ./elf/./elf/dl-setup_hash.c
cfn=(14) _dl_setup_hash
calls=1 25 
* 29
+3 2
fi=(33) ./elf/./setup-vdso.h
24 2
fi=(35) ./elf/../sysdeps/unix/sysv/linux/dl-vdso-setup.h
+21 1
fe=(2)
1723 1
cfi=(13) ./elf/../sysdeps/unix/sysv/linux/dl-sysdep.c
cfn=(100) _dl_discover_osversion
calls=1 46 
* 109
* 8
fi=(37) ./elf/./dl-main.h
109 5
cfi=(31)
cfn=(106) _dl_init_paths
calls=1 706 
* 2926
fe=(2)
1731 3
cfi=(46) ./elf/./elf/dl-debug.c
cfn=(146) _dl_debug_initialize
calls=1 56 
* 30
+7 1
-7 1
+2 1
+5 1
+4 1
+3 1
-3 3
+1 2
+3 1
+5 1
-7 1
+7 1
+1 3
+12 2
+1 2
+5 1
-3 2
+2 1
+1 2
+5 3
+1 5
-1 2
233 1
-1 1
+1 3
+1 2
-2 1
+2 2
1793 2
+5 1
-1 1
+1 1
+24 1
cfi=(47) ./elf/../elf/dl-tls.c
cfn=(148) _dl_count_modids
calls=1 197 
* 6
* 1
fi=(48) ./elf/../sysdeps/generic/dl-debug.h
29 3
+1 2
fe=(2)
1828 2
+1 1
cfi=(46)
cfn=(152) _dl_debug_state
calls=1 116 
* 2
+1 1
+4 3
cfi=(49)
cfn=(154)
calls=1 28 
* 16
+5 3
+2 1
+2 2
+9 2
+16 4
cfi=(65) ./io/../sysdeps/unix/sysv/linux/access.c
cfn=(208) access
calls=1 25 
* 9
* 2
+76 4
+16 3
85 1
1970 1
85 2
1970 2
85 1
1970 5
cfi=(66) ./elf/./elf/dl-deps.c
cfn=(210) _dl_map_object_deps
calls=1 159 
* 14482
92 1
1976 1
92 2
+9 2
1976 2
+1 5
-1 4
+1 8
-1 16
+4 4
+1 3
+1 1
+2 2
+1 4
-1 13
+1 12
+12 3
+1 2
+2 1
+2 3
+2 1
-4 1
+5 1
-1 2
+14 2
+1 2
+1 3
+11 2
+2 1
-2 1
+2 2
-2 1
+1 2
+1 1
-1 2
+1 1
cfi=(52)
cfn=(250) _dl_receive_error
calls=1 238 
* 6990
+10 2
+1 2
+3 2
862 1
fi=(223) ./elf/../sysdeps/unix/sysv/linux/dl-osinfo.h
64 2
fe=(2)
864 1
+6 1
+3 1
+7 1
-5 1
2052 3
2282 3
1778 2
+6 1
-6 2
+6 1
+2 3
fi=(30)
198 4
+2 1
+1 1
+2 1
-3 3
+3 1
fi=(3)
59 4
+3 4
+2 4
fi=(34) ./elf/../sysdeps/unix/sysv/linux/dl-vdso.h
-24 1
+1 2
fe=(2)
2331 1
1325 1
2342 1
-4 2
+10 1
-6 1
+6 1
+3 2
+8 1
fi=(30)
36 1
fe=(2)
2359 1
fi=(30)
37 3
+3 1
+13 7
-13 4
+9 8
-9 1
+9 25
+4 20
-16 15
+34 3
cfi=(77)
cfn=(270)
calls=1 252 
* 30
fe=(2)
2361 2
+54 3
+3 1
85 4
2422 1
+1 22
+2 10
+5 10
+2 10
+6 5
+2 15
+1 32
cfi=(78) ./elf/./elf/dl-reloc.c
cfn=(272) _dl_relocate_object
calls=4 194 
* 92750
+4 12
+1 2
-23 1
+23 1
cfi=(47)
cfn=(412) _dl_add_to_slotinfo
calls=1 1015 
* 28
-23 6
92 3
+1 1
2454 1
93 1
2454 1
+5 4
+2 1
+7 3
cfi=(47)
cfn=(480) _dl_allocate_tls_init
calls=1 528 
* 146
+3 2
fi=(3)
72 2
+10 3
+1 4
+1 4
+1 4
+2 4
+5 4
+1 4
+1 5
fi=(35)
-64 3
+3 1
+3 1
+3 1
fi=(34)
+16 2
fe=(2)
2434 1
+1 1
-3 2
+49 3
+2 4
+10 1
cfi=(147) ./elf/./elf/dl-find_object.c
cfn=(482) _dl_find_object_init
calls=1 561 
* 713
+5 2
cfi=(7)
cfn=(490)
calls=1 76 
* 2548
+3 1
cfi=(151) ./elf/../sysdeps/nptl/dl-mutex.c
cfn=(498) __rtld_mutex_init
calls=1 30 
* 415
85 1
2507 1
+1 3
85 3
2508 2
cfi=(78)
cfn=(272)
calls=1 194 
* 5070
92 3
+9 2
2516 3
cfi=(153) ./elf/./elf/dl-call-libc-early-init.c
cfn=(504) _dl_call_libc_early_init
calls=1 27 
* 1353
+7 1
cfi=(9) ./elf/../elf/dl-sysdep.c
cfn=(530) _dl_sysdep_start_cleanup
calls=1 262 
* 2
+4 3
cfi=(49)
cfn=(532)
calls=1 40 
* 21
+5 2
cfi=(46)
cfn=(186) _dl_debug_update
calls=1 38 
* 7
+1 1
-1 1
+2 1
cfi=(46)
cfn=(152)
calls=1 116 
* 2
+1 1
+4 1
cfi=(68) ./elf/./elf/dl-cache.c
cfn=(534) _dl_unload_cache
calls=1 537 
* 18
+5 8
1741 4
1995 2
+50 2
cfn=(258) init_tls
calls=1 756 
* 789
* 2
2726 4
+2 2
+1 1
+46 2
+2 1
+1 1
-1 1
+1 1
+1 1
85 1
1847 1
85 2
1847 1
85 1
1847 2
cfn=(156)
calls=1 894 
* 3107
* 1
92 3
+9 3
1948 16
+1 1
-1 1
+4 3
+1 1
+1 2
+1 2
-7 2
fi=(30)
170 3
-39 2
fe=(2)

fn=(252) version_check_doit
696 3
+2 4
cfi=(75) ./elf/./elf/dl-version.c
cfn=(254) _dl_check_all_versions
calls=1 361 
* 6962
* 2
+4 2

fn=(258)
756 3
+2 1
+4 1
-4 1
+4 2
+11 1
fi=(28)
44 1
fe=(2)
768 1
+4 1
fi=(28)
44 1
cfi=(27)
cfn=(72)
calls=1 +34 
* 36
fe=(2)
783 1
-12 1
+6 1
-9 1
+11 1
+4 1
+2 3
-1 2
+3 10
+4 1
+2 1
-2 2
-5 1
-1 2
+10 3
+3 2
cfi=(47)
cfn=(260) _dl_tls_static_surplus_init
calls=1 97 
* 79
+3 1
cfi=(47)
cfn=(262) _dl_determine_tlsoffset
calls=1 221 
* 76
+7 1
cfi=(47)
cfn=(264) _dl_allocate_tls_storage
calls=1 422 
* 442
* 1
+1 2
+6 1
+3 2
-3 1
+3 6
+3 1
cfi=(24)
cfn=(266)
calls=1 68 
* 75
+1 1
+3 5
-39 4
-1 9

fn=(2)
527 10
85 1
fi=(6) ./elf/../sysdeps/x86_64/dl-machine.h
-40 1
fe=(2)
557 1
-4 1
85 2
556 1
85 1
fi=(3)
-40 1
fe=(2)
556 1
fi=(3)
45 2
+9 1
+5 1
+3 1
+2 1
+4 1
-7 1
-3 1
-3 14
+13 4
-23 16
+23 14
-23 56
+4 36
+5 20
+2 5
+3 4
fi=(4) ./elf/../sysdeps/generic/ldsodefs.h
+21 1
fi=(3)
-8 3
+10 4
+1 4
+1 4
+1 4
+2 4
+5 4
+1 4
+1 4
+3 3
+5 2
+7 3
+1 3
+8 2
+1 2
+5 3
+3 3
fe=(2)
573 1
fi=(6)
71 1
fe=(2)
573 42
fi=(6)
414 1
fi=(5) ./elf/./elf/do-rel.h
86 1
fe=(2)
573 2
fi=(5)
49 1
+37 1
-37 1
+37 1
+2 1
-2 1
+2 1
-2 1
+27 2
-27 1
fe=(2)
573 2
fi=(5)
49 1
+37 1
-37 1
+37 1
+2 1
-2 1
+2 1
-2 1
+27 3
+1 2
fi=(6)
534 2
fi=(5)
114 282
fi=(6)
534 282
+1 142
fi=(5)
113 142
fi=(6)
535 284
fi=(5)
113 284
+5 4
+8 7
fi=(6)
326 12
fi=(5)
126 21
+2 7
+2 7
-2 7
fi=(6)
287 7
fi=(5)
130 7
-2 7
+1 14
fi=(6)
287 14
+9 70
+3 14
+27 33
fe=(2)
573 6
fi=(5)
50 1
fi=(4)
+30 2
fi=(6)
326 2
+20 12
+1 6
fe=(2)
575 1
+13 1
cfi=(7)
cfn=(12)
calls=1 42 
* 10
+4 2
85 1
488 2
85 3
488 1
cfi=(8)
cfn=(14)
calls=1 25 
* 29
+2 2
-1 1
+1 2
+17 1
-15 1
-2 1
+17 1
-15 1
+9 1
-11 1
+17 1
cfi=(9)
cfn=(16) _dl_sysdep_start
calls=1 85 
* 157015
* 1
+2 2
+98 9
fi=(3)
62 4
+2 4
fe=(2)
573 3

fl=(72) ./misc/../sysdeps/unix/syscall-template.S
fn=(236) mprotect
117 30
+5 6

fn=(536) munmap
117 5
+5 1

fl=(79)
fn=(280)
840 1140
+10 114
-10 228
+10 114
-10 114
+10 114
204 114
840 114
204 570
581 456
-1 228
+2 114
-1 114
+1 342
-1 342
+1 1432
-1 1432
+1 4296
-1 4296
+2 114
846 114
-4 114
+1 114
+7 114
-8 114
+1 114
+7 420
+3 114
+2 228
-2 114
+6 228
-7 684
+7 50
+1 1596
cfn=(282) do_lookup_x
calls=114 363 
* 45094
* 342
+28 114
-23 114
+23 114
-23 228
+24 608
+7 104
-7 104
+40 416
+79 208
-65 312
+3 312
-62 114
+69 1026
-86 60
+18 30
+59 2

fn=(284) check_match
70 107
+3 107
-3 1284
+3 422
+13 104
-13 104
+13 104
-13 104
+13 312
+3 364
cfi=(32)
cfn=(90)
calls=39 +19 
* 1832
* 78
+4 104
+1 208
+2 204
+19 204
+1 816
-38 104
+84 624
-18 4
+2 4
+1 2
-1 4
+1 6
-1 4
+16 18
-45 306
cfi=(32)
cfn=(90)
calls=102 -9 
* 2710
* 204
-44 12
+82 6

fn=(282)
363 912
+1 114
-1 570
+48 114
-30 228
-11 114
+41 114
-30 342
+30 114
fi=(80) ./elf/../sysdeps/generic/dl-protected.h
44 342
fe=(79)
381 114
fi=(80)
44 456
fe=(79)
395 1407
+4 469
+4 469
-3 469
+3 1876
+1 1407
+3 469
+1 938
+7 469
-3 938
-2 469
+5 1876
+3 3283
570 1098
374 940
+3 940
+4 948
+4 938
+4 938
+88 208
fi=(4)
137 208
+1 312
fe=(79)
528 208
fi=(80)
29 208
fe=(79)
535 800
+16 208
+1 104
+1 208
422 476
-1 238
+2 238
+2 1380
+13 450
-10 1270
+3 107
-1 214
+1 107
-1 107
+2 214
-1 1284
cfn=(284)
calls=107 70 
* 10466
+4 321
+3 6
573 10
+1 912
-35 24
-70 22
171 77
452 832

fl=(25)
fn=(68)
28 3
+1 3
+3 39
+13 29
-13 58
+2 62
+1 18
+5 2
-3 2
+3 2
+2 2
+7 1

fl=(64)
fn=(204)
25 4
+1 16
+1 4

fl=(19) ./elf/../sysdeps/x86/dl-cacheinfo.h
fn=(52) get_common_cache_info.constprop.0
481 1
+17 1
-17 4
+16 1
-16 1
+15 1
-15 3
+18 1
-1 1
+9 2
+3 3
+11 1
-11 1
-5 1
+21 3
+4 2
681 4
+1 5
+4 2
+9 2
-2 1
+2 2
-1 1
+1 3
535 6
+3 8
+7 2
-7 9
+7 6
+3 26
+14 2
+4 1
+3 1
+1 1
-4 2
+3 3
+6 2
-37 6
+15 2
+4 1
+1 1
-1 2
+18 2
-68 6
+74 4
+8 7
+2 2
+4 3
+2 1
+2 5
-4 1
+16 1
-16 3
+21 2
-21 4
+3 1
+1 4
-4 1
+6 4
+3 2
+5 1
+2 2
+1 1
+1 1
-2 2
+1 1
-19 5
+46 2
+1 1
+1 2
+2 2
-1 3
-23 2
+7 1
+2 2
-16 1
+22 1
-6 2
+1 1
+5 1

fn=(46) handle_intel.constprop.0
255 24
-5 24
+16 12
-16 72
+13 12
+1 36
-3 24
+11 60
+5 24
+2 12
+1 12
-1 12
+5 48
cfn=(48) intel_check_word.constprop.0
calls=12 123 
* 3876
+2 24
+3 60
cfn=(48)
calls=12 123 
* 1156
+2 24
+3 5
cfn=(48)
calls=1 123 
* 20
+2 2
+3 5
cfn=(48)
calls=1 123 
* 255
+2 2
-35 3
+39 3
+5 96

fn=(48)
123 78
-4 78
+10 104
-10 26
+10 52
+2 52
+71 200
-71 102
+2 63
+2 126
+8 126
+51 102
+22 51
fi=(20) ./elf/../bits/stdlib-bsearch.h
28 51
-1 102
+4 102
+1 51
fe=(19)
+78 102
fi=(20)
-79 76
+1 38
fe=(19)
+78 76
+3 345
fi=(20)
-84 820
+2 512
+1 256
fe=(19)
+78 512
+15 15
246 104
fi=(20)
37 63
-8 151
fe=(19)
155 36
+3 36
-6 54
+3 14
+9 14
+23 19
-32 57
+3 57
+4 50
+2 100
+2 50
+2 36
+4 11
+2 22
+6 14
+3 8
+1 12
-8 4
+2 4
-1 4
-1 4
+2 8
-2 4
+3 12
-2 12
+2 8
-10 24
+1 10
+11 12
-26 4
+9 4
+23 2
-32 6
+3 6
+4 8
+2 16
+2 8
-11 3
+7 6
+2 12

fl=(39)
fn=(110)
29 1
fi=(18) ./elf/../sysdeps/x86/get-isa-level.h
+2 1
fe=(39)
+7 1
fi=(18)
-7 2
-1 2
fe=(39)
+22 1
fi=(18)
-20 3
+4 1
fe=(39)
+2 1
fi=(18)
-2 2
+3 4
+1 4
+5 1
fe=(39)
-7 1
fi=(18)
+7 3
fe=(39)
-2 1
fi=(18)
+5 2
+1 3
+2 4
+1 2
+1 2
+6 1
fe=(39)
-11 1
fi=(18)
+11 1
-3 2
fe=(39)

fl=(59) ./io/../sysdeps/unix/sysv/linux/fstatat64.c
fn=(192) fstatat
153 28
-55 28
+70 33
+1 5
-2 18
+1 18

fl=(50)
fn=(158)
25 1
+2 1
+7 1
+1 1
+2 1
+1 1
+1 1
+1 1
+1 33
+3 3
+7 1
+1 1
+1 1
+1 1
+2 1
+1 1
+1 1
+1 1
+2 1
+1 1
+1 1
+9 3
+12 1
+2 1
+1 1
+1 1
-4 12
+2 12
+1 12
+1 12
+2 13
+1 13
+1 13
+2 13
+1 13
+1 13
+2 13
+1 13
+1 13
+2 1
+1 1
+1 1
+2 1
+7 1
+4 1

fl=(36) ./posix/../sysdeps/unix/syscall-template.S
fn=(102) uname
120 5
+2 1

fl=(46)
fn=(152)
116 2
+1 2

fn=(146)
56 1
+3 2
+4 1
-6 1
+4 1
+2 2
+22 2
+5 2
+1 1
+1 1
-1 1
-1 1
+5 2
+4 2
+8 2
-43 2
+32 6

fn=(186)
38 4
+3 4
-1 8
+4 8
+4 4

fl=(66)
fn=(214) openaux
61 15
+7 5
-4 10
+1 5
-1 40
cfi=(31)
cfn=(172)
calls=5 2022 
* 11845
* 5
+5 10

fn=(210)
159 5
+1 3
-1 1
+1 1
-1 2
+1 1
-1 3
+1 1
-1 4
+1 12
-8 1
-7 1
+15 1
-14 1
+6 1
+8 1
-15 1
+7 1
-8 1
+1 1
+7 1
-7 1
+31 3
-28 3
-2 1
+31 1
-33 2
+2 2
+30 2
-30 1
-1 4
+7 4
+24 2
-32 1
+60 1
-60 2
+36 1
fi=(74) ./elf/../include/scratch_buffer.h
77 3
fe=(66)
198 1
fi=(74)
78 1
fe=(66)
200 2
+98 1
198 1
+4 1
+7 1
+4 4
-4 4
+4 16
+11 14
-18 2
+18 4
433 15
+2 3
+3 3
-3 6
+3 3
fi=(28)
56 3
cfi=(27)
cfn=(76)
calls=3 -21 
* 75
* 3
fe=(66)
439 6
+6 3
+1 15
cfi=(29)
cfn=(80)
calls=3 212 
* 33
+1 15
cfi=(29)
cfn=(80)
calls=3 212 
* 33
+4 3
-1 3
+5 20
204 12
458 12
-1 5
+1 10
199 3
+27 15
+5 3
+6 3
-5 3
-1 3
+2 6
+4 12
-31 3
+31 3
+1 9
+6 12
cfi=(31)
cfn=(212) _dl_dst_count
calls=3 -6 
* 150
* 8
cfi=(31)
cfn=(212)
calls=2 -6 
* 108
* 15
+4 10
-2 5
+2 10
cob=(2)
cfi=(51)
cfn=(164)
calls=5 0 
* 12240
+1 10
+9 5
+2 10
+5 15
+6 3
+2 3
-8 6
+3 3
+1 3
+1 3
+1 3
+4 15
+4 15
+1 9
-43 320
+1 154
+44 225
-38 10
fi=(74)
85 3
fe=(66)
464 6
+1 1
+3 4
+11 3
fi=(28)
56 1
cfi=(27)
cfn=(76)
calls=1 -21 
* 25
* 1
fe=(66)
481 2
+5 3
+1 1
-1 2
+4 2
-2 1
+2 1
-2 2
+13 4
+5 4
-16 12
-2 4
+6 4
+7 4
-2 8
-5 1
+7 1
-2 2
+2 2
+5 1
-16 6
+19 2
+52 3
+37 3
+15 1
-11 1
+11 1
-14 2
+20 1
-1 3
+1 3
-1 5
cfi=(12)
cfn=(246)
calls=1 290 
* 330
+5 1
+3 1
-1 1
+2 2
+7 3
+3 3
+3 8
214 32
+3 3
fi=(74)
-86 9
cfi=(73)
cfn=(240)
calls=3 30 
* 60
fe=(66)
+86 6
+4 9
613 2
cfi=(29)
cfn=(80)
calls=1 212 
* 19
* 1
-53 2
160 2
380 8

fl=(8)
fn=(14)
25 5
+3 5
-3 5
+3 10
+3 15
+1 10
+2 5
-1 5
+3 15
+1 5
+4 5
-3 5
+7 5
-4 5
-3 5
+2 10
+5 5
-5 5
-2 5
+7 5
-5 5
+10 5

fl=(32)
fn=(90)
108 257
+33 257
+1 257
+2 257
+1 257
+21 257
+1 257
+1 223
+1 223
+1 188
+1 188
+1 188
+1 188
+21 188
+1 188
+1 188
+1 188
+1 188
+1 188
+1 188
+5 5
+1 15
+9 5
+1 5
+1 5
+1 5
+1 5
+1 5
+1 5
+1 5
-7 69
+1 69
+1 69
+1 69
+1 69
+1 69
+1 69
+1 69
+1 68
+1 32
+1 32
+1 32
+2 32
+1 32
+1 32
+1 32
+1 32
+1 32
-5 36
+1 36
+1 36
+1 36
+1 36
+1 36
+10 6
+1 6
+1 6
+2 6
+6 6
+1 6
+1 6
+1 6
+1 6
+5 6
+2 5
+1 5
+1 10
+8 5
+1 5
+3 5
+1 5
+1 5
+1 5
+1 5
+1 5
568 1
+1 1
+1 1
+1 1
+1 1
+2 1
+1 1
+1 1
+1 1
+1 1
+1 1
+1 1
+1 1
+4 1
+1 1
+1 1
+6 1
+1 1
+1 2
+4 1
+1 1
+3 1
+1 1
+1 1
+3 1
+1 1
+1 1
+6 1
+1 1
+1 1
+1 1
+1 1
+1 1
943 1
+1 1
+1 1
+1 1
+1 1
+2 1
+1 1
+1 1
+1 1
+1 1
+1 1
+1 1
+1 1
+4 1
+1 1
+1 1
+6 1
+1 1
+1 2
+4 1
+1 1
+3 1
+1 1
+1 1
+3 1
+1 1
+1 1
+6 1
+1 1
+1 1
+1 1
+1 1
+1 1
+72 6
+1 6
+1 6
+1 6
+1 6
+2 6
+1 6
+1 6
+1 6
+1 6
+1 6
+1 6
+1 1
+4 1
+1 1
+1 1
+6 1
+1 1
+1 2
+4 1
+1 1
+3 1
+1 1
+1 1
+3 1
+1 1
+1 1
+6 1
+1 1
+1 1
+1 1
+1 1
+1 1
+7 1
+1 1
+2 1
+1 1
+2 1
+1 1
+1 1
+3 1
+1 1
+1 1
+6 1
+1 1
+1 1
+1 1
+1 1
+1 1
+41 3
+1 3
+1 3
+1 3
+1 3
+2 3
+1 3
+1 3
+1 3
+1 3
+1 3
+1 3
+1 1
+4 1
+1 1
+1 1
+6 1
+1 1
+1 2
+4 1
+1 1
+3 1
+1 1
+1 1
+3 1
+1 1
+1 1
+6 1
+1 1
+1 1
+1 1
+1 1
+1 1
+72 18
+1 18
+1 18
+1 18
+1 18
+2 18
+1 18
+1 18
+1 18
+1 18
+1 18
+1 18
+1 5
+4 5
+1 5
+1 5
+6 5
+1 5
+1 10
+4 5
+1 5
+3 5
+1 5
+1 5
+3 5
+1 5
+1 5
+6 5
+1 5
+1 5
+1 5
+1 5
+1 5
+72 2
+1 2
+1 2
+1 2
+1 2
+2 2
+1 2
+1 2
+1 2
+1 2
+1 2
+1 2
+1 2
+4 2
+1 2
+1 2
+6 2
+1 2
+1 4
+4 2
+1 2
+3 2
+1 2
+1 2
+3 2
+1 2
+1 2
+6 2
+1 2
+1 2
+1 2
+1 2
+1 2
1693 6
+1 6
+1 6
+1 6
+1 6
+2 6
+1 6
+1 6
+1 6
+1 6
+1 6
+1 6
+1 3
+4 3
+1 3
+1 3
+6 3
+1 3
+1 6
+4 3
+1 3
+3 3
+1 3
+1 3
+3 3
+1 3
+1 3
+6 3
+1 3
+1 3
+1 3
+1 3
+1 3
+72 4
+1 4
+1 4
+1 4
+1 4
+2 4
+1 4
+1 4
+1 4
+1 4
+1 4
+1 4
+1 2
+4 2
+1 2
+1 2
+6 2
+1 2
+1 4
+4 2
+1 2
+3 2
+1 2
+1 2
+3 2
+1 2
+1 2
+6 2
+1 2
+1 2
+1 2
+1 2
+1 2
+72 2
+1 2
+1 2
+1 2
+1 2
+2 2
+1 2
+1 2
+1 2
+1 2
+1 2
+1 2
+1 1
+4 1
+1 1
+1 1
+6 1
+1 1
+1 2
+4 1
+1 1
+3 1
+1 1
+1 1
+3 1
+1 1
+1 1
+6 1
+1 1
+1 1
+1 1
+1 1
+1 1
+72 25
+1 25
+1 25
+1 25
+1 25
+2 25
+1 25
+1 25
+1 25
+1 25
+1 25
+1 25
+2 6
+4 6
+1 6
+1 6
+6 6
+1 6
+2 12
+4 6
+1 6
+3 6
+1 6
+1 6
+3 6
+1 6
+1 6
+6 6
+1 6
+1 6
+1 6
+1 6
+1 6
+74 28
+2 28
+1 28
+1 28
+1 28
-3 46
+1 46
+1 46
+1 46
+1 64
+5 32
+6 32
+1 32
+8 32
+1 32
-16 225
+6 225
+1 225
+8 225
+1 225

fl=(44) ./string/../sysdeps/x86_64/multiarch/memset-vec-unaligned-erms.S
fn=(132) memset
125 8
+1 40
+6 8
+1 8
+1 7
+1 7
+2 1
+1 1
+1 1
+65 4
+1 4
+2 4
+76 6
+1 6
+5 6
+3 6
+1 6
+3 2
+1 2
+13 2
+1 2
+2 2
+3 1
+3 2
+3 1
+1 1
+1 1
+1 1
+1 1
+1 1
+1 1
-6 27
+1 27
+1 27
+1 27
+1 27
+1 27
+1 27
+3 2
+1 2
+1 2
+1 2
+5 2
+29 1
+1 1
+1 1
+32 1
+1 1
+1 1

fl=(75)
fn=(254)
361 6
+4 5
-2 2
+4 30
cfn=(256) _dl_check_map_versions
calls=5 155 
* 6877
-2 5
+2 15
-1 5
-1 10
+5 7

fn=(256)
155 40
+15 5
-15 10
+15 10
+2 25
+2 5
+1 5
-1 5
+1 5
+2 10
+3 6
-16 3
-8 3
+28 3
-4 3
+4 6
+16 3
36 6
200 3
36 15
200 2
36 4
200 2
36 10
+1 16
-1 32
+2 63
cfi=(54)
cfn=(174)
calls=21 +30 
* 2199
* 42
208 15
+5 5
-71 10
+71 15
+8 5
-2 5
-2 10
+4 5
-4 30
+4 8
-2 8
-2 16
+4 8
-4 78
56 52
+8 39
+6 39
+16 13
+1 26
+2 13
+5 117
+14 282
+12 384
+4 128
-30 256
224 52
+3 39
+5 8
-11 8
110 13
+3 52
cfi=(32)
cfn=(90)
calls=13 -5 
* 407
* 57
236 20
+5 4
-44 2
+1 2
+52 6
+3 12
+10 56
-7 224
+3 168
-3 12
+3 9
+8 8
+6 4
fi=(28)
44 4
fe=(75)
273 4
fi=(28)
44 4
cfi=(27)
cfn=(72)
calls=4 +34 
* 144
fe=(75)
272 4
fi=(28)
44 4
fe=(75)
274 8
+13 4
-3 4
+3 16
+2 12
+3 12
+4 15
+7 13
+1 13
-1 39
+1 13
+1 13
-2 13
+2 26
+1 39
+3 39
+5 8
-15 8
+2 8
-2 8
+2 8
-2 8
+2 16
-2 5
+2 5
-2 5
+2 5
-2 5
+2 10
+16 15
+5 2
-28 2
+62 45
-29 12
+3 12
+4 56
+6 56
+1 56
+1 56
-1 168
+1 56
-1 56
+1 56
+1 56
+3 168
+4 56
-14 118
+10 9
164 2
+86 2
-94 2
+94 3

fl=(47)
fn=(412)
1015 8
+6 1
+3 1
+1 1
+4 3
+34 2
+3 3
+1 3
+3 6

fn=(480)
528 10
+1 2
+4 1
+6 1
-6 1
+6 1
cfi=(24)
cfn=(84)
calls=1 42 
* 3
+3 3
+12 1
-18 1
-1 1
+43 3
-19 13
+9 3
+1 2
+6 3
+1 1
+2 2
-2 1
+6 1
-4 2
+4 1
-4 2
+3 2
+4 2
+1 4
+2 2
+1 2
+17 1
-8 1
+8 1
+2 3
cfi=(29)
cfn=(128)
calls=1 199 
* 13
* 5
cfi=(44)
cfn=(132)
calls=1 125 
* 25
-49 1
+55 1
-55 4
+6 4
+55 2
cfi=(24)
cfn=(84)
calls=1 42 
* 3
+3 2
+3 9

fn=(264)
422 2
+13 1
-13 2
+2 1
+12 1
fi=(28)
56 1
cfi=(27)
cfn=(76)
calls=1 -21 
* 53
fe=(47)
437 3
+8 2
fi=(28)
44 1
fe=(47)
445 2
+1 1
+4 321
+19 1
-99 1
+4 1
+1 1
fi=(28)
44 1
cfi=(27)
cfn=(72)
calls=1 +34 
* 36
fe=(47)
376 2
+3 1
+6 2
+90 5

fn=(148)
197 1
+2 2
+1 1
+15 2

fn=(262)
221 8
+6 3
+3 2
+36 3
+2 1
-2 1
-2 1
-40 1
-1 1
-1 1
+46 2
+23 3
+3 1
-3 4
+2 2
-2 1
-25 1
+20 1
-20 5
+2 2
+3 1
-1 1
+5 2
-5 1
+1 1
-1 1
+3 2
+2 3
+32 3
-1 1
+1 4
+2 2
-2 2
+53 8

fn=(260)
97 2
+4 1
-4 2
+4 1
-4 2
+4 3
cfi=(10)
cfn=(24)
calls=1 405 
* 21
* 1
+1 4
cfi=(10)
cfn=(24)
calls=1 405 
* 21
* 1
+8 1
-8 1
+6 2
+2 3
+3 1
+2 1
-32 3
+34 3
+1 5

fn=(238) _dl_assign_tls_modid
131 2
+3 1
+13 1
-13 1
+52 1
+2 1
+3 1
+1 2

fl=(31)
fn=(138) expand_dynamic_string_token
385 14
241 2
385 2
241 2
385 2
241 2
cfi=(42) ./string/../sysdeps/x86_64/multiarch/../strchr.S
cfn=(118) index
calls=2 23 
* 72
+3 4
410 2
-11 2
+11 12
-11 2
cfi=(45)
cfn=(140)
calls=2 40 
* 168

fn=(134) fillin_rpath.isra.0
468 7
+4 1
-4 8
+6 3
cfi=(7)
cfn=(136)
calls=1 239 
* 240
* 3
cfi=(7)
cfn=(136)
calls=1 239 
* 8
* 6
+7 2
+2 3
cfn=(138)
calls=1 -98 
* 118
* 1
+4 2
+5 2
cfi=(22)
cfn=(60)
calls=1 41 
* 17
* 1
+1 2
+7 5
+9 15
+1 8
+55 2
fi=(28)
50 2
cfi=(27)
cfn=(144)
calls=1 +45 
* 5
+1 1
fe=(31)
528 2
+4 3
fi=(28)
56 1
cfi=(27)
cfn=(76)
calls=1 -21 
* 25
* 1
fe=(31)
534 2
+5 1
+1 2
-1 1
-1 1
+2 1
cfi=(29)
cfn=(128)
calls=1 199 
* 13
+3 1
-3 1
+1 1
+2 1
+6 1
+1 1
-1 3
+1 11
+1 1
-1 1
+1 2
-1 2
+1 1
-1 1
+1 2
-1 6
+1 1
-1 1
+1 1
-1 3
+1 1
-1 2
+3 1
+1 1
-1 1
+1 2
+1 1
+6 2
+1 2
-57 4
+66 1
+3 8
-46 4

fn=(216) open_path
1870 16
+1 2
-1 12
+1 2
+6 4
+5 32
-7 4
+7 2
-8 2
+8 4
+3 4
+9 12
+7 6
+1 2
-1 2
cfi=(29)
cfn=(128)
calls=2 199 
* 26
-12 2
+12 2
+59 10
-58 8
+3 40
+5 88
cfi=(29)
cfn=(128)
calls=11 199 
* 147
* 44
cfi=(29)
cfn=(128)
calls=11 199 
* 143
+3 22
+6 33
+3 66
cfn=(218) open_verify.constprop.0
calls=11 1568 
* 594
* 11
+2 33
+2 20
+65 16
+7 4
-2 4
+2 4
+3 6
-13 2
+27 18
-65 4
+2 2
-50 107
+29 20
+1 70
+6 20
+2 10
-2 10
+2 20
cfi=(67) ./io/../sysdeps/unix/sysv/linux/stat64.c
cfn=(220) stat
calls=10 28 
* 158
* 10
+3 10
-3 20
+1 1
+2 2
-2 1
+2 26
-61 4

fn=(218)
1568 143
+39 39
+19 52
cfi=(55)
cfn=(178)
calls=13 28 
* 280
* 13
+2 26
+11 2
+6 4
-5 2
+5 16
cfi=(56) ./io/../sysdeps/unix/sysv/linux/read_nocancel.c
cfn=(180) __read_nocancel
calls=2 25 
* 12
+2 4
+2 4
+2 4
+6 4
+17 22
fi=(28)
50 4
cfi=(27)
cfn=(144)
calls=2 +45 
* 10
fe=(31)
1856 117
1674 6
+74 4
+5 4
+2 8
+6 4
+6 2
+1 2
-1 6
+1 2
-1 2
+1 4
+1 2
+20 6
+31 2
-31 2
1633 2
1820 4
-31 84
+1 44
+1 16
+4 16
+6 4
+1 28
+10 12
cfi=(71)
cfn=(234)
calls=2 25 
* 14
* 16
+8 36
+15 4
+6 2
-3 2
+1 2
+1 2
+1 4
-3 2
+1 2
+1 2
+2 2
-3 6
-1 2
+4 4
-19 36
+3 4
-4 4
+4 8
+5 2
+1 8
-60 13
+1 3
-1 1
+1 3
cfi=(71)
cfn=(234)
calls=1 25 
* 7
* 3
+16 5
+7 6
1612 22
+62 6
1802 4
-30 2

fn=(88)
868 4
+8 4
-8 4
+8 4
-6 4
+12 8
-13 4
+13 4
-13 4
+13 8
+3 12
+1 8
+1 8
+43 4

fn=(176) open_verify.constprop.1
1568 11
+39 3
+19 4
cfi=(55)
cfn=(178)
calls=1 28 
* 19
* 1
+2 2
+11 1
+6 2
-5 1
+5 8
cfi=(56)
cfn=(180)
calls=1 25 
* 6
+2 2
+2 2
+2 2
+6 2
+17 11
fi=(28)
50 2
cfi=(27)
cfn=(144)
calls=1 +45 
* 5
fe=(31)
1856 9
1674 3
+74 2
+5 2
+2 4
+6 2
+6 1
+1 1
-1 3
+1 1
-1 1
+1 2
+1 2
+20 3
+31 1
-31 1
1633 1
1820 2
-31 66
+1 28
+1 8
+4 8
+25 12
+3 18
+3 2
-4 2
+4 4
+6 4
-36 6

fn=(184) _dl_map_object_from_fd
944 30
+10 3
-10 12
+10 3
cfi=(46)
cfn=(186)
calls=3 38 
* 21
* 3
+7 12
+85 12
+10 6
+7 21
cfi=(26)
cfn=(70)
calls=3 59 
* 1078
* 3
+1 6
+11 6
+5 3
-5 3
+1 6
+1 3
+2 3
-2 3
+2 6
+1 9
+1 4
+19 4
-2 2
+2 22
-2 1
+2 40
+10 12
+85 3
-58 3
-34 3
-1 3
+93 3
+6 3
-64 6
+9 3
+55 6
-55 3
-42 3
+97 6
1101 3
-5 6
+15 86
+20 2
+1 1
-22 99
+1 185
1213 6
1110 3
1213 6
1110 9
1218 9
+10 6
+1 3
-1 3
+1 3
-1 9
+1 9
-1 9
+1 9
-1 27
1076 6
1235 6
+10 12
+7 6
fi=(61) ./elf/./dl-map-segments.h
96 3
fe=(31)
1252 9
fi=(61)
28 3
fe=(31)
1252 3
fi=(61)
96 3
fe=(31)
1252 3
fi=(61)
28 6
+1 24
cfi=(60)
cfn=(194)
calls=3 +18 
* 27
+74 6
-1 3
-73 3
+74 3
+3 6
+1 3
+2 3
-3 3
+1 3
+2 3
+7 8
+3 4
cfi=(72)
cfn=(236)
calls=1 -2 
* 6
* 3
+7 3
+2 3
fi=(62) ./elf/./dl-load.h
-37 24
+1 9
+2 24
fi=(61)
+56 48
+8 3
-2 3
+1 3
+2 3
-1 3
+1 3
-1 9
+8 6
+3 6
+8 21
cfi=(44)
cfn=(132)
calls=3 -52 
* 251
+1 6
+5 6
+12 12
-59 60
+2 18
+3 9
-3 18
+2 72
cfi=(60)
cfn=(194)
calls=9 -93 
* 81
* 27
fi=(57) ./elf/../sysdeps/posix/dl-fileid.h
37 9
cfi=(58)
cfn=(190)
calls=3 -8 
* 45
* 6
fe=(31)
999 6
fi=(57)
40 9
fe=(31)
999 3
fi=(57)
40 3
fe=(31)
999 39
+1 18
fi=(57)
49 24
fe=(31)
1515 27
1018 6
+66 13
+1 2
-1 1
+1 1
-1 1
+1 1
cfi=(71)
cfn=(234)
calls=1 25 
* 7
* 2
+26 38
+26 72
+10 12
-1 12
-1 12
+2 12
+2 12
-2 12
-1 72
+2 24
+1 12
+2 12
-3 12
+3 72
+2 24
+4 24
+1 45
+4 9
+1 9
-1 9
+1 63
-18 9
+28 9
-11 3
+1 3
-1 3
+1 21
-18 3
+28 3
-56 6
+7 3
+2 3
-2 3
+1 3
+1 3
-1 6
+1 24
+50 3
+5 1
-1 2
+5 1
-5 2
-56 1
+61 4
+1 1
+3 1
-3 1
+8 4
+15 6
+1 3
+58 12
+1 9
fi=(63) ./elf/./elf/get-dynamic-info.h
39 6
+6 3
-2 3
+2 6
+9 3
+5 3
+3 3
+2 3
-3 3
-3 3
-3 48
+13 14
-23 56
+23 52
-23 208
+4 132
+5 68
+2 15
+3 12
+13 12
+10 11
+1 12
+1 12
+1 12
+2 12
+5 11
+1 11
+1 12
+3 9
+5 4
+7 6
+1 9
+22 9
+5 4
+2 4
+2 4
+2 4
+4 9
+2 3
+1 2
+9 2
+6 2
+4 6
fe=(31)
1275 6
+1 6
+2 6
+10 9
+19 9
+2 15
+52 9
+1 2
+6 24
+1 60
+6 12
cfn=(88)
calls=3 868 
* 60
-7 78
+1 36
+6 36
-6 72
fi=(30)
95 24
213 3
-1 6
105 6
212 3
105 3
-2 3
-3 3
+2 3
+3 3
-4 6
+92 12
-1 3
-87 9
+3 9
+1 6
+1 6
+4 9
+4 9
+3 9
+1 6
+4 3
+1 12
+58 9
+2 12
-56 10
+1 5
+3 10
+3 5
+1 20
+5 10
+2 10
+5 10
+14 5
-1 10
+2 4
-1 6
fe=(31)
1380 6
cfi=(64)
cfn=(204)
calls=3 25 
* 18
* 6
+13 6
+2 12
+2 6
+16 6
cfi=(8)
cfn=(14)
calls=3 25 
* 87
+4 6
+1 6
+17 6
+1 1
+3 1
+5 1
-5 1
+5 1
-5 2
+5 2
-5 2
+5 2
+10 6
+7 18
+10 6
+1 4
+5 2
cfi=(47)
cfn=(238)
calls=1 131 
* 10
+7 9
cfi=(26)
cfn=(82)
calls=3 31 
* 147
+3 12
+23 21
+1 9
cfi=(49)
cfn=(206)
calls=3 76 
* 15
* 3
fi=(62)
95 10
+2 2
-1 4
+1 2
-1 2
+1 2
-1 2
+1 2
-1 4
+3 8
fe=(31)
1506 15
fi=(30)
198 12
+2 3
+1 3
+2 3
-3 9
fe=(31)
1368 9
fi=(63)
62 12
+2 12
fe=(31)
1084 2
fi=(61)
187 8
cfi=(60)
cfn=(194)
calls=1 47 
* 9
+3 2
fe=(31)
1462 9
+2 2
-1 10
+1 2
-1 2
+1 2
-1 2
cfi=(32)
cfn=(90)
calls=2 108 
* 50
* 4
+2 5
1275 4
fi=(57)
49 3
fi=(30)
170 6
-39 4
fe=(31)

fn=(172)
2022 60
+8 12
+1 24
+3 93
+5 126
+2 54
cfi=(54)
cfn=(174)
calls=18 68 
* 1896
* 36
+4 30
+1 45
+4 6
-1 30
+1 6
+1 6
-1 6
+1 6
cfi=(32)
cfn=(90)
calls=6 108 
* 222
* 12
2329 54
2068 3
+1 3
-1 3
+1 3
-1 3
+1 3
-1 6
-44 3
+53 9
+17 6
-2 3
+2 3
cfi=(42)
cfn=(118)
calls=3 23 
* 72
* 6
2260 2
-1 3
cfn=(138)
calls=1 385 
* 168
+2 1
-3 1
+1 1
+2 2
+4 5
cfn=(176)
calls=1 1568 
* 283
+3 2
-3 1
+3 1
+12 4
+46 1
+1 3
-1 1
+1 9
cfn=(184)
calls=1 944 
* 1819
-1 2
+1 6
-1 2
+1 18
cfn=(184)
calls=2 944 
* 4130
* 9
2098 4
cfi=(22)
cfn=(60)
calls=2 41 
* 34
* 4
+2 4
+7 8
+51 22
cfn=(216)
calls=2 1870 
* 1944
+6 2
-6 2
+6 8
682 2
2165 2
682 4
2252 4
+28 8
+2 8
2111 2
696 6
2111 2
+1 2
696 4
2116 6
682 2
2117 2
682 4
2173 2
+14 4
+2 6
+4 4
cfi=(68)
cfn=(222) _dl_load_cache_lookup
calls=2 416 
* 2337
* 2
+2 4
+4 4
+8 6
+23 12
cfn=(218)
calls=2 1568 
* 669
+4 4
-4 2
+4 2
+1 4
2131 10
+1 20
682 2
2133 2
682 4
2157 6
+1 4
-16 4

fn=(212)
238 10
+3 5
-3 10
+7 5
-7 10
+3 5
cfi=(42)
cfn=(118)
calls=5 23 
* 168
+3 10
+20 35

fn=(106)
706 11
+14 1
-14 2
+14 2
cfi=(38)
cfn=(108)
calls=1 175 
* 1847
fi=(28)
56 1
fe=(31)
720 1
fi=(28)
56 1
cfi=(27)
cfn=(76)
calls=1 -21 
* 25
fe=(31)
725 1
+2 2
+7 2
+1 2
-1 3
+5 3
fi=(28)
56 1
cfi=(27)
cfn=(76)
calls=1 -21 
* 25
fe=(31)
739 1
+2 4
+17 1
-10 1
+19 1
-11 1
-9 1
+9 1
+12 2
-10 1
+3 2
+9 1
-7 1
+4 1
+3 2
-3 1
-8 1
+3 1
+8 1
-3 1
+1 16
cfi=(44)
cfn=(132)
calls=4 125 
* 72
+2 18
-14 3
+10 3
+4 3
-12 3
-2 3
+2 3
+4 3
-3 3
+3 3
+1 3
-2 3
+5 6
+1 3
-4 3
+4 3
+15 1
+3 1
-15 1
+7 1
-1 1
+9 2
+2 4
+2 3
+36 5
+2 2
cfi=(22)
cfn=(60)
calls=1 41 
* 17
* 9
-19 1
-2 1
+2 2
+19 9
cfi=(29)
cfn=(80)
calls=1 212 
* 11
* 1
+5 4
-1 2
+2 1
+1 2
-2 4
+1 13
+1 26
-2 52
+5 1
fi=(28)
56 1
cfi=(27)
cfn=(76)
calls=1 -21 
* 25
fe=(31)
836 1
fi=(28)
56 1
fe=(31)
838 2
+6 6
cfn=(134)
calls=1 468 
* 587
+3 3
+6 1
+4 8
-35 2
+5 2

fl=(65)
fn=(208)
25 1
+2 7
+4 1

fl=(9)
fn=(530)
262 1
+1 1

fn=(16)
85 4
+25 1
-25 6
+25 1
-1 1
+1 102
+11 1
-8 1
+1 1
-4 1
+3 1
+6 1
+2 13
-34 1
-1 1
+36 113
+3 1
+1 1
-5 85
+57 1
-57 1
+58 1
-1 1
-57 3
+29 1
-29 1
+30 1
-1 1
-29 3
+41 1
-41 1
+42 1
-1 1
-41 3
+35 1
-35 1
+36 1
-1 1
-35 3
+32 1
-32 1
+33 1
-1 1
-32 4
+13 1
-13 1
+14 1
-1 1
-13 3
+10 1
-10 1
+11 1
-1 1
-10 3
+7 1
-7 4
224 1
cfi=(10)
cfn=(18)
calls=1 +58 
* 15338
+3 1
cfi=(12)
cfn=(22)
calls=1 +54 
* 32
fi=(13)
36 2
cfi=(14) ./elf/../sysdeps/unix/sysv/linux/brk.c
cfn=(28) brk
calls=1 -1 
* 8
fi=(6)
215 1
cfi=(15)
cfn=(32)
calls=1 37 
* 7224
fe=(9)
+23 3
+1 1
cfi=(22)
cfn=(60)
calls=1 41 
* 17
* 1
+2 2
cfi=(23)
cfn=(62)
calls=1 37 
* 15
* 3
+12 3
+3 5
cfi=(2)
cfn=(64)
calls=1 1320 
* 133958
+2 9

fl=(29)
fn=(128)
199 36
+1 36
+1 36
+1 36
+17 36
+1 36
+2 7
+1 7
+1 7
+2 6
+1 6
+1 6
+2 6
360 29
+1 29
+2 9
+4 9
+1 4
+1 4
+1 2
+1 2
+1 2
+1 2
+2 2
+2 4
+6 5
+1 5
+1 5
+1 5
+1 5
+29 20
+1 20
+1 20
+1 20
+1 20
+7 1
+1 1
+1 1
+1 1
+1 1
+1 1
+1 1
+11 1
+1 1
+2 1
+1 1
+1 1

fn=(80)
212 21
+1 21
+6 21
+1 21
+2 13
+1 13
+1 13
+2 8
+1 8
+1 8
+2 8
360 8
+1 8
+2 1
+4 1
+1 1
+1 1
+1 1
+1 1
+4 1
+2 1
+39 7
+1 7
+1 7
+1 7
+1 7
+7 5
+1 5
+1 5
+1 5
+1 5
+1 5
+1 5
+11 5
+1 5
+2 5
+1 5
+1 5

fl=(42)
fn=(118)
23 19
+1 19
+1 19
+1 19
+1 19
+1 19
+1 19
+1 19
+1 19
+1 19
+1 19
+1 19
+1 19
+1 19
+1 19
+1 19
+1 19
+1 19
+1 16
+4 16
+1 16
+1 16
+1 16
+2 16
+4 3
+1 3
+1 3
+1 3
+1 3
+1 3
+1 3
+1 3
+1 3
+1 3
+1 3
+1 3
+1 3
+1 3
+1 3
+1 3
+1 3
+1 3
+1 3
+1 3
+1 3
+1 3
+1 3
+1 3
+52 3
+4 3
+1 3
+1 3
+1 3
+2 3

fl=(41)
fn=(122)
25 4
+1 3
+21 1
-20 1
+20 3

fn=(120) _dl_hwcaps_contains
66 6
+1 12
+1 6
+9 6

fn=(116)
51 55
-25 42
+4 24
+4 48
+1 12
-1 24
+2 24
+5 27
cfi=(42)
cfn=(118)
calls=9 -18 
* 216
+1 18
+3 6
+11 12
+1 12
+1 6
-1 6
+1 6
-2 6
+1 6
+1 3
-1 3
+1 27
cfn=(120)
calls=6 +8 
* 30
* 12
-3 5
+7 44
-19 6
cfi=(22)
cfn=(60)
calls=3 -2 
* 51
* 3

fl=(52)
fn=(162)
225 10
+2 2
cob=(2)
cfi=(51)
cfn=(164)
calls=1 0 
* 2759
+1 2
+1 1
+1 1
-1 1
+1 1
+2 5

fn=(250)
238 6
+1 1
+1 1
+3 1
+1 1
+2 1
cfi=(2)
cfn=(252)
calls=1 696 
* 6973
+2 1
+1 1
+1 4

fn=(166)
175 18
+5 6
-5 18
+5 6
-2 12
+22 6
-1 6
+7 12
-6 6
+3 12
+3 6
cfi=(53)
cfn=(168)
calls=6 30 
* 144
* 24
+2 18
cfi=(66)
cfn=(214)
calls=5 61 
* 11935
cfi=(2)
cfn=(170)
calls=1 663 
* 2698
+2 6
-1 6
+1 6
-1 6
+1 12
+9 24

fl=(55)
fn=(178)
28 15
+3 15
-3 45
+3 90
+8 105
+2 4
-2 33
+2 11

fl=(13)
fn=(100)
46 5
+2 3
+40 2
cfi=(36)
cfn=(102)
calls=1 +32 
* 6
+15 1
-15 2
+20 1
-1 1
+3 12
+4 3
-2 6
+2 11
+3 2
-1 2
+1 6
-3 8
+3 1
-1 1
+1 3
-3 4
+7 3
-1 3
+4 3
-2 3
+2 12
+9 5

fl=(160) ./elf/./elf/dl-runtime.c
fn=(524) _dl_fixup
46 16
+2 10
+1 2
+6 2
fi=(224) ./elf/../sysdeps/x86_64/dl-runtime.h
-27 2
fe=(160)
+21 2
+5 2
+1 2
-6 2
+6 4
+1 2
+2 2
-2 2
+2 2
-2 10
+7 4
+4 4
+4 6
+4 6
+1 8
-7 8
+16 2
-1 2
+1 4
+10 20
cfi=(79)
cfn=(280)
calls=2 840 
* 1451
* 2
+4 10
+10 20
+15 8
+9 6
+26 6
fi=(6)
+70 2
fe=(160)
-66 12

fl=(147)
fn=(482)
561 4
+3 1
+2 2
+13 1
cfn=(486) _dlfo_process_initial
calls=1 474 
* 95
+1 1
-1 1
+1 1
fi=(28)
56 1
cfi=(27)
cfn=(76)
calls=1 -21 
* 25
fe=(147)
580 1
fi=(28)
56 1
fe=(147)
582 2
+3 2
+5 1
+1 1
cfn=(486)
calls=1 474 
* 358
+3 3
+10 4
-37 2
cfi=(148) ./elf/./dl-find_object.h
cfn=(484) _dl_find_object_from_map
calls=1 95 
* 68
* 1
+29 2
cfn=(488) _dlfo_sort_mappings
calls=1 -60 
* 128
+3 6
+2 1

fn=(486)
474 2
+3 2
-3 2
+1 2
+3 4
+26 14
+1 6
+1 10
-1 20
+3 36
+3 32
-7 10
+25 2
+2 8
-18 24
+3 8
-1 8
cfi=(148)
cfn=(484)
calls=4 95 
* 247
+2 16

fn=(488)
536 1
+1 2
+3 4
+4 1
+1 1
-1 1
+1 2
-1 2
+1 2
-1 2
+1 10
+1 36
-1 18
+8 9
+1 6
-1 3
-13 6
+14 9
+1 6
-15 6
+17 1

fl=(56)
fn=(180)
25 3
+1 12
+1 3

fl=(58)
fn=(190)
29 8
+1 8
+5 12
cfi=(59)
cfn=(192)
calls=4 153 
* 32

fl=(68)
fn=(230) _dl_cache_libcmp
370 17
+1 17
+32 17
-33 34
+1 38
+2 84
+2 84
-2 168
+20 164
+2 164
-12 67
+2 67
+14 67
+1 67
-29 134
+32 6
-28 4
+8 2
-2 4
+1 4
-1 2
+2 6
+2 2
-3 2
+3 6
+2 4
+9 45

fn=(534)
537 1
+1 4
-1 1
+3 2
cfi=(72)
cfn=(536)
calls=1 117 
* 6
+1 1
+4 1
+2 2

fn=(222)
416 20
+2 4
+3 6
+69 3
+5 1
208 1
495 3
208 1
495 2
+3 6
fi=(70) ./elf/../sysdeps/x86/dl-procinfo.h
39 4
+3 6
cfi=(32)
cfn=(90)
calls=2 +66 
* 50
* 8
fe=(68)
212 12
cfi=(10)
cfn=(24)
calls=2 405 
* 42
* 2
+16 4
-16 2
+6 4
+10 2
-7 10
+9 6
+1 2
-37 4
+37 2
+4 4
-5 39
+1 13
-37 26
+37 13
+4 26
+4 45
cfn=(230)
calls=15 370 
* 1128
+1 30
359 13
+3 8
228 8
360 9
228 24
+2 10
+20 4
+3 4
+2 8
cfn=(230)
calls=2 370 
* 148
* 4
-7 4
-30 4
+1 2
+95 2
-95 2
-1 16
+96 6
-47 4
+10 4
+1 6
fi=(69) ./elf/../sysdeps/generic/dl-cache.h
125 10
fe=(68)
294 4
+9 4
+3 4
+2 6
+1 4
+5 4
+1 8
+7 4
+21 8
513 4
+12 4
cfi=(22)
cfn=(60)
calls=2 41 
* 68
* 24
+1 2
-1 2
+1 2
-1 2
+1 2
cfi=(29)
cfn=(80)
calls=2 212 
* 22
* 2
+1 2
cfi=(45)
cfn=(140)
calls=2 40 
* 178
+1 16
-3 4
424 4
cfi=(54)
cfn=(224)
calls=1 36 
* 91
* 1
+8 5
+1 8
+3 4
+1 1
-1 3
fi=(69)
194 1
+1 5
fe=(68)
444 1
+1 2

fl=(16)
fn=(40) update_active.constprop.0
43 7
+45 1
-41 1
+28 1
-18 1
+31 1
+4 1
-36 1
-1 1
+37 1
-26 1
-11 1
+1 1
+36 2
+1 1
-17 1
-21 1
+25 1
-4 1
-11 1
+28 1
-1 1
-36 1
+18 1
+19 1
-13 1
-4 1
-11 1
+19 1
+11 1
-3 1
-12 1
+14 1
-29 1
+18 1
+9 1
-18 1
+13 1
-13 1
-9 1
+29 2
+3 1
-14 1
-9 1
+9 1
+4 1
+10 1
-17 1
+7 1
+5 1
+5 1
+1 1
-1 1
+1 2
+2 2
+1 4
+3 1
+1 1
-1 1
+1 1
-1 1
+1 1
-1 1
+1 1
+4 2
+4 2
+2 4
+83 3
+12 2
+1 1
+3 3
+4 1
-4 1
+4 1
+67 3
+4 3
fi=(18)
31 1
-3 1
+3 1
-1 2
fe=(16)
296 1
+1 8
-75 3
+1 2
+3 1
-1 1
+9 1
-5 1
+2 1
-2 1
+5 1
fi=(18)
32 3
+4 3
fe=(16)
+83 2
+2 1
+3 2
+10 1
+10 1
-10 1
+10 1
-10 1
+6 1
+4 1
-4 1
-6 1
+6 1
+2 1
-2 1
+2 3
+7 4
fi=(18)
39 3
+1 4
+5 1
-7 1
+7 3
+2 1
+1 2
+1 3
+2 4
+1 2
+1 2
+6 1
-4 1
+4 1
-3 2
fe=(16)
+75 1
-5 2
+4 1

fn=(34)
399 1
+16 1
-16 6
+3 1
+1 1
+1 1
+11 2
+3 6
593 1
+94 5
+1 1
+3 2
+1 1
+6 1
+3 1
fi=(19)
+5 1
+2 1
fe=(16)
-9 1
fi=(19)
+23 2
840 1
+46 1
-46 17
+45 2
+25 2
+21 2
-21 2
+13 3
+8 1
-8 1
+8 1
cfi=(10)
cfn=(24)
calls=1 405 
* 21
* 1
+2 2
+3 4
cfi=(10)
cfn=(24)
calls=1 405 
* 21
* 1
+2 1
+3 2
-3 2
+3 1
-3 1
+3 1
cfi=(10)
cfn=(24)
calls=1 405 
* 21
* 1
+1 5
+16 2
-12 5
cfi=(10)
cfn=(24)
calls=1 405 
* 21
* 1
+1 3
+23 1
-17 5
+3 3
-3 1
cfi=(10)
cfn=(24)
calls=1 405 
* 21
+3 3
-3 2
+3 9
cfi=(10)
cfn=(54)
calls=1 157 
* 58
+1 9
cfi=(10)
cfn=(54)
calls=1 157 
* 58
+1 10
cfi=(10)
cfn=(54)
calls=1 157 
* 58
+3 8
cfi=(10)
cfn=(54)
calls=1 157 
* 58
+2 8
cfi=(10)
cfn=(54)
calls=1 157 
* 58
+4 1
fe=(16)
706 1
fi=(19)
967 2
fe=(16)
706 2
fi=(19)
967 4
fe=(16)
706 1
cfi=(10)
cfn=(24)
calls=1 405 
* 19
+4 3
+14 1
-1 2
+1 3
+47 1
-1 1
+1 1
+46 4
cfi=(10)
cfn=(24)
calls=1 405 
* 19
+2 4
cfi=(10)
cfn=(24)
calls=1 405 
* 19
fi=(21) ./elf/../sysdeps/unix/sysv/linux/x86/cpu-features.c
27 6
fe=(16)
829 2
+45 8
fi=(19)
+19 11
fe=(16)
775 3
+27 2
-10 2
+1 2
+2 3
+1 2
+2 3
+1 2
fi=(19)
-75 3
cfn=(46)
calls=1 255 
* 437
+1 1
-1 2
+1 1
cfn=(46)
calls=1 255 
* 478
+1 1
-1 1
+1 1
cfn=(46)
calls=1 255 
* 503
+3 1
-3 2
+3 1
cfn=(46)
calls=1 255 
* 459
+2 1
-2 1
+2 1
cfn=(46)
calls=1 255 
* 451
+3 1
-2 1
-1 1
+3 1
cfn=(46)
calls=1 255 
* 428
+2 1
-2 1
+2 1
cfn=(46)
calls=1 255 
* 429
+3 1
-2 1
-1 1
+3 1
cfn=(46)
calls=1 255 
* 469
+2 1
-2 1
+2 1
cfn=(46)
calls=1 255 
* 470
+3 1
-3 1
+3 1
cfn=(46)
calls=1 255 
* 494
+2 1
-2 1
+2 1
cfn=(46)
calls=1 255 
* 495
+2 1
-2 1
+2 1
cfn=(46)
calls=1 255 
* 790
+2 3
-2 1
+2 1
cfn=(52)
calls=1 481 
* 215
863 15
fe=(16)
424 6
cfn=(36) get_common_indices.constprop.0
calls=1 -99 
* 71
303 3
+1 2
+1 6
+5 2
+1 6
+5 2
+1 6
429 1
cfn=(40)
calls=1 43 
* 194
+2 1
+2 1
+83 1
-85 2
564 2
+7 2
+2 1
+4 2
+6 2
422 2
-3 1
+14 3
+1 4
+69 1
+10 11
+42 1
+1 1
434 11
+55 3

fn=(36)
325 1
+4 4
+3 3
+5 2
-5 1
+5 1
-5 1
+4 1
+1 1
+1 4
+1 4
+1 3
+1 2
+7 2
+2 5
+5 1
-5 1
+5 1
-5 1
+5 1
-5 2
+5 1
+7 1
-7 4
+7 1
+1 3
+6 1
-6 4
+6 1
fi=(17) ./elf/../sysdeps/unix/sysv/linux/x86/dl-minsigstacksize.h
24 2
+3 2
+1 2
+37 3
+7 1
+2 1
fe=(16)
384 2

fl=(78)
fn=(272)
194 10
+14 5
-14 45
+16 5
-16 10
+14 5
+2 10
+3 5
-1 5
+1 10
+19 10
+6 25
-34 8
+38 8
+7 16
fi=(6)
71 14
+6 8
+4 6
+14 2
-8 2
+8 4
+20 4
+4 10
-2 4
fe=(78)
288 205
-83 2
fi=(6)
474 8
fe=(78)
205 4
+83 4
fi=(5)
49 2
fe=(78)
288 2
fi=(5)
60 2
-11 4
+11 4
fe=(78)
288 3
-83 3
fi=(6)
474 12
fe=(78)
205 6
+83 6
fi=(5)
49 3
fe=(78)
288 3
fi=(5)
60 3
-11 6
+11 6
fe=(78)
288 10
fi=(5)
49 5
fe=(78)
288 5
fi=(5)
60 5
-11 10
+11 10
-7 2
-1 2
+11 16
fi=(6)
545 48
+4 48
+3 72
+1 24
fi=(5)
63 72
+2 324
+2 171
-4 171
+13 12
+1 16
+1 114
fi=(6)
545 57
+34 114
+2 57
cob=(4)
cfi=(134)
cfn=(476)
calls=1 27 
* 9
cob=(4)
cfi=(146)
cfn=(472)
calls=1 26 
* 9
cob=(4)
cfi=(145)
cfn=(468)
calls=1 27 
* 9
cob=(4)
cfi=(142)
cfn=(464)
calls=1 27 
* 8
cob=(4)
cfi=(144)
cfn=(462)
calls=1 49 
* 6
cob=(4)
cfi=(143)
cfn=(458)
calls=1 26 
* 9
cob=(4)
cfi=(142)
cfn=(454)
calls=1 35 
* 8
cob=(4)
cfi=(141)
cfn=(450)
calls=1 27 
* 9
cob=(4)
cfi=(140)
cfn=(446)
calls=1 27 
* 9
cob=(4)
cfi=(138)
cfn=(442)
calls=1 27 
* 8
cob=(4)
cfi=(137)
cfn=(438)
calls=1 30 
* 9
cob=(4)
cfi=(136)
cfn=(434)
calls=1 26 
* 9
cob=(4)
cfi=(135)
cfn=(430)
calls=1 27 
* 9
cob=(4)
cfi=(134)
cfn=(426)
calls=1 34 
* 9
cob=(4)
cfi=(133)
cfn=(422)
calls=1 27 
* 9
cob=(4)
cfi=(131)
cfn=(418)
calls=1 27 
* 9
cob=(4)
cfi=(129)
cfn=(414)
calls=1 26 
* 9
cob=(3)
cfi=(128)
cfn=(408)
calls=1 31 
* 23
cob=(3)
cfi=(127)
cfn=(406)
calls=1 31 
* 7
cob=(3)
cfi=(126)
cfn=(402)
calls=1 33 
* 22
cob=(3)
cfi=(125)
cfn=(400)
calls=1 29 
* 7
cob=(3)
cfi=(123)
cfn=(396)
calls=1 29 
* 23
cob=(3)
cfi=(122)
cfn=(392)
calls=1 33 
* 17
cob=(3)
cfi=(120)
cfn=(388)
calls=1 29 
* 22
cob=(3)
cfi=(119)
cfn=(384)
calls=1 29 
* 17
cob=(3)
cfi=(118)
cfn=(380)
calls=1 29 
* 21
cob=(3)
cfi=(117)
cfn=(378)
calls=1 31 
* 7
cob=(3)
cfi=(116)
cfn=(374)
calls=1 29 
* 17
cob=(3)
cfi=(115)
cfn=(370)
calls=1 31 
* 21
cob=(3)
cfi=(114)
cfn=(366)
calls=1 29 
* 21
cob=(3)
cfi=(112)
cfn=(362)
calls=2 31 
* 38
cob=(3)
cfi=(110)
cfn=(358)
calls=1 29 
* 22
cob=(3)
cfi=(109)
cfn=(356)
calls=1 31 
* 7
cob=(3)
cfi=(108)
cfn=(352)
calls=1 29 
* 17
cob=(3)
cfi=(107)
cfn=(350)
calls=1 43 
* 7
cob=(3)
cfi=(106)
cfn=(348)
calls=1 29 
* 7
cob=(3)
cfi=(105)
cfn=(346)
calls=1 31 
* 7
cob=(3)
cfi=(104)
cfn=(344)
calls=1 66 
* 17
cob=(3)
cfi=(102)
cfn=(340)
calls=2 31 
* 46
cob=(3)
cfi=(100)
cfn=(336)
calls=1 31 
* 17
cob=(3)
cfi=(99)
cfn=(332)
calls=1 30 
* 21
cob=(3)
cfi=(98)
cfn=(328)
calls=2 29 
* 44
cob=(3)
cfi=(97)
cfn=(324)
calls=1 28 
* 21
cob=(3)
cfi=(96)
cfn=(322)
calls=1 61 
* 19
cob=(3)
cfi=(94)
cfn=(318)
calls=2 31 
* 42
cob=(3)
cfi=(92)
cfn=(314)
calls=1 29 
* 22
cob=(3)
cfi=(91)
cfn=(310)
calls=1 29 
* 19
cob=(3)
cfi=(89)
cfn=(306)
calls=1 29 
* 24
cob=(3)
cfi=(87)
cfn=(302)
calls=1 29 
* 19
cob=(3)
cfi=(86)
cfn=(300)
calls=1 65 
* 17
cob=(3)
cfi=(85)
cfn=(298)
calls=1 29 
* 7
cob=(3)
cfi=(83)
cfn=(294)
calls=2 31 
* 42
-36 57
+37 57
fi=(5)
77 173
fe=(78)
288 40
+3 30
+24 5
+3 10
+17 15
+2 40
-98 10
+3 2
+7 4
-9 2
fi=(5)
86 16
+2 16
+12 8
-14 32
+14 16
+10 12
+3 16
+1 4
fi=(6)
529 4
fi=(5)
114 4
fi=(6)
529 8
fi=(5)
114 1200
fi=(6)
529 1200
fi=(5)
114 1200
fi=(6)
529 2400
+5 2408
+1 1204
fi=(5)
113 1204
fi=(6)
535 1204
-5 1204
fi=(5)
113 2408
+7 32
+4 24
+2 12
-73 4
fi=(6)
484 4
fi=(5)
52 4
fi=(6)
484 8
fi=(5)
128 8
+1 4
+1 4
-2 4
+2 4
+3 4
-5 4
+2 4
-2 4
+1 8
+2 4
-2 4
+2 12
+2 8
-5 238
+1 119
+1 119
-2 119
+2 119
+3 119
-5 119
+2 119
-2 119
+1 238
+2 119
-2 119
+2 357
+2 238
+9 121
fi=(6)
262 242
+21 242
+4 242
+7 484
fi=(4)
138 315
fi=(6)
294 4050
cfi=(79)
cfn=(280)
calls=102 840 
* 61962
* 918
+2 315
+30 724
450 306
fi=(5)
145 342
-19 369
+32 20
+1 6
fi=(6)
294 2
+22 2
-22 4
fi=(5)
160 6
+3 2
+4 2
-4 2
+4 4
-2 2
-2 2
+2 2
+1 2
-1 4
fi=(6)
294 8
508 2
-1 4
+1 4
+1 2
cfi=(15)
cfn=(502)
calls=1 71 
* 6
cob=(3)
cfi=(81)
cfn=(290)
calls=1 86 
* 28
+1 2
fi=(5)
159 2
fi=(6)
510 2
fi=(5)
159 8
-14 3
+1 51
fi=(6)
490 3
+5 2
-1 3
+1 2
-1 1
cfi=(29)
cfn=(80)
calls=1 212 
* 11
+2 4
+1 1
-75 54
+4 72
+5 18
+9 18
-9 36
+9 18
fi=(5)
145 68
fi=(6)
296 163
+3 115
-3 115
+3 230
+2 5
+3 2
+1 3
+11 2
+7 1
cob=(3)
cfi=(86)
cfn=(300)
calls=1 65 
* 17
* 3
+3 2
fi=(5)
135 10
+3 2
fi=(6)
296 99
+3 99
-3 214
+3 4
fi=(5)
50 10
fe=(78)
308 14
fi=(6)
-14 29
fe=(78)
+49 25
+3 5
-3 5
+3 5
+4 10
+1 20
cfi=(72)
cfn=(236)
calls=5 117 
* 30
* 10
-63 6
fi=(5)
53 2
175 7
+2 2
+1 2
-1 1
+3 1
-3 4
+3 2
-3 10
+1 10
-1 5
+3 5
-3 20
+3 10
+8 6
fi=(6)
+74 12
+21 12
+4 12
+7 24
fi=(4)
138 18
fi=(6)
294 204
cfi=(79)
cfn=(280)
calls=6 840 
* 3515
* 54
+2 18
+30 36
450 12
fi=(5)
191 18
-16 18
+30 4
fi=(6)
+91 2
+3 2
-3 2
+3 4
-3 2
+3 2
-3 4
fe=(78)

fl=(14)
fn=(28)
35 1
+1 3
+1 2
+6 1
+1 1

fl=(153)
fn=(504)
27 1
+2 2
-2 1
+6 3
-6 1
+6 3
-6 1
+6 1
cfi=(152)
cfn=(500)
calls=1 +41 
* 177
+4 2
+2 4
+2 1
-1 1
+1 2
-1 1
cob=(3)
cfi=(154)
cfn=(506)
calls=1 -7 
* 1152

fl=(159)
fn=(522)
67 2
+5 2
+3 2
+2 2
+10 2
+6 2
+1 2
+1 2
+1 2
+1 2
+1 2
+1 2
+4 2
+1 2
+3 2
+1 2
+2 2
+1 2
+1 2
+1 2
+1 2
+1 2
+2 2
+7 2
+1 2
+1 2
cfi=(160)
cfn=(524)
calls=2 -80 
* 1643
+1 2
+5 2
+1 2
+1 2
+2 2
+1 2
+1 2
+1 2
+1 2
+1 2
+1 2
+2 2
+2 2
+4 2
+2 2

fl=(67)
fn=(220)
28 20
+1 40
cfi=(59)
cfn=(192)
calls=10 153 
* 98

fl=(148)
fn=(484)
95 10
+1 10
+1 5
+6 25
+1 145
+1 100
+2 15
+5 5

fl=(151)
fn=(498)
30 2
+10 3
-10 1
+10 2
-10 1
+7 1
+3 2
cfi=(152)
cfn=(500)
calls=1 +34 
* 175
+4 2
+1 8
+2 3
-2 1
+2 3
cfi=(152)
cfn=(500)
calls=1 +27 
* 198
+4 2
+1 6
+1 2
-1 1
+1 2

totals: 9796395127
